1 1 0.11217731533702896
1 2 0.10321217047942013
1 3 0.09486256678840198
1 4 0.08712850426397441
1 5 0.08000998290613742
1 6 0.07350700271489106
1 7 0.06761956369023536
1 8 0.06234766583217023
1 9 0.05769130914069572
1 10 0.053650493615811846
1 11 0.05022521925751856
1 12 0.047415486065815894
1 13 0.045221294040703845
1 14 0.04364264318218241
1 15 0.04267953349025158
1 16 0.04233196496491137
1 17 0.042599937606161764
1 18 0.0434834514140028
1 19 0.044982506388434415
1 20 0.047097102529456654
1 21 0.049827239837069534
1 22 0.053172918311273
1 23 0.05713413795206708
1 24 0.06171089875945178
1 25 0.0669032007334271
2 1 0.13331821705016536
2 2 0.12260476307961687
2 3 0.11252857424861185
2 4 0.10308965055715023
2 5 0.094287992005232
2 6 0.08612359859285723
2 7 0.07859647032002583
2 8 0.07170660718673784
2 9 0.06545400919299328
2 10 0.059838676338792134
2 11 0.054860608624134416
2 12 0.05051980604902008
2 13 0.04681626861344915
2 14 0.043749996317421644
2 15 0.041320989160937543
2 16 0.03952924714399685
2 17 0.038374770266599585
2 18 0.03785755852874573
2 19 0.037977611930435265
2 20 0.03873493047166824
2 21 0.0401295141524446
2 22 0.04216136297276437
2 23 0.04483047693262757
2 24 0.04813685603203418
2 25 0.0520805002709842
3 1 0.16350301124926184
3 2 0.15030609679118373
3 3 0.13779786635683186
3 4 0.12597831994620634
3 5 0.11484745755930713
3 6 0.10440527919613425
3 7 0.0946517848566877
3 8 0.08558697454096742
3 9 0.07721084824897351
3 10 0.06952340598070592
3 11 0.06252464773616466
3 12 0.0562145735153497
3 13 0.05059318331826105
3 14 0.04566047714489875
3 15 0.041416454995262746
3 16 0.037861116869353076
3 17 0.03499446276716974
3 18 0.03281649268871269
3 19 0.031327206633981995
3 20 0.03052660460297761
3 21 0.03041468659569955
3 22 0.030991452612147776
3 23 0.03225690265232238
3 24 0.03421103671622325
3 25 0.03685385480385048
4 1 0.19471757512570936
4 2 0.17896423887392696
4 3 0.16397164440970272
4 4 0.14973979173303675
4 5 0.13626868084392887
4 6 0.12355831174237926
4 7 0.11160868442838788
4 8 0.10041979890195457
4 9 0.08999165516307948
4 10 0.08032425321176262
4 11 0.0714175930480039
4 12 0.06327167467180335
4 13 0.05588649808316102
4 14 0.04926206328207686
4 15 0.04339837026855095
4 16 0.03829541904258315
4 17 0.033953209604173556
4 18 0.030371741953322134
4 19 0.027551016090028923
4 20 0.025491032014293914
4 21 0.02419178972611703
4 22 0.02365328922549838
4 23 0.023875530512437924
4 24 0.02485851358693565
4 25 0.026602238448991514
5 1 0.2482025848450439
5 2 0.2280889853818094
5 3 0.20889185303687677
5 4 0.19061118781024597
5 5 0.1732469897019169
5 6 0.15679925871188963
5 7 0.14126799484016417
5 8 0.12665319808674053
5 9 0.11295486845161862
5 10 0.10017300593479855
5 11 0.08830761053628028
5 12 0.0773586822560638
5 13 0.06732622109414912
5 14 0.05821022705053618
5 15 0.05001070012522509
5 16 0.042727640318215826
5 17 0.0363610476295083
5 18 0.030910922059102543
5 19 0.02637726360699865
5 20 0.022760072273196468
5 21 0.02005934805769615
5 22 0.018275090960497564
5 23 0.017407300981600867
5 24 0.017455978121005827
5 25 0.018421122378712684
6 1 0.3441441717311463
6 2 0.3162521052692224
6 3 0.2896249572338693
6 4 0.26426272762508674
6 5 0.24016541644287487
6 6 0.2173330236872335
6 7 0.19576554935816287
6 8 0.17546299345566288
6 9 0.15642535597973356
6 10 0.13865263693037477
6 11 0.12214483630758668
6 12 0.10690195411136916
6 13 0.09292399034172236
6 14 0.08021094499864613
6 15 0.06876281808214066
6 16 0.05857960959220565
6 17 0.049661319528841265
6 18 0.0420079478920477
6 19 0.03561949468182471
6 20 0.030495959898172293
6 21 0.026637343541090562
6 22 0.0240436456105794
6 23 0.02271486610663871
6 24 0.022651005029269065
6 25 0.023852062378469787
7 1 0.5134046066876599
7 2 0.4718711282425144
7 3 0.4323481676184191
7 4 0.39483572481537416
7 5 0.35933379983337926
7 6 0.3258423926724344
7 7 0.2943615033325401
7 8 0.2648911318136956
7 9 0.2374312781159014
7 10 0.2119819422391573
7 11 0.18854312418346347
7 12 0.16711482394881985
7 13 0.1476970415352264
7 14 0.13028977694268304
7 15 0.11489303017118979
7 16 0.10150680122074682
7 17 0.09013109009135394
7 18 0.08076589678301146
7 19 0.07341122129571886
7 20 0.06806706362947659
7 21 0.06473342378428434
7 22 0.06341030176014262
7 23 0.06409769755705058
7 24 0.06679561117500879
7 25 0.07150404261401752
8 1 0.8754197723338776
8 2 0.8048920370403947
8 3 0.7382622975045765
8 4 0.6755305537264233
8 5 0.6166968057059349
8 6 0.5617610534431117
8 7 0.5107232969379532
8 8 0.46358353619045956
8 9 0.4203417712006307
8 10 0.3809980019684667
8 11 0.34555222849396783
8 12 0.3140044507771338
8 13 0.2863546688179647
8 14 0.2626028826164603
8 15 0.24274909217262103
8 16 0.22679329748644622
8 17 0.21473549855793672
8 18 0.2065756953870919
8 19 0.20231388797391203
8 20 0.20195007631839715
8 21 0.20548426042054665
8 22 0.21291644028036155
8 23 0.22424661589784164
8 24 0.23947478727298632
8 25 0.2586009544057949
9 1 1.4966842723850582
9 2 1.3766744135595417
9 3 1.2642451362883051
9 4 1.1593964405713477
9 5 1.0621283264086694
9 6 0.9724407938002716
9 7 0.8903338427461531
9 8 0.8158074732463132
9 9 0.7488616853007535
9 10 0.6894964789094735
9 11 0.6377118540724728
9 12 0.5935078107897519
9 13 0.5568843490613097
9 14 0.5278414688871478
9 15 0.5063791702672651
9 16 0.4924974532016615
9 17 0.48619631769033905
9 18 0.4874757637332934
9 19 0.49633579133052946
9 20 0.5127764004820461
9 21 0.5367975911878393
9 22 0.5683993634479126
9 23 0.6075817172622667
9 24 0.6543446526309014
9 25 0.7086881695538119
10 1 2.35716996931848
10 2 2.1689009084128097
10 3 1.9937573070274002
10 4 1.8317391651622552
10 5 1.6828464828173701
10 6 1.5470792599927485
10 7 1.4244374966883886
10 8 1.3149211929042905
10 9 1.2185303486404553
10 10 1.1352649638968817
10 11 1.0651250386735702
10 12 1.0081105729705209
10 13 0.9642215667877336
10 14 0.933458020125209
10 15 0.9158199329829455
10 16 0.9113073053609456
10 17 0.9199201372592064
10 18 0.9416584286777304
10 19 0.9765221796165167
10 20 1.0245113900755631
10 21 1.085626060054874
10 22 1.1598661895544458
10 23 1.24723177857428
10 24 1.3477228271143764
10 25 1.4613393351747337
11 1 3.342101154858099
11 2 3.0759129559013503
11 3 2.829537731437232
11 4 2.602975481465743
11 5 2.3962262059868844
11 6 2.2092899050006554
11 7 2.0421665785070573
11 8 1.894856226506088
11 9 1.7673588489977488
11 10 1.659674445982039
11 11 1.5718030174589608
11 12 1.503744563428512
11 13 1.455499083890692
11 14 1.4270665788455021
11 15 1.4184470482929434
11 16 1.429640492233013
11 17 1.4606469106657138
11 18 1.5114663035910436
11 19 1.5820986710090035
11 20 1.6725440129195956
11 21 1.7828023293228135
11 22 1.9128736202186634
11 23 2.062757885607145
11 24 2.232455125488251
11 25 2.421965339861995
12 1 4.549206404505774
12 2 4.187709742785431
12 3 3.854523050921998
12 4 3.54964632891548
12 5 3.2730795767658765
12 6 3.024822794473185
12 7 2.804875982037409
12 8 2.6132391394585457
12 9 2.4499122667365962
12 10 2.3148953638715604
12 11 2.208188430863437
12 12 2.12979146771223
12 13 2.0797044744179347
12 14 2.057927450980553
12 15 2.064460397400085
12 16 2.0993033136765296
12 17 2.1624561998098883
12 18 2.253919055800164
12 19 2.373691881647348
12 20 2.521774677351452
12 21 2.6981674429124647
12 22 2.9028701783303936
12 23 3.1358828836052357
12 24 3.397205558736988
12 25 3.6868382037256566
13 1 5.820878035992058
13 2 5.359125794692958
13 3 4.934877522301014
13 4 4.548133218816225
13 5 4.198892884238588
13 6 3.887156518568103
13 7 3.6129241218047756
13 8 3.3761956939486018
13 9 3.1769712349995816
13 10 3.015250744957713
13 11 2.8910342238230005
13 12 2.804321671595441
13 13 2.7551130882750368
13 14 2.743408473861786
13 15 2.769207828355688
13 16 2.832511151756742
13 17 2.933318444064956
13 18 3.0716297052803205
13 19 3.2474449354028403
13 20 3.4607641344325164
13 21 3.7115873023693355
13 22 3.999914439213314
13 23 4.325745544964456
13 24 4.689080619622743
13 25 5.089919663188185
14 1 7.245066731255677
14 2 6.671168596864011
14 3 6.145286231072809
14 4 5.667419633882074
14 5 5.237568805291799
14 6 4.855733745301993
14 7 4.521914453912648
14 8 4.236110931123769
14 9 3.998323176935353
14 10 3.808551191347405
14 11 3.666794974359916
14 12 3.5730545259728967
14 13 3.527329846186338
14 14 3.529620935000247
14 15 3.5799277924146184
14 16 3.678250418429454
14 17 3.8245888130447545
14 18 4.018942976260518
14 19 4.261312908076748
14 20 4.551698608493442
14 21 4.890100077510605
14 22 5.276517315128228
14 23 5.710950321346311
14 24 6.193399096164866
14 25 6.723863639583873
15 1 8.812535629640825
15 2 8.115335978774963
15 3 7.477925333305541
15 4 6.900303693232554
15 5 6.382471058556005
15 6 5.924427429275896
15 7 5.526172805392228
15 8 5.1877071869049995
15 9 4.909030573814208
15 10 4.690142966119853
15 11 4.531044363821939
15 12 4.4317347669204645
15 13 4.392214175415427
15 14 4.412482589306827
15 15 4.49254000859467
15 16 4.63238643327895
15 17 4.83202186335967
15 18 5.091446298836828
15 19 5.410659739710427
15 20 5.789662185980463
15 21 6.22845363764693
15 22 6.7270340947098415
15 23 7.285403557169201
15 24 7.90356202502499
15 25 8.581509498277235
16 1 10.551039911462405
16 2 9.717210842397746
16 3 8.95643164705841
16 4 8.2687023254444
16 5 7.6540228775557075
16 6 7.112393303392341
16 7 6.643813602954299
16 8 6.248283776241576
16 9 5.925803823254183
16 10 5.676373743992108
16 11 5.499993538455357
16 12 5.396663206643931
16 13 5.366382748557825
16 14 5.409152164197049
16 15 5.5249714535615935
16 16 5.713840616651464
16 17 5.975759653466645
16 18 6.310728564007158
16 19 6.718747348272992
16 20 7.19981600626415
16 21 7.753934537980637
16 22 8.381102943422457
16 23 9.081321222589574
16 24 9.854589375482025
16 25 10.700907402099801
17 1 12.245549787946802
17 2 11.278657542961941
17 3 10.397915289586754
17 4 9.603323027821249
17 5 8.894880757665408
17 6 8.272588479119248
17 7 7.736446192182756
17 8 7.286453896855937
17 9 6.922611593138793
17 10 6.644919281031319
17 11 6.453376960533522
17 12 6.347984631645396
17 13 6.328742294366946
17 14 6.395649948698159
17 15 6.548707594639055
17 16 6.787915232189622
17 17 7.113272861349862
17 18 7.524780482119771
17 19 8.022438094499359
17 20 8.606245698488621
17 21 9.27620329408754
17 22 10.032310881296159
17 23 10.874568460114425
17 24 11.802976030542371
17 25 12.817533592580018
18 1 14.158776671819655
18 2 13.041760456067648
18 3 12.02586886758179
18 4 11.111101906362068
18 5 10.297459572408485
18 6 9.584941865721051
18 7 8.973548786299759
18 8 8.463280334144605
18 9 8.054136509255596
18 10 7.746117311632732
18 11 7.539222741276009
18 12 7.433452798185427
18 13 7.428807482360998
18 14 7.525286793802697
18 15 7.7228907325105505
18 16 8.021619298484541
18 17 8.421472491724673
18 18 8.922450312230954
18 19 9.52455276000338
18 20 10.22777983504194
18 21 11.032131537346634
18 22 11.937607866917482
18 23 12.94420882375448
18 24 14.051934407857622
18 25 15.260784619226897
19 1 16.039243443647155
19 2 14.77478257624702
19 3 13.626339452609535
19 4 12.593914072734705
19 5 11.677506436622526
19 6 10.877116544273006
19 7 10.19274439568614
19 8 9.624389990861923
19 9 9.172053329800367
19 10 8.835734412501465
19 11 8.615433238965217
19 12 8.51114980919162
19 13 8.522884123180681
19 14 8.650636180932402
19 15 8.894405982446768
19 16 9.2541935277238
19 17 9.72999881676348
19 18 10.321821849565795
19 19 11.029662626130799
19 20 11.85352114645844
19 21 12.793397410548753
19 22 13.849291418401705
19 23 15.021203170017316
19 24 16.30913266539558
19 25 17.713079904536503
20 1 17.76616406507452
20 2 16.36638865610051
20 3 15.09645402693783
20 4 13.956360177586474
20 5 12.94610710804644
20 6 12.06569481831773
20 7 11.315123308400345
20 8 10.694392578294277
20 9 10.203502627999542
20 10 9.842453457516125
20 11 9.611245066844036
20 12 9.50987745598327
20 13 9.538350624933823
20 14 9.696664573695701
20 15 9.98481930226891
20 16 10.402814810653439
20 17 10.950651098849287
20 18 11.628328166856468
20 19 12.435846014674963
20 20 13.373204642304792
20 21 14.440404049745936
20 22 15.637444236998421
20 23 16.96432520406219
20 24 18.421046950937317
20 25 20.00760947762375
21 1 19.541569944017454
21 2 18.00277056147813
21 3 16.608167308173332
21 4 15.357760184103057
21 5 14.251549189267305
21 6 13.289534323666087
21 7 12.471715587299377
21 8 11.798092980167205
21 9 11.268666502269548
21 10 10.88343615360642
21 11 10.642401934177816
21 12 10.54556384398373
21 13 10.592921883024179
21 14 10.784476051299139
21 15 11.120226348808615
21 16 11.60017277555265
21 17 12.224315331531177
21 18 12.992654016744256
21 19 13.905188831191833
21 20 14.96191977487395
21 21 16.162846847790583
21 22 17.507970049941758
21 23 18.997289381327427
21 24 20.630804841947636
21 25 22.408516431802358
22 1 21.237156482456097
22 2 19.56567007272442
22 3 18.05222910600593
22 4 16.696833582300645
22 5 15.499483501608548
22 6 14.460178863929654
22 7 13.578919669263957
22 8 12.855705917611452
22 9 12.290537608972146
22 10 11.883414743346034
22 11 11.63433732073312
22 12 11.543305341133404
22 13 11.61031880454688
22 14 11.835377710973566
22 15 12.21848206041343
22 16 12.759631852866509
22 17 13.458827088332766
22 18 14.316067766812212
22 19 15.33135388830489
22 20 16.504685452810754
22 21 17.836062460329785
22 22 19.325484910862034
22 23 20.972952804407466
22 24 22.7784661409661
22 25 24.742024920537922
23 1 22.994593528098093
23 2 21.185674189928296
23 3 19.54930623585871
23 4 18.085489665889334
23 5 16.79422448002015
23 6 15.675510678251193
23 7 14.729348260582421
23 8 13.955737227013858
23 9 13.354677577545518
23 10 12.926169312177372
23 11 12.67021243090943
23 12 12.586806933741698
23 13 12.675952820674175
23 14 12.937650091706853
23 15 13.371898746839738
23 16 13.978698786072828
23 17 14.758050209406123
23 18 15.709953016839641
23 19 16.834407208373346
23 20 18.13141278400725
23 21 19.600969743741356
23 22 21.243078087575697
23 23 23.057737815510226
23 24 25.044948927544972
23 25 27.204711423679907
24 1 24.717725594582774
24 2 22.77415751557841
24 3 21.01752685502511
24 4 19.44783361292286
24 5 18.065077789271694
24 6 16.86925938407159
24 7 15.860378397322563
24 8 15.03843482902459
24 9 14.403428679177688
24 10 13.955359947781862
24 11 13.694228634837097
24 12 13.620034740343407
24 13 13.732778264300775
24 14 14.032459206709227
24 15 14.51907756756873
24 16 15.1926333468793
24 17 16.05312654464094
24 18 17.10055716085365
24 19 18.334925195517428
24 20 19.756230648632286
24 21 21.364473520198203
24 22 23.159653810215165
24 23 25.141771518683225
24 24 27.310826645602322
24 25 29.666819190972525
25 1 26.327276991268207
25 2 24.258038439209162
25 3 22.389340501893265
25 4 20.721183179320498
25 5 19.253566471490867
25 6 17.986490378404365
25 7 16.919954900061008
25 8 16.05396003646078
25 9 15.388505787603691
25 10 14.923592153489738
25 11 14.659219134118926
25 12 14.59538672949124
25 13 14.732094939606696
25 14 15.069343764465303
25 15 15.607133204067042
25 16 16.345463258411886
25 17 17.284333927499905
25 18 18.42374521133103
25 19 19.76369710990528
25 20 21.304189623222722
25 21 23.045222751283287
25 22 24.98679649408694
25 23 27.128910851633776
25 24 29.471565823923704
25 25 32.01476141095679
26 1 27.872368718624816
26 2 25.682602934981336
26 3 23.7066136597495
26 4 21.944400892929323
26 5 20.39596463452079
26 6 19.06130488452392
26 7 17.940421642938706
26 8 17.033314909765146
26 9 16.33998468500324
26 10 15.86043096865298
26 11 15.594653760714381
26 12 15.542653061187448
26 13 15.704428870072142
26 14 16.07998118736851
26 15 16.66931001307653
26 16 17.472415347196208
26 17 18.48929718972754
26 18 19.719955540670504
26 19 21.16439040002515
26 20 22.822601767791447
26 21 24.694589643969394
26 22 26.780354028559
26 23 29.079894921560268
26 24 31.593212322973166
26 25 34.320306232797705
27 1 29.30202341061241
27 2 27.00085427267483
27 3 24.92590008433155
27 4 23.07716084558256
27 5 21.454636556427864
27 6 20.05832721686747
27 7 18.88823282690138
27 8 17.944353386529585
27 9 17.22668889575207
27 10 16.735239354568865
27 11 16.470004762979947
27 12 16.430985120985337
27 13 16.618180428585
27 14 17.031590685778983
27 15 17.671215892567247
27 16 18.53705604894983
27 17 19.62911115492669
27 18 20.94738121049782
27 19 22.491866215663286
27 20 24.262566170423028
27 21 26.259481074777128
27 22 28.482610928725446
27 23 30.931955732268058
27 24 33.607515485405
27 25 36.50929018813622
28 1 30.668949731578284
28 2 28.261405823291028
28 3 26.09219563272778
28 4 24.161319159888535
28 5 22.468776404773283
28 6 21.01456736738201
28 7 19.79869204771473
28 8 18.82115044577144
28 9 18.081942561552143
28 10 17.581068395056842
28 11 17.318527946285535
28 12 17.294321215238227
28 13 17.5084482019149
28 14 17.960908906315556
28 15 18.65170332844021
28 16 19.58083146828887
28 17 20.748293325861514
28 18 22.154088901158133
28 19 23.798218194178748
28 20 25.680681204923378
28 21 27.801477933392004
28 22 30.160608379584588
28 23 32.75807254350118
28 24 35.59387042514176
28 25 38.66800202450637
29 1 31.847761325051753
29 2 29.348637662305496
29 3 27.0985493479421
29 4 25.097496381961538
29 5 23.345478764363815
29 6 21.84249649514895
29 7 20.58854957431693
29 8 19.583638001867754
29 9 18.827761777801417
29 10 18.320920902117926
29 11 18.06311537481728
29 12 18.054345195899472
29 13 18.294610365364527
29 14 18.78391088321241
29 15 19.522246749443152
29 16 20.509617964056737
29 17 21.746024527053173
29 18 23.23146643843242
29 19 24.96594369819454
29 20 26.949456306339524
29 21 29.182004262867313
29 22 31.663587567777952
29 23 34.39420622107146
29 24 37.37386022274776
29 25 40.60254957280696
30 1 32.785924882420694
30 2 30.214074903450808
30 3 27.900031192086725
30 4 25.84379374832843
30 5 24.045362572175943
30 6 22.504737663629218
30 7 21.221919022688333
30 8 20.19690664935321
30 9 19.42970054362389
30 10 18.920300705500363
30 11 18.66870713498264
30 12 18.6749198320707
30 13 18.938938796764578
30 14 19.46076402906423
30 15 20.240395528969678
30 16 21.2778332964809
30 17 22.573077331597958
30 18 24.12612763432081
30 19 25.936984204649416
30 20 28.00564704258382
30 21 30.332116148124086
30 22 32.91639152127006
30 23 35.75847316202189
30 24 38.858361070379466
30 25 42.21605524634286
31 1 33.57388499440103
31 2 30.94113531064622
31 3 28.573852626004967
31 4 26.472036940477285
31 5 24.635688254063115
31 6 23.064806566762506
31 7 21.75939187857544
31 8 20.719444189501928
31 9 19.94496349954197
31 10 19.435949808695543
31 11 19.192403116962677
31 12 19.21432342434336
31 13 19.501710730837566
31 14 20.054565036445354
31 15 20.872886341166677
31 16 21.95667464500153
31 17 23.305929947949966
31 18 24.920652250011926
31 19 26.800841551187414
31 20 28.94649785147646
31 21 31.35762115087911
31 22 34.034211449395215
31 23 36.97626874702492
31 24 40.18379304376816
31 25 43.656784339624956
32 1 34.186493905341926
32 2 31.506622180484186
32 3 29.098535466911642
32 4 26.962233764624262
32 5 25.097717073622047
32 6 23.504985393904967
32 7 22.184038725473076
32 8 21.134877068326354
32 9 20.357500422464785
32 10 19.851908787888384
32 11 19.61810216459715
32 12 19.65608055259108
32 13 19.96584395187017
32 14 20.547392362434444
32 15 21.400725784283857
32 16 22.52584421741844
32 17 23.922747661838194
32 18 25.59143611754311
32 19 27.53190958453315
32 20 29.744168062808416
32 21 32.22821155236883
32 22 34.98404005321443
32 23 38.01165356534517
32 24 41.31105208876106
32 25 44.88223562346219
33 1 34.60178353731811
33 2 31.890244380582907
33 3 29.455218308185895
33 4 27.296705320127053
33 5 25.414705416406402
33 6 23.809218597023936
33 7 22.48024486197964
33 8 21.42778421127351
33 9 20.65183664490558
33 10 20.152402162875827
33 11 19.92948076518426
33 12 19.98307245183087
33 13 20.313177222815654
33 14 20.919795078138623
33 15 21.802926017799777
33 16 22.9625700417991
33 17 24.39872715013662
33 18 26.1113973428123
33 19 28.100580619826165
33 20 30.36627698117824
33 21 32.908486426868464
33 22 35.727208956896845
33 23 38.822444571263446
33 24 42.19419326996819
33 25 45.842455053011214
34 1 34.84380915565884
34 2 32.114220357637
34 3 29.664552607214624
34 4 27.494805904391725
34 5 25.604980249168253
34 6 23.995075641544258
34 7 22.66509208151972
34 8 21.61502956909463
34 9 20.844888104269014
34 10 20.354667687042845
34 11 20.14436831741614
34 12 20.21398999538889
34 13 20.56353272096111
34 14 21.19299649413278
34 15 22.102381314903933
34 16 23.291687183274483
34 17 24.76091409924455
34 18 26.510062062814004
34 19 28.539131073983047
34 20 30.8481211327514
34 21 33.43703223911928
34 22 36.305864393086644
34 23 39.45461759465342
34 24 42.88329184381967
34 25 46.591887140585484
35 1 34.8925267047323
35 2 32.16007130347902
35 3 29.70945580000028
35 4 27.54068019429606
35 5 25.653744486366325
35 6 24.048648676211133
35 7 22.725392763830445
35 8 21.68397674922428
35 9 20.92440063239262
35 10 20.446664413335487
35 11 20.250768092052866
35 12 20.336711668544762
35 13 20.70449514281117
35 14 21.354118514852075
35 15 22.28558178466753
35 16 23.498884952257484
35 17 24.99402801762195
35 18 26.771010980760945
35 19 28.82983384167445
35 20 31.170496600362448
35 21 33.79299925682498
35 22 36.697341811062046
35 23 39.88352426307356
35 24 43.35154661285971
35 25 47.1014088604203
36 1 34.764666890503904
36 2 32.04306449623764
36 3 29.603620448629073
36 4 27.446334747678208
36 5 25.57120739338505
36 6 23.978238385749574
36 7 22.66742772477183
36 8 21.63877541045176
36 9 20.892281442789404
36 10 20.42794582178475
36 11 20.24576854743779
36 12 20.345749619748535
36 13 20.727889038716963
36 14 21.392186804343112
36 15 22.338642916626966
36 16 23.56725737556851
36 17 25.07803018116774
36 18 26.87096133342468
36 19 28.946050832339353
36 20 31.30329867791168
36 21 33.94270487014172
36 22 36.8642694090295
36 23 40.067992294574914
36 24 43.55387352677806
36 25 47.32191310563896
37 1 34.43113444913094
37 2 31.73658907147402
37 3 29.323016245907855
37 4 27.190415972432437
37 5 25.338788251047756
37 6 23.76813308175383
37 7 22.47845046455064
37 8 21.46974039943822
37 9 20.74200288641653
37 10 20.295237925485587
37 11 20.129445516645397
37 12 20.24462565989596
37 13 20.640778355237224
37 14 21.317903602669272
37 15 22.27600140219209
37 16 23.51507175380561
37 17 25.03511465750989
37 18 26.836130113304932
37 19 28.918118121190705
37 20 31.28107868116723
37 21 33.92501179323447
37 22 36.84991745739253
37 23 40.05579567364128
37 24 43.5426464419808
37 25 47.31046976241108
38 1 33.913337444234756
38 2 31.26024273776146
38 3 28.885388171270208
38 4 26.788773744761034
38 5 24.97039945823391
38 6 23.430265311688853
38 7 22.168371305125863
38 8 21.184717438544915
38 9 20.479303711946045
38 10 20.052130125329214
38 11 19.903196678694453
38 12 20.03250337204176
38 13 20.44005020537113
38 14 21.125837178682538
38 15 22.08986429197602
38 16 23.332131545251567
38 17 24.85263893850916
38 18 26.65138647174883
38 19 28.728374144970562
38 20 31.08360195817429
38 21 33.717069911360134
38 22 36.628778004528044
38 23 39.81872623767806
38 24 43.28691461081002
38 25 47.03334312392414
39 1 33.2525941906364
39 2 30.652073312469636
39 3 28.32579126834985
39 4 26.273748058277008
39 5 24.49594368225114
39 6 22.992378140272226
39 7 21.763051432340273
39 8 20.80796355845528
39 9 20.127114518617258
39 10 19.720504312826186
39 11 19.588132941082087
39 12 19.73000040338495
39 13 20.14610669973476
39 14 20.836451830131548
39 15 21.80103579457527
39 16 23.039858593065986
39 17 24.552920225603646
39 18 26.340220692188264
39 19 28.401759992819834
39 20 30.737538127498375
39 21 33.34755509622389
39 22 36.2318108989964
39 23 39.39030553581578
39 24 42.82303900668216
39 25 46.53001131159549
40 1 32.36775528544762
40 2 29.83738148238281
40 3 27.575473984398414
40 4 25.582032791494452
40 5 23.857057903670935
40 6 22.40054932092785
40 7 21.212507043265195
40 8 20.29293107068298
40 9 19.641821403181194
40 10 19.259178040759824
40 11 19.145000983418907
40 12 19.29929023115842
40 13 19.722045783978373
40 14 20.413267641878733
40 15 21.372955804859554
40 16 22.601110272920785
40 17 24.097731046062435
40 18 25.862818124284594
40 19 27.896371507587133
40 20 30.19839119597005
40 21 32.768877189433496
40 22 35.607829487977334
40 23 38.71524809160161
40 24 42.09113300030627
40 25 45.73548421409145
41 1 31.31997016830351
41 2 28.87245027471114
41 3 26.686221807201715
41 4 24.761284765775265
41 5 23.09763915043177
41 6 21.695284961171254
41 7 20.55422219799369
41 8 19.67445086089911
41 9 19.055970949887477
41 10 18.69878246495882
41 11 18.602885406113117
41 12 18.768279773350397
41 13 19.19496556667063
41 14 19.88294278607383
41 15 20.832211431559983
41 16 22.042771503129128
41 17 23.51462300078123
41 18 25.24776592451631
41 19 27.24220027433429
41 20 29.497926050235296
41 21 32.01494325221923
41 22 34.793251880286185
41 23 37.8328519344361
41 24 41.13374341466899
41 25 44.695926320984775
42 1 30.14533215935489
42 2 27.79052731491571
42 3 25.6886973229159
42 4 23.83984218335546
42 5 22.243961896234364
42 6 20.901056461552635
42 7 19.811125879310282
42 8 18.974170149507277
42 9 18.390189272143633
42 10 18.05918324721935
42 11 17.981152074734425
42 12 18.156095754688884
42 13 18.58401428708269
42 14 19.264907671915857
42 15 20.19877590918837
42 16 21.38561899890027
42 17 22.825436941051528
42 18 24.518229735642134
42 19 26.463997382672083
42 20 28.662739882141462
42 21 31.114457234050175
42 22 33.8191494383982
42 23 36.776816495185635
42 24 39.98745840441244
42 25 43.45107516607852
43 1 28.768397417730082
43 2 26.522118535366246
43 3 24.518813940534
43 4 22.758483633233308
43 5 21.241127613464226
43 6 19.966745881226696
43 7 18.935338436520762
43 8 18.146905279346406
43 9 17.601446409703634
43 10 17.298961827592436
43 11 17.23945153301282
43 12 17.42291552596479
43 13 17.84935380644833
43 14 18.518766374463457
43 15 19.431153230010146
43 16 20.586514373088438
43 17 21.984849803698328
43 18 23.62615952183976
43 19 25.510443527512784
43 20 27.637701820717403
43 21 30.007934401453582
43 22 32.621141269721356
43 23 35.47732242552069
43 24 38.57647786885165
43 25 41.918607599714115
44 1 27.320262913129728
44 2 25.18798720715833
44 3 23.28795173955791
44 4 21.620156510328517
44 5 20.184601519470117
44 6 18.98128676698273
44 7 18.01021225286633
44 8 17.27137797712095
44 9 16.764783939746568
44 10 16.490430140743197
44 11 16.448316580110813
44 12 16.638443257849445
44 13 17.060810173959087
44 14 17.715417328439724
44 15 18.602264721291352
44 16 19.721352352514003
44 17 21.072680222107646
44 18 22.656248330072284
44 19 24.472056676407966
44 20 26.5201052611146
44 21 28.800394084192305
44 22 31.312923145640962
44 23 34.0576924454606
44 24 37.03470198365135
44 25 40.24395176021298
45 1 25.791185818014487
45 2 23.779168134477523
45 3 21.987868042939212
45 4 20.41728554339953
45 5 19.067420635858497
45 6 17.9382733203161
45 7 17.02984359677235
45 8 16.34213146522724
45 9 15.875136925680778
45 10 15.628859978132946
45 11 15.603300622583768
45 12 15.798458859033243
45 13 16.214334687481344
45 14 16.850928107928063
45 15 17.70823912037345
45 16 18.78626772481749
45 17 20.08501392126015
45 18 21.604477709701502
45 19 23.344659090141423
45 20 25.30555806258004
45 21 27.487174627017268
45 22 29.889508783453127
45 23 32.51256053188768
45 24 35.35632987232082
45 25 38.4208168047526
46 1 24.119579437670637
46 2 22.238915653482454
46 3 20.56618992887121
46 4 19.101402263836906
46 5 17.844552658379556
46 6 16.79564111249914
46 7 15.954667626195688
46 8 15.321632199469166
46 9 14.89653483231959
46 10 14.679375524746964
46 11 14.670154276751285
46 12 14.868871088332558
46 13 15.275525959490764
46 14 15.89011889022591
46 15 16.712649880538017
46 16 17.743118930427066
46 17 18.981526039893055
46 18 20.427871208936008
46 19 22.082154437555896
46 20 23.944375725752714
46 21 26.0145350735265
46 22 28.292632480877206
46 23 30.778667947804866
46 24 33.47264147430945
46 25 36.37455306039108
47 1 22.375311375788918
47 2 20.631602293172207
47 3 19.08232108597616
47 4 17.7274677542008
47 5 16.567042297846115
47 6 15.601044716912105
47 7 14.82947501139877
47 8 14.25233318130611
47 9 13.869619226634121
47 10 13.681333147382817
47 11 13.687474943552187
47 12 13.888044615142215
47 13 14.283042162152945
47 14 14.87246758458433
47 15 15.656320882436402
47 16 16.63460205570915
47 17 17.80731110440255
47 18 19.17444802851667
47 19 20.73601282805144
47 20 22.4920055030069
47 21 24.442426053383013
47 22 26.587274479179808
47 23 28.92655078039728
47 24 31.460254957035424
47 25 34.18838700909423
48 1 20.615179956653655
48 2 19.009570316181335
48 3 17.58459339051631
48 4 16.340249179658606
48 5 15.276537683608202
48 6 14.3934589023651
48 7 13.691012835929309
48 8 13.169199484300824
48 9 12.828018847479646
48 10 12.66747092546578
48 11 12.687555718259214
48 12 12.88827322585996
48 13 13.269623448268016
48 14 13.831606385483367
48 15 14.574222037506052
48 16 15.497470404336015
48 17 16.601351485973286
48 18 17.88586528241789
48 19 19.35101179366975
48 20 20.996791019728963
48 21 22.823202960595484
48 22 24.830247616269272
48 23 27.01792498675042
48 24 29.386235072038865
48 25 31.935177872134577
49 1 18.705297090344793
49 2 17.24943021005945
49 3 15.959056504458589
49 4 14.83417597354219
49 5 13.874788617310248
49 6 13.080894435762776
49 7 12.452493428899759
49 8 11.98958559672121
49 9 11.692170939227116
49 10 11.560249456417495
49 11 11.593821148292331
49 12 11.792886014851634
49 13 12.157444056095404
49 14 12.687495272023629
49 15 13.383039662636309
49 16 14.244077227933472
49 17 15.270607967915076
49 18 16.462631882581157
49 19 17.82014897193171
49 20 19.34315923596669
49 21 21.03166267468617
49 22 22.88565928809009
49 23 24.905149076178507
49 24 27.090132038951342
49 25 29.44060817640863
50 1 16.962138742455757
50 2 15.642850130403396
50 3 14.47508785937744
50 4 13.458851929377879
50 5 12.594142340404725
50 6 11.880959092457973
50 7 11.319302185537623
50 8 10.909171619643674
50 9 10.650567394776123
50 10 10.543489510934982
50 11 10.587937968120238
50 12 10.7839127663319
50 13 11.131413905569948
50 14 11.630441385834402
50 15 12.280995207125278
50 16 13.08307536944254
50 17 14.03668187278621
50 18 15.141814717156269
50 19 16.398473902552748
50 20 17.80665942897561
50 21 19.366371296424877
50 22 21.07760950490056
50 23 22.940374054402632
50 24 24.954664944931135
50 25 27.120482176486007
51 1 15.136219732648298
51 2 13.959899701029526
51 3 12.920324784928301
51 4 12.01749498434464
51 5 11.251410299278538
51 6 10.622070729729995
51 7 10.129476275699005
51 8 9.773626937185574
51 9 9.5545227141897
51 10 9.472163606711392
51 11 9.526549614750635
51 12 9.717680738307436
51 13 10.045556977381786
51 14 10.510178331973714
51 15 11.11154480208318
51 16 11.849656387710224
51 17 12.724513088854808
51 18 13.736114905516965
51 19 14.884461837696666
51 20 16.169553885393928
51 21 17.59139104860875
51 22 19.14997332734113
51 23 20.845300721591084
51 24 22.67737323135855
51 25 24.646190856643614
52 1 13.479402735668566
52 2 12.432725343087636
52 3 11.509243526599375
52 4 10.708957286203773
52 5 10.031866621900845
52 6 9.477971533690578
52 7 9.047272021572976
52 8 8.739768085548041
52 9 8.555459725615773
52 10 8.494346941776161
52 11 8.556429734029226
52 12 8.741708102374949
52 13 9.050182046813347
52 14 9.481851567344393
52 15 10.036716663968113
52 16 10.714777336684502
52 17 11.516033585493567
52 18 12.440485410395281
52 19 13.488132811389665
52 20 14.658975788476697
52 21 15.953014341656408
52 22 17.370248470928807
52 23 18.910678176293832
52 24 20.574303457751554
52 25 22.36112431530193
53 1 11.790428424513472
53 2 10.875821592671494
53 3 10.070455773414247
53 4 9.374330966741736
53 5 8.787447172653954
53 6 8.309804391150896
53 7 7.941402622232574
53 8 7.682241865898976
53 9 7.53232212215011
53 10 7.491643390985974
53 11 7.560205672406565
53 12 7.738008966411888
53 13 8.025053273001946
53 14 8.42133859217672
53 15 8.926864923936238
53 16 9.54163226828048
53 17 10.265640625209455
53 18 11.098889994723155
53 19 12.041380376821575
53 20 13.09311177150474
53 21 14.254084178772628
53 22 15.524297598625234
53 23 16.903752031062574
53 24 18.39244747608464
53 25 19.99038393369146
54 1 10.005332232518843
54 2 9.230206220546936
54 3 8.549401921488002
54 4 7.96291933534204
54 5 7.470758462109056
54 6 7.072919301789034
54 7 6.769401854381994
54 8 6.560206119887919
54 9 6.445332098306818
54 10 6.424779789638692
54 11 6.498549193883536
54 12 6.66664031104135
54 13 6.929053141112141
54 14 7.2857876840959
54 15 7.7368439399926325
54 16 8.282221908802338
54 17 8.921921590525015
54 18 9.655942985160666
54 19 10.484286092709283
54 20 11.406950913170872
54 21 12.42393744654544
54 22 13.535245692832977
54 23 14.74087565203347
54 24 16.040827324146967
54 25 17.435100709173415
55 1 8.401280050201912
55 2 7.751382970422193
55 3 7.182231307611428
55 4 6.693825061769627
55 5 6.286164232896779
55 6 5.959248820992886
55 7 5.7130788260579495
55 8 5.547654248091972
55 9 5.4629750870949465
55 10 5.459041343066881
55 11 5.53585301600777
55 12 5.693410105917614
55 13 5.9317126127964155
55 14 6.250760536644177
55 15 6.65055387746089
55 16 7.131092635246556
55 17 7.692376810001183
55 18 8.334406401724769
55 19 9.057181410417309
55 20 9.860701836078801
55 21 10.744967678709257
55 22 11.709978938308657
55 23 12.755735614877034
55 24 13.882237708414353
55 25 15.089485218920625
56 1 6.927449664834853
56 2 6.392510407439083
56 3 5.925674146054671
56 4 5.526940880681621
56 5 5.19631061131993
56 6 4.933783337969604
56 7 4.739359060630636
56 8 4.613037779303033
56 9 4.55481949398679
56 10 4.564704204681912
56 11 4.642691911388391
56 12 4.788782614106235
56 13 5.002976312835436
56 14 5.285273007576003
56 15 5.635672698327934
56 16 6.054175385091224
56 17 6.540781067865872
56 18 7.095489746651884
56 19 7.718301421449256
56 20 8.409216092258001
56 21 9.168233759078095
56 22 9.995354421909564
56 23 10.89057808075238
56 24 11.853904735606566
56 25 12.885334386472111
57 1 5.461517516115869
57 2 5.040796552294362
57 3 4.675405351947417
57 4 4.365343915075035
57 5 4.11061224167722
57 6 3.911210331753967
57 7 3.767138185305278
57 8 3.678395802331155
57 9 3.644983182831595
57 10 3.6669003268066
57 11 3.74414723425617
57 12 3.8767239051803046
57 13 4.064630339579
57 14 4.307866537452259
57 15 4.606432498800085
57 16 4.960328223622472
57 17 5.369553711919429
57 18 5.8341089636909444
57 19 6.353993978937024
57 20 6.929208757657675
57 21 7.559753299852881
57 22 8.245627605522653
57 23 8.986831674667
57 24 9.783365507285891
57 25 10.635229103379354
58 1 4.181023000110273
58 2 3.8599396533022112
58 3 3.582815900423374
58 4 3.3496517414737648
58 5 3.1604471764533812
58 6 3.0152022053622254
58 7 2.913916828200295
58 8 2.8565910449675913
58 9 2.8432248556641144
58 10 2.873818260289864
58 11 2.9483712588448405
58 12 3.066883851329042
58 13 3.22935603774247
58 14 3.4357878180851285
58 15 3.68617919235701
58 16 3.980530160558119
58 17 4.318840722688456
58 18 4.7011108787480165
58 19 5.127340628736798
58 20 5.597529972654823
58 21 6.111678910502061
58 22 6.6697874422785315
58 23 7.271855567984232
58 24 7.917883287619146
58 25 8.607870601183283
59 1 3.104600309716399
59 2 2.867141919351959
59 3 2.6638703882488373
59 4 2.494785716407034
59 5 2.359887903826551
59 6 2.259176950507386
59 7 2.1926528564495404
59 8 2.160315621653013
59 9 2.1621652461178047
59 10 2.198201729843916
59 11 2.2684250728313446
59 12 2.3728352750800927
59 13 2.511432336590161
59 14 2.684216257361547
59 15 2.8911870373942534
59 16 3.132344676688277
59 17 3.40768917524362
59 18 3.7172205330602828
59 19 4.0609387501382646
59 20 4.438843826477565
59 21 4.850935762078177
59 22 5.297214556940123
59 23 5.777680211063376
59 24 6.292332724447953
59 25 6.841172097093846
60 1 2.1519818298950875
60 2 1.9883774241235304
60 3 1.8500652775358128
60 4 1.7370453901319358
60 5 1.6493177619118966
60 6 1.5868823928756963
60 7 1.5497392830233354
60 8 1.5378884323548145
60 9 1.5513298408701337
60 10 1.5900635085692911
60 11 1.6540894354522875
60 12 1.7434076215191228
60 13 1.858018066769799
60 14 1.9979207712043123
60 15 2.1631157348226644
60 16 2.353602957624861
60 17 2.5693824396108926
60 18 2.8104541807807633
60 19 3.0768181811344744
60 20 3.3684744406720237
60 21 3.6854229593934122
60 22 4.027663737298642
60 23 4.39519677438771
60 24 4.7880220706606185
60 25 5.206139626117363
61 1 1.3655730387599563
61 2 1.2627573065427842
61 3 1.1776024451807403
61 4 1.110108454673825
61 5 1.0602753350220384
61 6 1.0281030862253786
61 7 1.013591708283848
61 8 1.0167412011974453
61 9 1.0375515649661713
61 10 1.0760227995900253
61 11 1.132154905069007
61 12 1.2059478814031181
61 13 1.2974017285923571
61 14 1.4065164466367241
61 15 1.53329203553622
61 16 1.6777284952908427
61 17 1.8398258259005944
61 18 2.0195840273654744
61 19 2.2170030996854826
61 20 2.43208304286062
61 21 2.664823856890883
61 22 2.9152255417762793
61 23 3.183288097516796
61 24 3.469011524112448
61 25 3.7723958215632245
62 1 0.7352522539103181
62 2 0.6809317134254711
62 3 0.6377886515253897
62 4 0.6058230682100727
62 5 0.5850349634795207
62 6 0.5754243373337333
62 7 0.576991189772711
62 8 0.5897355207964529
62 9 0.6136573304049601
62 10 0.6487566185982316
62 11 0.6950333853762689
62 12 0.7524876307390703
62 13 0.8211193546866367
62 14 0.9009285572189677
62 15 0.9919152383360631
62 16 1.0940793980379244
62 17 1.2074210363245492
62 18 1.3319401531959398
62 19 1.4676367486520947
62 20 1.6145108226930156
62 21 1.7725623753186988
62 22 1.94179140652915
62 23 2.1221979163243634
62 24 2.3137819047043453
62 25 2.516543371669088
63 1 0.3240008750636495
63 2 0.30105554499631243
63 3 0.2846308649150689
63 4 0.27472683481991933
63 5 0.2713434547108636
63 6 0.2744807245879015
63 7 0.2841386444510331
63 8 0.3003172143002585
63 9 0.32301643413557785
63 10 0.35223630395699057
63 11 0.38797682376449755
63 12 0.43023799355809805
63 13 0.479019813337792
63 14 0.5343222831035801
63 15 0.5961454028554616
63 16 0.6644891725934371
63 17 0.7393535923175061
63 18 0.8207386620276688
63 19 0.9086443817239255
63 20 1.003070751406276
63 21 1.1040177710747203
63 22 1.211485440729258
63 23 1.3254737603698898
63 24 1.4459827299966146
63 25 1.5730123496094344
64 1 0.10658552598660159
64 2 0.09994369002697055
64 3 0.09690456797591632
64 4 0.09746815983343898
64 5 0.10163446559953859
64 6 0.10940348527421484
64 7 0.12077521885746806
64 8 0.13574966634929816
64 9 0.15432682774970502
64 10 0.1765067030586888
64 11 0.2022892922762495
64 12 0.23167459540238686
64 13 0.26466261243710143
64 14 0.3012533433803925
64 15 0.3414467882322606
64 16 0.3852429469927054
64 17 0.43264181966172743
64 18 0.4836434062393259
64 19 0.5382477067255013
64 20 0.5964547211202532
64 21 0.6582644494235829
64 22 0.7236768916354892
64 23 0.7926920477559716
64 24 0.8653099177850316
64 25 0.9415305017226683
65 1 0.03107394228011307
65 2 0.029869231593918234
65 3 0.03089144445140194
65 4 0.03414058085256422
65 5 0.03961664079740503
65 6 0.047319624285924455
65 7 0.05724953131812241
65 8 0.06940636189399883
65 9 0.0837901160135539
65 10 0.10040079367678748
65 11 0.11923839488369975
65 12 0.14030291963429037
65 13 0.16359436792855958
65 14 0.1891127397665074
65 15 0.2168580351481338
65 16 0.2468302540734385
65 17 0.279029396542422
65 18 0.3134554625550842
65 19 0.35010845211142466
65 20 0.3889883652114439
65 21 0.43009520185514144
65 22 0.4734289620425176
65 23 0.5189896457735726
65 24 0.5667772530483054
65 25 0.6167917838667177
66 1 0.011352236190546832
66 2 0.011416218453912769
66 3 0.01310441855379746
66 4 0.016416836490200808
66 5 0.02135347226312289
66 6 0.027914325872563598
66 7 0.03609939731852314
66 8 0.04590868660100135
66 9 0.057342193719998234
66 10 0.07039991867551386
66 11 0.08508186146754818
66 12 0.10138802209610116
66 13 0.11931840056117289
66 14 0.13887299686276333
66 15 0.1600518110008725
66 16 0.1828548429755004
66 17 0.20728209278664686
66 18 0.23333356043431205
66 19 0.26100924591849606
66 20 0.2903091492391987
66 21 0.3212332703964201
66 22 0.3537816093901603
66 23 0.38795416622041906
66 24 0.42375094088719645
66 25 0.46117193339049256
67 1 0.007880674548409752
67 2 0.008053614620530633
67 3 0.009560763633126903
67 4 0.012402121586198672
67 5 0.01657768847974591
67 6 0.022087464313768585
67 7 0.028931449088266677
67 8 0.03710964280324025
67 9 0.04662204545868929
67 10 0.05746865705461373
67 11 0.06964947759101366
67 12 0.08316450706788901
67 13 0.09801374548523982
67 14 0.11419719284306606
67 15 0.13171484914136783
67 16 0.15056671438014504
67 17 0.17075278855939766
67 18 0.19227307167912572
67 19 0.21512756373932929
67 20 0.23931626474000825
67 21 0.2648391746811627
67 22 0.2916962935627926
67 23 0.3198876213848979
67 24 0.3494131581474786
67 25 0.38027290385053497
68 1 0.00871830762578166
68 2 0.008727023089566063
68 3 0.009918106456993514
68 4 0.01229155772806396
68 5 0.01584737690277737
68 6 0.020585563981133873
68 7 0.02650611896313331
68 8 0.03360904184877582
68 9 0.04189433263806124
68 10 0.051361991330989745
68 11 0.062012017927561225
68 12 0.07384441242777569
68 13 0.0868591748316332
68 14 0.1010563051391337
68 15 0.11643580335027723
68 16 0.1329976694650637
68 17 0.15074190348349326
68 18 0.16966850540556574
68 19 0.18977747523128136
68 20 0.21106881296063978
68 21 0.23354251859364145
68 22 0.25719859213028595
68 23 0.28203703357057347
68 24 0.308057842914504
68 25 0.33526102016207754
69 1 0.010666038731098223
69 2 0.010451917106624142
69 3 0.011322831661368786
69 4 0.013278782395332138
69 5 0.016319769308514157
69 6 0.020445792400914865
69 7 0.02565685167253428
69 8 0.0319529471233724
69 9 0.0393340787534292
69 10 0.047800246562704665
69 11 0.05735145055119889
69 12 0.06798769071891173
69 13 0.07970896706584332
69 14 0.09251527959199357
69 15 0.10640662829736255
69 16 0.12138301318195019
69 17 0.13744443424575653
69 18 0.15459089148878152
69 19 0.1728223849110253
69 20 0.19213891451248777
69 21 0.2125404802931688
69 22 0.23402708225306867
69 23 0.25659872039218706
69 24 0.2802553947105244
69 25 0.3049971052080802
70 1 0.012425728104240473
70 2 0.012030472174827911
70 3 0.012664784282992676
70 4 0.014328664428734804
70 5 0.017022112612054285
70 6 0.02074512883295108
70 7 0.02549771309142522
70 8 0.031279865387476694
70 9 0.03809158572110557
70 10 0.045932874092311705
70 11 0.054803730501095264
70 12 0.06470415494745613
70 13 0.07563414743139438
70 14 0.08759370795290994
70 15 0.10058283651200288
70 16 0.11460153310867312
70 17 0.12964979774292065
70 18 0.14572763041474562
70 19 0.16283503112414796
70 20 0.18097199987112764
70 21 0.2001385366556845
70 22 0.22033464147781887
70 23 0.2415603143375305
70 24 0.2638155552348195
70 25 0.2871003641696858
71 1 0.014072450247936682
71 2 0.013514848275329987
71 3 0.01394642124140999
71 4 0.015367169146176675
71 5 0.017777091989630033
71 6 0.021176189771770094
71 7 0.025564462492596852
71 8 0.0309419101521103
71 9 0.03730853275031042
71 10 0.044664330287197254
71 11 0.05300930276277078
71 12 0.062343450177030975
71 13 0.0726667725299779
71 14 0.08397926982161147
71 15 0.09628094205193179
71 16 0.10957178922093876
71 17 0.1238518113286324
71 18 0.13912100837501282
71 19 0.1553793803600798
71 20 0.17262692728383353
71 21 0.19086364914627393
71 22 0.21008954594740106
71 23 0.23030461768721489
71 24 0.2515088643657155
71 25 0.27370228598290264
72 1 0.01547829682322456
72 2 0.014785478041384751
72 3 0.015052788274345934
72 4 0.016280227522108143
72 5 0.018467795784671337
72 6 0.021615493062035595
72 7 0.025723319354200837
72 8 0.03079127466116704
72 9 0.036819358982934286
72 10 0.04380757231950258
72 11 0.05175591467087182
72 12 0.06066438603704209
72 13 0.07053298641801341
72 14 0.08136171581378566
72 15 0.09315057422435899
72 16 0.10589956164973334
72 17 0.11960867808990863
72 18 0.13427792354488502
72 19 0.14990729801466235
72 20 0.16649680149924065
72 21 0.18404643399862
72 22 0.20255619551280038
72 23 0.2220260860417818
72 24 0.24245610558556416
72 25 0.26384625414414764
73 1 0.016614838350661777
73 2 0.015814360495153938
73 3 0.01595319208574821
73 4 0.0170313331224446
73 5 0.019048783605243116
73 6 0.02200554353414378
73 7 0.025901612909146533
73 8 0.03073699173025144
73 9 0.03651167999745845
73 10 0.04322567771076763
73 11 0.05087898487017891
73 12 0.05947160147569228
73 13 0.0690035275273078
73 14 0.07947476302502547
73 15 0.09088530796884524
73 16 0.10323516235876713
73 17 0.11652432619479118
73 18 0.13075279947691734
73 19 0.14592058220514567
73 20 0.162027674379476
73 21 0.17907407599990863
73 22 0.19705978706644323
73 23 0.21598480757908
73 24 0.23584913753781897
73 25 0.25665277694266
74 1 0.017609244416373397
74 2 0.016715542985540198
74 3 0.016744497760849665
74 4 0.017696108742301753
74 5 0.019570375929896446
74 6 0.022367299323633766
74 7 0.0260868789235137
74 8 0.03072911472953628
74 9 0.03629400674170148
74 10 0.0427815549600093
74 11 0.05019175938445971
74 12 0.058524620015052785
74 13 0.06778013685178845
74 14 0.07795830989466679
74 15 0.08905913914368771
74 16 0.10108262459885126
74 17 0.11402876626015741
74 18 0.12789756412760625
74 19 0.1426890182011977
74 20 0.15840312848093177
74 21 0.17503989496680844
74 22 0.19259931765882768
74 23 0.21108139655698965
74 24 0.23048613166129422
74 25 0.25081352297174137
75 1 0.01835994443677472
75 2 0.017396378731506942
75 3 0.017343721259977487
75 4 0.018201972022186385
75 5 0.019971131018133585
75 6 0.02265119824781914
75 7 0.02624217371124301
75 8 0.03074405740840519
75 9 0.036156849339305755
75 10 0.04248054950394462
75 11 0.04971515790232182
75 12 0.05786067453443735
75 13 0.06691709940029124
75 14 0.07688443249988343
75 15 0.08776267383321393
75 16 0.09955182340028278
75 17 0.11225188120108996
75 18 0.12586284723563548
75 19 0.1403847215039193
75 20 0.15581750400594152
75 21 0.17216119474170205
75 22 0.18941579371120087
75 23 0.20758130091443808
75 24 0.22665771635141363
75 25 0.24664504002212737
76 1 0.018987286897499556
76 2 0.01796563736514028
76 3 0.017845561196946923
76 4 0.018627058392919518
76 5 0.020310128953058035
76 6 0.022894772877362475
76 7 0.026380990165832882
76 8 0.030768780818469205
76 9 0.03605814483527146
76 10 0.042249082216239645
76 11 0.049341592961373776
76 12 0.0573356770706738
76 13 0.0662313345441398
76 14 0.07602856538177168
76 15 0.08672736958356958
76 16 0.09832774714953335
76 17 0.11082969807966306
76 18 0.12423322237395867
76 19 0.13853832003242025
76 20 0.15374499105504777
76 21 0.16985323544184122
76 22 0.18686305319280064
76 23 0.2047744443079259
76 24 0.22358740878721722
76 25 0.24330194663067437
77 1 0.019505973067405646
77 2 0.018436488744462652
77 3 0.018261163452328533
77 4 0.018979997191003274
77 5 0.02059298996048689
77 6 0.023100141760779402
77 7 0.026501452591880793
77 8 0.030796922453791037
77 9 0.03598655134651015
77 10 0.04207033927003816
77 11 0.049048286224375036
77 12 0.05692039220952078
77 13 0.0656866572254754
77 14 0.0753470812722389
77 15 0.0859016643498113
77 16 0.09735040645819253
77 17 0.10969330759738265
77 18 0.12293036776738163
77 19 0.13706158696818949
77 20 0.15208696519980625
77 21 0.1680065024622319
77 22 0.18482019875546635
77 23 0.20252805407950975
77 24 0.22113006843436203
77 25 0.24062624182002312
78 1 0.019923436166902852
78 2 0.018815568013208796
78 3 0.018596077818413295
78 4 0.019264965582516256
78 5 0.02082223130551775
78 6 0.023267874987417773
78 7 0.026601896628216302
78 8 0.03082429622791334
78 9 0.03593507378650889
78 10 0.04193422930400295
78 11 0.048821762780395524
78 12 0.05659767421568663
78 13 0.06526196360987624
78 14 0.07481463096296435
78 15 0.08525567627495098
78 16 0.09658509954583612
78 17 0.10880290077561978
78 18 0.12190907996430195
78 19 0.13590363711188264
78 20 0.15078657221836184
78 21 0.1665578852837396
78 22 0.18321757630801583
78 23 0.2007656452911905
78 24 0.21920209223326376
78 25 0.2385269171342356
79 1 0.02028628135995012
79 2 0.01914513068489052
79 3 0.01888746100866955
79 4 0.019513272331287204
79 5 0.02102256465274348
79 6 0.023415337973038432
79 7 0.026691592292171988
79 8 0.030851327610144173
79 9 0.035894543926954986
79 10 0.04182124124260444
79 11 0.048631419557092534
79 12 0.05632507887041924
79 13 0.06490221918258461
79 14 0.07436284049358859
79 15 0.0847069428034312
79 16 0.09593452611211245
79 17 0.10804559041963235
79 18 0.12104013572599083
79 19 0.134918162031188
79 20 0.14967966933522375
79 21 0.16532465763809814
79 22 0.1818531269398112
79 23 0.19926507724036288
79 24 0.21756050853975317
79 25 0.2367394208379821
80 1 0.02060561015076326
80 2 0.019435226990274827
80 3 0.01914410913056236
80 4 0.019732256571625945
80 5 0.021199669313465497
80 6 0.023546347356081045
80 7 0.02677229069947263
80 8 0.030877499343640195
80 9 0.03586197328858379
80 10 0.041725712534303364
80 11 0.04846871708079895
80 12 0.05609098692807057
80 13 0.06459252207611817
80 14 0.07397332252494178
80 15 0.08423338827454137
80 16 0.09537271932491698
80 17 0.1073913156760686
80 18 0.12028917732799624
80 19 0.1340663042806999
80 20 0.14872269653417958
80 21 0.16425835408843514
80 22 0.1806732769434668
80 23 0.19796746509927443
80 24 0.2161409185558581
80 25 0.23519363731321774
81 1 0.020866422544035982
81 2 0.01967220278246598
81 3 0.019353868001461834
81 4 0.01991141820102352
81 5 0.02134485338115106
81 6 0.023654173541844452
81 7 0.0268393786831037
81 8 0.030900468804928787
81 9 0.03583744390731971
81 10 0.04165030399027648
81 11 0.04833904905379911
81 12 0.055903679097887564
81 13 0.0643441941225419
81 14 0.07366059412776207
81 15 0.08385287911354809
81 16 0.0949210490799
81 17 0.1068651040268177
81 18 0.1196850439543012
81 19 0.1333808688623506
81 20 0.14795257875096587
81 21 0.163400173620147
81 22 0.17972365346989394
81 23 0.19692301830020675
81 24 0.2149982681110854
81 25 0.2339494029025299
82 1 0.021111290268048
82 2 0.01989472212328143
82 3 0.01955091510937401
82 4 0.020079869226325715
82 5 0.021481584474136596
82 6 0.023756060852806616
82 7 0.026903298362335792
82 8 0.030923297002724098
82 9 0.03581605677397156
82 10 0.04158157767607817
82 11 0.048219859709043945
82 12 0.05573090287286883
82 13 0.06411470716755287
82 14 0.0733712725930961
82 15 0.08350059914949846
82 16 0.09450268683675996
82 17 0.10637753565488059
82 18 0.11912514560386041
82 19 0.13274551668369933
82 20 0.14723864889439747
82 21 0.16260454223595464
82 22 0.17884319670837112
82 23 0.19595461231164663
82 24 0.21393878904578129
82 25 0.23279572691077507
83 1 0.021309270882562136
83 2 0.020074654960051865
83 3 0.019710308809565626
83 4 0.020216232431103442
83 5 0.021592425824665328
83 6 0.023838888990251272
83 7 0.02695562192786127
83 8 0.03094262463749531
83 9 0.0357998971191534
83 10 0.04152743937283554
83 11 0.04812525139854176
83 12 0.05559333319627202
83 13 0.06393168476602631
83 14 0.07314030610780473
83 15 0.08321919722160712
83 16 0.09416835810743363
83 17 0.10598778876528414
83 18 0.11867748919515876
83 19 0.13223745939705742
83 20 0.14666769937098012
83 21 0.1619682091169269
83 22 0.1781389886348977
83 23 0.19518003792489252
83 24 0.2130913569869114
83 25 0.23187294582095452
84 1 0.02148049331753199
84 2 0.020230283919030163
84 3 0.019848213849189555
84 4 0.02033428310801015
84 5 0.02168849169549197
84 6 0.023910839611635003
84 7 0.027001326856439245
84 8 0.030959953429904718
84 9 0.03578671933203136
84 10 0.041481624562819286
84 11 0.048044669122268346
84 12 0.05547585301037867
84 13 0.0637751762271502
84 14 0.07294263877258296
84 15 0.0829782406466769
84 16 0.09388198184943206
84 17 0.10565386238084842
84 18 0.11829388224092606
84 19 0.1318020414296648
84 20 0.1461783399470649
84 21 0.16142277779312614
84 22 0.1775353549678486
84 23 0.1945160714712322
84 24 0.21236492730327705
84 25 0.23108192246398318
85 1 0.02164050688858383
85 2 0.020375737190828736
85 3 0.019977135737515445
85 4 0.02044470252864397
85 5 0.02177843756421434
85 6 0.02397834084422655
85 7 0.027044412368680566
85 8 0.030976652137576444
85 9 0.03577506015091414
85 10 0.04143963640869365
85 11 0.04797038091091501
85 12 0.0553672936575782
85 13 0.0636303746486832
85 14 0.07275962388423002
85 15 0.0827550413642187
85 16 0.0936166270886492
85 17 0.10534438105752154
85 18 0.11793830327083571
85 19 0.1313983937285917
85 20 0.14572465243078953
85 21 0.16091707937742916
85 22 0.17697567456851063
85 23 0.19390043800403398
85 24 0.21169136968399901
85 25 0.23034846960840608
86 1 0.0217791385493219
86 2 0.02050176367866231
86 3 0.020088864629635557
86 4 0.02054044140224166
86 5 0.0218564939964806
86 6 0.02403702241235239
86 7 0.027082026649857052
86 8 0.030991506708994518
86 9 0.035765462589764874
86 10 0.04140389429216804
86 11 0.047906801816204055
86 12 0.055274185161872935
86 13 0.06350604432917469
86 14 0.07260237931810926
86 15 0.08256319012867666
86 16 0.09338847676087694
86 17 0.10507823921471007
86 18 0.11763247749017598
86 19 0.13105119158727485
86 20 0.1453343815060065
86 21 0.16048204724637102
86 22 0.1764941888083684
86 23 0.1933708061919985
86 24 0.2111118993972616
86 25 0.2297174684241575
87 1 0.0219011246349264
87 2 0.020612665283982284
87 3 0.02018720409375433
87 4 0.020624741064242533
87 5 0.02192527619544689
87 6 0.024088809487367403
87 7 0.02711534094000405
87 8 0.031004870553356847
87 9 0.035757398327425825
87 10 0.04137292426221094
87 11 0.04785144835771223
87 12 0.055192970613929644
87 13 0.06339749103086324
87 14 0.07246500960851297
87 15 0.08239552634687884
87 16 0.09318904124596088
87 17 0.10484555430575908
87 18 0.11736506552627343
87 19 0.1307475749075039
87 20 0.14499308244945058
87 21 0.1601015881521134
87 22 0.1760730920154923
87 23 0.19290759403958743
87 24 0.21060509422439871
87 25 0.22916559256992614
88 1 0.021999882259720153
88 2 0.020702453985979526
88 3 0.020266835406666815
88 4 0.020693026521781954
88 5 0.021981027331324992
88 6 0.024130837835295887
88 7 0.027142458033694694
88 8 0.031015887926521366
88 9 0.0357511275137759
88 10 0.04134817679545838
88 11 0.04780703577156867
88 12 0.0551277044421069
88 13 0.06331018280707297
88 14 0.07235447086646694
88 15 0.08226056862028878
88 16 0.09302847606853851
88 17 0.1046581932112161
88 18 0.11714972004832158
88 19 0.13050305657985498
88 20 0.14471820280581624
88 21 0.1597951587262054
88 22 0.17573392434102236
88 23 0.19253449965026725
88 24 0.21019688465394007
88 25 0.22872107935204072
89 1 0.022094089461690208
89 2 0.02078810953294599
89 3 0.020342812041337362
89 4 0.020758196986864354
89 5 0.022034264369526903
89 6 0.024171014189325095
89 7 0.02716844644625885
89 8 0.031026561140328226
89 9 0.03574535827153319
89 10 0.04132483783987374
89 11 0.04776499984534989
89 12 0.055065844287961664
89 13 0.06322737116770899
89 14 0.07224958048459194
89 15 0.08213247223861048
89 16 0.09287604642976457
89 17 0.10448030305805432
89 18 0.11694524212347963
89 19 0.1302708636260405
89 20 0.14445716756573704
89 21 0.15950415394256917
89 22 0.17541182275653688
89 23 0.19218017400764015
89 24 0.20980920769587907
89 25 0.22829892382125355
90 1 0.022178096716127232
90 2 0.020864494302337878
90 3 0.020410574377226445
90 4 0.020816336940792903
90 5 0.022081781993037286
90 6 0.02420690953395953
90 7 0.02719171956355971
90 8 0.03103621208183778
90 9 0.03574038708879375
90 10 0.04130424458442764
90 11 0.047727784568739405
90 12 0.0550110070417291
90 13 0.06315391200339668
90 14 0.07215649945374218
90 15 0.08201876939276558
90 16 0.09274072182046687
90 17 0.10432235673684603
90 18 0.11676367414190317
90 19 0.13006467403563815
90 20 0.14422535641805104
90 21 0.15924572128914188
90 22 0.1751257686489106
90 23 0.19186549849735715
90 24 0.2094649108344817
90 25 0.22792400566028415
91 1 0.02225147161360195
91 2 0.020931213952889195
91 3 0.02046976941153753
91 4 0.020867137989546997
91 5 0.02212331968691755
91 6 0.024238314503649203
91 7 0.02721212243974195
91 8 0.031044743495195808
91 9 0.035736177670010756
91 10 0.04128642496418684
91 11 0.04769548537772399
91 12 0.05496335891062229
91 13 0.06309004556288166
91 14 0.07207554533450215
91 15 0.08191985822548371
91 16 0.09262298423582639
91 17 0.10418492336553022
91 18 0.11660567561459502
91 19 0.1298852409830211
91 20 0.14402361947080813
91 21 0.15902081107795638
91 22 0.17487681580446568
91 23 0.19159163365033605
91 24 0.20916526461556753
91 25 0.2275977087001602
92 1 0.0223162534009553
92 2 0.020990121828058848
92 3 0.020522038911454314
92 4 0.020912004651141756
92 5 0.022160019047121154
92 6 0.02426608209939248
92 7 0.027230193807955792
92 8 0.031052354172811054
92 9 0.03573256319395827
92 10 0.04127082087139744
92 11 0.04766712720512854
92 12 0.054921482195151625
92 13 0.06303388584146663
92 14 0.07200433814407362
92 15 0.08183283910297257
92 16 0.09251938871816345
92 17 0.10406398698964632
92 18 0.1164666339174211
92 19 0.12972732950148783
92 20 0.14384607374184658
92 21 0.15882286663849726
92 22 0.17465770819143986
92 23 0.19135059840067437
92 24 0.20890153726620092
92 25 0.22731052478801936
93 1 0.02237531116218652
93 2 0.02104382624814854
93 3 0.020569695583924966
93 4 0.02095291916951577
93 5 0.02219349700492095
93 6 0.02429142909014053
93 7 0.027246715425174498
93 8 0.03105935601002284
93 9 0.03572935084468558
93 10 0.04125669992916269
93 11 0.0476414032634542
93 12 0.05488346084756009
93 13 0.0629828726814804
93 14 0.07193963876521506
93 15 0.0817537590987641
93 16 0.09242523368212752
93 17 0.10395406251530538
93 18 0.11634024559829752
93 19 0.12958378293110417
93 20 0.14368467451372516
93 21 0.1586429203461605
93 22 0.17445852042841029
93 23 0.19113147476047435
93 24 0.2086617833423529
93 25 0.22704944617404585
94 1 0.02242492525513263
94 2 0.021088944172895488
94 3 0.020609735812623944
94 4 0.020987300174317984
94 5 0.02222163725797756
94 6 0.02431274706360274
94 7 0.027260629591193502
94 8 0.03106528484074982
94 9 0.035726712812271744
94 10 0.04124491350575921
94 11 0.047619886921212294
94 12 0.05485163305863094
94 13 0.06294015191801515
94 14 0.07188544349936496
94 15 0.08168750780268033
94 16 0.0923463448279613
94 17 0.1038619545752078
94 18 0.11623433704441993
94 19 0.1294634922355976
94 20 0.1435494201487408
94 21 0.15849212078384967
94 22 0.1742915941409241
94 23 0.19094784021996408
94 24 0.20846085902096959
94 25 0.2268306505439408
95 1 0.022472346872869125
95 2 0.021132069281458703
95 3 0.02064801014344009
95 4 0.021020169458813263
95 5 0.022248547227578266
95 6 0.02433314344973506
95 7 0.027273958125283673
95 8 0.03107099125422408
95 9 0.0357242428365563
95 10 0.04123371287228035
95 11 0.04759940136139618
95 12 0.05482130830390381
95 13 0.0628994336998033
95 14 0.07183377754909452
95 15 0.08162433985177762
95 16 0.09227112060785253
95 17 0.1037741198173192
95 18 0.11613333748017766
95 19 0.129348773596428
95 20 0.14342042816607012
95 21 0.15834830118910395
95 22 0.17413239266552977
95 23 0.19077270259534726
95 24 0.20826923097855654
95 25 0.22662197781515772
96 1 0.022515832362910874
96 2 0.021171615714644747
96 3 0.020683110591823622
96 4 0.021050316994447517
96 5 0.02227323492251641
96 6 0.024351864376030315
96 7 0.027286205354989244
96 8 0.03107625785939316
96 9 0.035722021889242075
96 10 0.041223497444536045
96 11 0.047580684525274954
96 12 0.05479358313145892
96 13 0.06286219326308791
96 14 0.0717865149201619
96 15 0.08156654810268085
96 16 0.09220229281064483
96 17 0.10369374904405385
96 18 0.11604091680290786
96 19 0.12924379608720687
96 20 0.14330238689695088
96 21 0.1582166892321399
96 22 0.17398670309277403
96 23 0.19061242847885307
96 24 0.20809386539037708
96 25 0.22643101382734618
97 1 0.02255742148906468
97 2 0.021209438302230484
97 3 0.020716683008843724
97 4 0.0210791556089044
97 5 0.022296856102412523
97 6 0.024369784489368107
97 7 0.027297940769771132
97 8 0.031081324943621567
97 9 0.03571993701091949
97 10 0.041213776971664846
97 11 0.04756284482585763
97 12 0.05476714057349789
97 13 0.06282666421458555
97 14 0.07174141574912068
97 15 0.08151139517710326
97 16 0.09213660249853325
97 17 0.10361703771341074
97 18 0.11595270082173566
97 19 0.129143591823508
97 20 0.14318971071872783
97 21 0.15809105750739497
97 22 0.1738476321895097
97 23 0.19045943476507182
97 24 0.2079264652340814
97 25 0.22624872359653841
98 1 0.022590946902106186
98 2 0.021239927994833804
98 3 0.020743747963419944
98 4 0.021102406807864692
98 5 0.022315904528168003
98 6 0.024384241124329888
98 7 0.02730741659635032
98 8 0.03108543094422935
98 9 0.03571828416796695
98 10 0.04120597626756311
98 11 0.04754850724301786
98 12 0.054745877094331166
98 13 0.06279808582150304
98 14 0.07170513342453348
98 15 0.08146701990342248
98 16 0.0920837452581701
98 17 0.10355530948877627
98 18 0.11588171259524098
98 19 0.12906295457756428
98 20 0.14309903543574617
98 21 0.1579899551697866
98 22 0.17373571377968564
98 23 0.1903363112654432
98 24 0.20779174762705935
98 25 0.22610202286453412
99 1 0.022625181043365864
99 2 0.02127106272151185
99 3 0.020771386807764084
99 4 0.021126153302122534
99 5 0.022335362204587216
99 6 0.024399013515158146
99 7 0.02731710723383528
99 8 0.031089643360618653
99 9 0.03571662189550825
99 10 0.0411980428385041
99 11 0.04753390618960617
99 12 0.054724211948814466
99 13 0.062768960116129
99 14 0.0716681506915498
99 15 0.0814217836750768
99 16 0.09202985906671002
99 17 0.1034923768664495
99 18 0.11580933707429517
99 19 0.12898073969024712
99 20 0.14300658471430522
99 21 0.15788687214646968
99 22 0.17362160198674026
99 23 0.190210774235117
99 24 0.20765438889160015
99 25 0.22595244595618952
100 1 0.022656162331745718
100 2 0.021299239512491748
100 3 0.020796400976712134
100 4 0.021147646724406916
100 5 0.022352976755576084
100 6 0.02441239107021959
100 7 0.027325889668337516
100 8 0.03109347254992982
100 9 0.035715139714996465
100 10 0.04119089116353751
100 11 0.04752072689555292
100 12 0.05470464691104271
100 13 0.06274265121000688
100 14 0.07163473979244542
100 15 0.0813809126583584
100 16 0.09198116980774568
100 17 0.10343551124060738
100 18 0.11574393695694342
100 19 0.12890644695675385
100 20 0.1429230412400387
100 21 0.15779371980679785
100 22 0.17351848265703146
100 23 0.1900973297907394
100 24 0.2075302612079217
100 25 0.22581727690857845
101 1 0.0226843517856884
101 2 0.021324877535979166
101 3 0.020819162269712865
101 4 0.021167205986889565
101 5 0.022369008687509247
101 6 0.02442457037157189
101 7 0.027333891039077535
101 8 0.03109697069002615
101 9 0.035713809324417735
101 10 0.04118440694225235
101 11 0.04750876354352992
101 12 0.054686879128250473
101 13 0.062718753696414
101 14 0.0716043872480205
101 15 0.08134377978307002
101 16 0.0919369313015625
101 17 0.10338384180349793
101 18 0.1156845112888764
101 19 0.1288389397576978
101 20 0.14284712720996223
101 21 0.15770907364566963
101 22 0.17342477906482
101 23 0.18999424346741337
101 24 0.20741746685344972
101 25 0.22569444922292903
102 1 0.022712054675569453
102 2 0.02135007335246761
102 3 0.020841531839193104
102 4 0.021186430135745966
102 5 0.022384768242126134
102 6 0.024436546158333666
102 7 0.02734176388436852
102 8 0.03110042142023072
102 9 0.03571251876592027
102 10 0.04117805592143715
102 11 0.04749703288678137
102 12 0.05466944966195293
102 13 0.0626953062469518
102 14 0.07157460264177808
102 15 0.08130733884643163
102 16 0.09189351486091255
102 17 0.10333313068522078
102 18 0.11562618631935641
102 19 0.12877268176331935
102 20 0.14277261701710967
102 21 0.1576259920807272
102 22 0.17333280695417222
102 23 0.1898930616374445
102 24 0.2073067561305441
102 25 0.22557389043347106
103 1 0.022736160656957768
103 2 0.021371998031612917
103 3 0.020860997895100892
103 4 0.021203160247421683
103 5 0.0223984850885753
103 6 0.024446972418561756
103 7 0.027348622237381
103 8 0.031103434545033108
103 9 0.035711409341518015
103 10 0.041172546626835727
103 11 0.0474868464009863
103 12 0.05465430866396967
103 13 0.06267493341578585
103 14 0.07154872065643486
103 15 0.08127567038591674
103 16 0.0918557826042314
103 17 0.10328905731137887
103 18 0.11557549450735914
103 19 0.1287150941921723
103 20 0.14270785636581826
103 21 0.15755378102829704
103 22 0.1732528681796086
103 23 0.18980511781975304
103 24 0.20721052994873024
103 25 0.22546910456654035
104 1 0.022757233058799477
104 2 0.021391163828360264
104 3 0.02087801497771188
104 4 0.021217786506854373
104 5 0.022410478415787694
104 6 0.02445609070451185
104 7 0.027354623373026885
104 8 0.031106076421332753
104 9 0.035710449849429456
104 10 0.041167743657317034
104 11 0.047477957844995415
104 12 0.0546410924124647
104 13 0.06265714735972477
104 14 0.07152612268677574
104 15 0.08124801839361756
104 16 0.09182283448025018
104 17 0.10325057094667373
104 18 0.11553122779288802
104 19 0.12866480501889324
104 20 0.14265130262468922
104 21 0.1574907206102762
104 22 0.17318305897565392
104 23 0.18972831772082244
104 24 0.2071264968457819
104 25 0.2253775963505322
105 1 0.022777667426446626
105 2 0.02140974949243514
105 3 0.02089451743797198
105 4 0.021231971263057158
105 5 0.022422110967690655
105 6 0.02446493655187246
105 7 0.027360448015602615
105 8 0.03110864535888107
105 9 0.035709528581707825
105 10 0.041163097684082904
105 11 0.04746935266600632
105 12 0.05462829352747809
105 13 0.06263992026849813
105 14 0.07150423288906653
105 15 0.08122123138918322
105 16 0.09179091576884824
105 17 0.10321328602806157
105 18 0.11548834216682324
105 19 0.12861608418513323
105 20 0.1425965120829915
105 21 0.15742962586039816
105 22 0.17311542551735315
105 23 0.18965391105385634
105 24 0.20704508246990797
105 25 0.2252889397655079
106 1 0.022795981551097837
106 2 0.021426406876985903
106 3 0.020909308145893608
106 4 0.021244685357820932
106 5 0.02243253851276789
106 6 0.02447286761073446
106 7 0.027365672651720664
106 8 0.03111095363572649
106 9 0.03570871056275196
106 10 0.04115894343279706
106 11 0.047461652245861755
106 12 0.05461683700194612
106 13 0.06262449770105008
106 14 0.07148463434317366
106 15 0.08119724692831691
106 16 0.09176233545647978
106 17 0.1031798999276623
106 18 0.11544994034186441
106 19 0.12857245669908612
106 20 0.14254744899932748
106 21 0.15737491724258845
106 22 0.17305486142886914
106 23 0.1895872815581694
106 24 0.20697217763048925
106 25 0.22520954964582882
107 1 0.02281364921980545
107 2 0.021442476414704426
107 3 0.020923577234166445
107 4 0.021256951678191506
107 5 0.022442599746779597
107 6 0.024480521439930722
107 7 0.02737071675764489
107 8 0.03111318569992209
107 9 0.03570792826676234
107 10 0.0411549444581656
107 11 0.047454234274131916
107 12 0.05460579771466126
107 13 0.06260963477975363
107 14 0.07146574546940908
107 15 0.0811741297836275
107 16 0.09173478772240902
107 17 0.10314771928575356
107 18 0.11541292447366111
107 19 0.1285304032861317
107 20 0.14250015572316535
107 21 0.157322181784762
107 22 0.17299648147092178
107 23 0.18952305478164444
107 24 0.20690190171693024
107 25 0.2251330222767791
108 1 0.022829808108136142
108 2 0.02145717375979078
108 3 0.0209366281733689
108 4 0.02126817134887051
108 5 0.02245180328629562
108 6 0.0244875239856442
108 7 0.02737533344691631
108 8 0.03111523167011189
108 9 0.03570721865523096
108 10 0.04115129440227351
108 11 0.047447458911239575
108 12 0.05459571218212912
108 13 0.06259605421494216
108 14 0.07144848500967865
108 15 0.08115300456633869
108 16 0.0917096128849222
108 17 0.10311830996542921
108 18 0.11537909580785971
108 19 0.1284919704122137
108 20 0.14245693377849117
108 21 0.15727398590669212
108 22 0.17294312679681662
108 23 0.18946435644886453
108 24 0.206837674862836
108 25 0.22506308203873104
109 1 0.022844794205192247
109 2 0.021470804485021342
109 3 0.02094873223319639
109 4 0.02127857744971738
109 5 0.02246034013458432
109 6 0.02449402028779721
109 7 0.027379617909356044
109 8 0.03111713299926081
109 9 0.03570656555751154
109 10 0.04114791558410819
109 11 0.047441183079050805
109 12 0.054586368042339344
109 13 0.06258347047397386
109 14 0.0714324903739543
109 15 0.08113342774228068
109 16 0.091686282578953
109 17 0.1030910548839713
109 18 0.11534774465733547
109 19 0.12845635189904567
109 20 0.1424168766091018
109 21 0.15722931878750385
109 22 0.17289367843425185
109 23 0.18940995554934575
109 24 0.20677815013278572
109 25 0.2249982621845716
110 1 0.02285779621437544
110 2 0.021482630640719116
110 3 0.02095923403859605
110 4 0.021287606408006254
110 5 0.02246774774894969
110 6 0.0244996580614264
110 7 0.027383337345436343
110 8 0.03111878560097955
110 9 0.035706002828056
110 10 0.04114498902666571
110 11 0.047435744196808675
110 12 0.054578268338484864
110 13 0.06257256145169432
110 14 0.07141862353643705
110 15 0.08111645459271301
110 16 0.09166605462052224
110 17 0.10306742361986469
110 18 0.11532056159074039
110 19 0.1284254685331494
110 20 0.14238214444709163
110 21 0.1571905893325671
110 22 0.17285080318957582
110 23 0.18936278601811773
110 24 0.20672653781819297
110 25 0.2249420585898015
111 1 0.02287001079399771
111 2 0.02149374064124834
111 3 0.0209691000565105
111 4 0.021296089039784166
111 5 0.022474707591069343
111 6 0.024504955710366032
111 7 0.0273868333976742
111 8 0.031120340652993888
111 9 0.03570547747632508
111 10 0.0411422438676678
111 11 0.04743063982702201
111 12 0.05457066535438774
111 13 0.06256232044976494
111 14 0.0714056051131537
111 15 0.08110051934455392
111 16 0.09164706314396565
111 17 0.10304523651138892
111 18 0.11529503944682368
111 19 0.1283964719502699
111 20 0.1423495340217277
111 21 0.15715422566119697
111 22 0.17281054686867772
111 23 0.18931849764417
111 24 0.20667807798767374
111 25 0.2248892878991891
112 1 0.02288179428960503
112 2 0.021504458598227198
112 3 0.020978618082949926
112 4 0.021304272743773216
112 5 0.022481422580697075
112 6 0.024510067593721485
112 7 0.02739020778284646
112 8 0.031121843148072
112 9 0.03570497368939812
112 10 0.04113959940682481
112 11 0.047425720300352046
112 12 0.05456333636997984
112 13 0.0625524476157082
112 14 0.07139305403753714
112 15 0.08108515563546662
112 16 0.0916287524094967
112 17 0.10302384435962729
112 18 0.11527043148585848
112 19 0.12836851378819022
112 20 0.14231809126662248
112 21 0.1571191639211554
112 22 0.17277173175178884
112 23 0.1892757947585228
112 24 0.20663135294135734
112 25 0.22483840630029253
113 1 0.02289128301145314
113 2 0.021513089330142073
113 3 0.020986282670520297
113 4 0.021310863032587814
113 5 0.022486830416344646
113 6 0.02451418482179071
113 7 0.027392926248926114
113 8 0.031123054697750785
113 9 0.03570457016826477
113 10 0.041137472660468015
113 11 0.04742176217436054
113 12 0.05455743870994243
113 13 0.06254450226721353
113 14 0.07138295284617399
113 15 0.08107279044682367
113 16 0.09161401506916267
113 17 0.10300662671319094
113 18 0.11525062537890855
113 19 0.1283460110663154
113 20 0.14229278377541155
113 21 0.157090943506197
113 22 0.1727404902586718
113 23 0.18924142403283578
113 24 0.20659374482868906
113 25 0.22479745264623174
114 1 0.022900334557995568
114 2 0.02152132245081713
114 3 0.020993594248236144
114 4 0.021317149950252644
114 5 0.022491989556866585
114 6 0.024518113068077985
114 7 0.027395520483886857
114 8 0.031124211804293197
114 9 0.03570418702929698
114 10 0.041135446158898234
114 11 0.047417989193096956
114 12 0.05455181613189313
114 13 0.0625369269752868
114 14 0.0713733217232779
114 15 0.08106100037586648
114 16 0.09159996293305249
114 17 0.10299020939483598
114 18 0.11523173976121691
114 19 0.12832455403219534
114 20 0.14226865220777118
114 21 0.15706403428794452
114 22 0.17271070027271535
114 23 0.18920865016208355
114 24 0.20655788395604924
114 25 0.22475840165461242
115 1 0.022908833346665
115 2 0.021529052823056814
115 3 0.021000459432309295
115 4 0.02132305317442237
115 5 0.022496834049396074
115 6 0.02452180205723041
115 7 0.027397957197925375
115 8 0.031125299471480954
115 9 0.035703828877897144
115 10 0.041133545417173976
115 11 0.04741444908931143
115 12 0.05454653989430952
115 13 0.06252981783216822
115 14 0.07136428290288754
115 15 0.0810499351064675
115 16 0.09158677444290803
115 17 0.10297480091220927
115 18 0.11521401451437109
115 19 0.1283044152493935
115 20 0.1422460031172766
115 21 0.15703877811802028
115 22 0.17268274025162456
115 23 0.18917788951808953
115 24 0.20652422591741507
115 25 0.2247217494496013
116 1 0.022916784339252004
116 2 0.02153628495436807
116 3 0.021006882210355793
116 4 0.021328576107215166
116 5 0.02250136664494621
116 6 0.024525253823548924
116 7 0.02740023764302328
116 8 0.0311263181033693
116 9 0.035703495204586974
116 10 0.04113176894667632
116 11 0.04741113932963732
116 12 0.05454160635346998
116 13 0.06252317001817428
116 14 0.07135583032375027
116 15 0.0810395872701979
116 16 0.09157444085751723
116 17 0.10296039108570819
116 18 0.11519743795477078
116 19 0.1282855814647051
116 20 0.14222482161551106
116 21 0.15701515840718863
116 22 0.1726565918397379
116 23 0.18914912191315877
116 24 0.20649274862745134
116 25 0.22468747198261563
117 1 0.022923130978941872
117 2 0.02154205780296888
117 3 0.021012009064660588
117 4 0.0213329847640171
117 5 0.022504984901038326
117 6 0.024528009475724304
117 7 0.027402058488075042
117 8 0.031127131938090552
117 9 0.03570322982577078
117 10 0.04113035215111577
117 11 0.04740849891412551
117 12 0.054537670114800055
117 13 0.06251786575313927
117 14 0.07134908582914329
117 15 0.08103133034281204
117 16 0.09156459929414554
117 17 0.10294889268314383
117 18 0.1151842105098068
117 19 0.12827055277413463
117 20 0.14220791947612713
117 21 0.15699631061578437
117 22 0.17263572619310635
117 23 0.18912616620809317
117 24 0.20646763066074467
117 25 0.224660119551061
118 1 0.022929250109725102
118 2 0.02154762372673435
118 3 0.021016952191085476
118 4 0.021337235502778506
118 5 0.022508473661813414
118 6 0.024530666668190204
118 7 0.027403814521908883
118 8 0.031127917222969433
118 9 0.03570297477137187
118 10 0.04112898716711621
118 11 0.04740595441020241
118 12 0.054533876500630504
118 13 0.0625127534384005
118 14 0.07134258522351235
118 15 0.0810233718559661
118 16 0.09155511333576175
118 17 0.10293780966289924
118 18 0.11517146083737864
118 19 0.1282560668591999
118 20 0.14219162772836308
118 21 0.15697814344486816
118 22 0.17261561400871503
118 23 0.18910403941990384
118 24 0.20644341967843452
118 25 0.22463375478430717
119 1 0.02293486031499132
119 2 0.02155272674816687
119 3 0.02102148424737257
119 4 0.02134113281260843
119 5 0.022511672443874444
119 6 0.02453310314117063
119 7 0.02740542490449695
119 8 0.03112863773385344
119 9 0.0357027416292401
119 10 0.041127736590656876
119 11 0.04740362261810385
119 12 0.054530399711580954
119 13 0.06250806787108822
119 14 0.07133662709662565
119 15 0.08101607738819323
119 16 0.09154641874579098
119 17 0.10292765116941886
119 18 0.11515977465907692
119 19 0.12824278921476515
119 20 0.14217669483648349
119 21 0.15696149152423203
119 22 0.17259717927801074
119 23 0.18908375809781952
119 24 0.20642122798365845
119 25 0.22460958893552763
120 1 0.02293963993586645
120 2 0.021557074283136236
120 3 0.02102534537387391
120 4 0.021344453208079442
120 5 0.022514397785752805
120 6 0.024535179106894046
120 7 0.027406797171503145
120 8 0.031129251979580094
120 9 0.03570254353112489
120 10 0.04112667182613758
120 11 0.04740163686461811
120 12 0.05452743864656652
120 13 0.06250407717198275
120 14 0.07133155244086685
120 15 0.08100986445321881
120 16 0.09153901320903865
120 17 0.10291899870832635
120 18 0.11514982095108187
120 19 0.12823147993730524
120 20 0.14216397566699657
120 21 0.15694730814015567
120 22 0.17258147735678267
120 23 0.18906648331687745
120 24 0.20640232602044015
120 25 0.22458900546747068
121 1 0.022944195595670153
121 2 0.02156121811201428
121 3 0.021029025608379
121 4 0.02134761808476431
121 5 0.022516995541170207
121 6 0.02453715797759668
121 7 0.02740810539404374
121 8 0.031129837790511348
121 9 0.035702355166999586
121 10 0.04112565752350839
121 11 0.04739974486003775
121 12 0.05452461717658773
121 13 0.06250027447315828
121 14 0.07132671674974943
121 15 0.08100394400636111
121 16 0.09153195624299343
121 17 0.10291075345964627
121 18 0.11514033565631976
121 19 0.12822070283301382
121 20 0.14215185498972843
121 21 0.1569337921264637
121 22 0.17256651424321945
121 23 0.18905002133999574
121 24 0.20638431341679278
121 25 0.2245693904736103
122 1 0.0229483201572833
122 2 0.021564969821075926
122 3 0.02103235761129707
122 4 0.021350483527946735
122 5 0.02251934757102491
122 6 0.024538949740531606
122 7 0.02740929003646683
122 8 0.031130368458830514
122 9 0.03570218500762274
122 10 0.041124739682843484
122 11 0.04739803248449274
122 12 0.05452206341257053
122 13 0.0624968324670768
122 14 0.07132233964801159
122 15 0.08099858495537486
122 16 0.09152556838916671
122 17 0.10290328994938704
122 18 0.11513174963603588
122 19 0.12821094744911318
122 20 0.14214088338861913
122 21 0.15692155745455347
122 22 0.17255296964691633
122 23 0.1890351199657077
122 24 0.20636800841092764
122 25 0.22455163498257616
123 1 0.02295211984243184
123 2 0.021568426027913624
123 3 0.02103542718640408
123 4 0.021353123317903264
123 5 0.022521514422411144
123 6 0.024540600499927723
123 7 0.02741038155045304
123 8 0.031130857573987036
123 9 0.035702028570529724
123 10 0.04112389454008113
123 11 0.04739645548264124
123 12 0.05451971139821005
123 13 0.062493662286787564
123 14 0.07131830814837378
123 15 0.08099364898296871
123 16 0.09151968479057232
123 17 0.10289641557118469
123 18 0.11512384132480574
123 19 0.1282019620514355
123 20 0.1421307777510739
123 21 0.1569102884237211
123 22 0.17254049406937685
123 23 0.1890213946880415
123 24 0.2063529902797147
123 25 0.22453528084439672
124 1 0.022955545533630908
124 2 0.02157154205350325
124 3 0.021038194648413912
124 4 0.021355503318362883
124 5 0.02252346806335013
124 6 0.02454208888337571
124 7 0.0274113657784396
124 8 0.031131298748541786
124 9 0.0357018877936823
124 10 0.04112313291386109
124 11 0.04739503410907822
124 12 0.054517591379333645
124 13 0.06249080472462738
124 14 0.07131467414495939
124 15 0.08098919964032973
124 16 0.0915143812107384
124 17 0.10289021885618536
124 18 0.11511671257667062
124 19 0.1281938623721942
124 20 0.1421216682427561
124 21 0.15690013018835625
124 22 0.17252924820899473
124 23 0.18900902230467156
124 24 0.20633945247538665
124 25 0.22452053872114008
125 1 0.022958821636643256
125 2 0.021574522017330927
125 3 0.021040841280686853
125 4 0.021357779426711056
125 5 0.022525336455403517
125 6 0.02454351236676424
125 7 0.027412307160793247
125 8 0.03113172083749051
125 9 0.03570175339685606
125 10 0.041122404838889855
125 11 0.047393675163591956
125 12 0.05451556437096229
125 13 0.06248807246100088
125 14 0.07131119943370776
125 15 0.0809849452890829
125 16 0.09150931002712634
125 17 0.10288429364783798
125 18 0.11510989615121793
125 19 0.12818611753726614
125 20 0.14211295780598265
125 21 0.15689041695736747
125 22 0.17251849499142044
125 23 0.18899719190814174
125 24 0.20632650770753128
125 25 0.22450644238958906
126 1 0.022961876553001383
126 2 0.02157730079225743
126 3 0.021043309239077504
126 4 0.021359901893461573
126 5 0.022527078755409678
126 6 0.024544839824921793
126 7 0.027413185101997885
126 8 0.031132114586638036
126 9 0.03570162827884218
126 10 0.04112172617861031
126 11 0.047392408285942475
126 12 0.05451367460083867
126 13 0.06248552512329884
126 14 0.07130795985332306
126 15 0.08098097879091126
126 16 0.0915045819360635
126 17 0.10287876928877973
126 18 0.11510354084906001
126 19 0.12817889661690424
126 20 0.14210483659231254
126 21 0.15688136077528478
126 22 0.17250846916582113
126 23 0.18898616176392144
126 24 0.20631443856958573
126 25 0.22449329958281408
127 1 0.02296464059795049
127 2 0.02157981499157326
127 3 0.021045542224386222
127 4 0.021361822296389336
127 5 0.0225286552075826
127 6 0.024546040957966017
127 7 0.0274139795475396
127 8 0.031132470976303336
127 9 0.03570151524425724
127 10 0.0411211123514013
127 11 0.04739126229773551
127 12 0.054511965083259895
127 13 0.062483220707974414
127 14 0.07130502917187909
127 15 0.08097739047497392
127 16 0.09150030461725893
127 17 0.10287377159873413
127 18 0.11509779141939937
127 19 0.1281723640792549
127 20 0.14209748957830054
127 21 0.1568731679165363
127 22 0.17249939909396222
127 23 0.18897618311057826
127 24 0.20630351996638463
127 25 0.224481409661381
128 1 0.022967480689985213
128 2 0.02158239836715853
128 3 0.02104783665722387
128 4 0.02136379556018127
128 5 0.022530275076030674
128 6 0.024547275204772137
128 7 0.02741479594640563
128 8 0.031132837300931134
128 9 0.035701399268348706
128 10 0.04112048184865832
128 11 0.04739008504185995
128 12 0.0545102088479536
128 13 0.06248085326693935
128 14 0.07130201829881709
128 15 0.08097370394358686
128 16 0.09149591020124868
128 17 0.10286863707180254
128 18 0.11509188455524845
128 19 0.12816565265158641
128 20 0.14208994136081632
128 21 0.15686475068293831
128 22 0.17249008061795243
128 23 0.18896593116585847
128 24 0.2062923023266565
128 25 0.22446919410034674
129 1 0.022970510450827743
129 2 0.021585154270903892
129 3 0.021050284331128353
129 4 0.021365900631501206
129 5 0.022532003172022398
129 6 0.024548591952691934
129 7 0.027415666973509827
129 8 0.031133228234476035
129 9 0.035701275735590635
129 10 0.041119809476853564
129 11 0.04738882945826486
129 12 0.0545083356798245
129 13 0.0624783281415325
129 14 0.07129880684338877
129 15 0.08096977178539351
129 16 0.0914912229675465
129 17 0.10286316038984787
129 18 0.11508558405229762
129 19 0.12815849395489567
129 20 0.1420818900976421
129 21 0.1568557724805369
129 22 0.17248014110358004
129 23 0.18895499596677143
129 24 0.20628033707011126
129 25 0.2244561644135995
130 1 0.02297826138051615
130 2 0.02159220461837359
130 3 0.021056546188631214
130 4 0.02137128609128909
130 5 0.022536424326347167
130 6 0.0245519608938055
130 7 0.027417895793664052
130 8 0.03113422902592284
130 9 0.03570096059058185
130 10 0.0411180904876411
130 11 0.04738561871710058
130 12 0.05450354527896024
130 13 0.06247187017322019
130 14 0.07129059339988035
130 15 0.0809597149589407
130 16 0.09147923485040137
130 17 0.10284915307426219
130 18 0.11506946963052327
130 19 0.12814018451918463
130 20 0.14206129774024612
130 21 0.1568328092937079
130 22 0.17245471917956984
130 23 0.18892702739783207
130 24 0.20624973394849452
130 25 0.22442283883155723
