1 1 0.03456072705291959
1 2 0.03178143148902255
1 3 0.02916412344358634
1 4 0.026708802916610923
1 5 0.0244154699080963
1 6 0.022284124418042502
1 7 0.020314766446449504
1 8 0.01850739599331733
1 9 0.01686201305864595
1 10 0.015378617642435383
1 11 0.014057209744685616
1 12 0.01289778936539667
1 13 0.011900356504568518
1 14 0.011064911162201175
1 15 0.01039145333829465
1 16 0.009879983032848923
1 17 0.009530500245864004
1 18 0.009343004977339893
1 19 0.009317497227276586
1 20 0.009453976995674096
1 21 0.009752444282532413
1 22 0.01021289908785153
1 23 0.01083534141163146
1 24 0.011619771253872197
1 25 0.012566188614573736
2 1 0.047211543537234904
2 2 0.0433967696936233
2 3 0.03977418010769828
2 4 0.03634377477945983
2 5 0.03310555370890797
2 6 0.030059516896042714
2 7 0.027205664340864005
2 8 0.02454399604337189
2 9 0.022074512003566363
2 10 0.019797212221447407
2 11 0.01771209669701505
2 12 0.015819165430269247
2 13 0.014118418421210034
2 14 0.012609855669837402
2 15 0.011293477176151359
2 16 0.010169282940151885
2 17 0.009237272961839002
2 18 0.008497447241212694
2 19 0.007949805778272968
2 20 0.007594348573019826
2 21 0.00743107562545326
2 22 0.007459986935573277
2 23 0.007681082503379865
2 24 0.008094362328873048
2 25 0.008699826412052811
3 1 0.06702500137523906
3 2 0.06160198343613756
3 3 0.056440120963362386
3 4 0.051539413956913534
3 5 0.04689986241679104
3 6 0.042521466342994904
3 7 0.03840422573552508
3 8 0.0345481405943816
3 9 0.03095321091956449
3 10 0.027619436711073708
3 11 0.024546817968909264
3 12 0.02173535469307116
3 13 0.01918504688355941
3 14 0.016895894540373983
3 15 0.014867897663514911
3 16 0.013101056252982178
3 17 0.01159537030877579
3 18 0.01035083983089574
3 19 0.009367464819342036
3 20 0.008645245274114668
3 21 0.00818418119521365
3 22 0.007984272582638972
3 23 0.00804551943639063
3 24 0.008367921756468628
3 25 0.008951479542872978
4 1 0.08913470520850768
4 2 0.08192843792767075
4 3 0.07507858041792372
4 4 0.06858513267926669
4 5 0.06244809471169958
4 6 0.05666746651522244
4 7 0.05124324808983527
4 8 0.04617543943553802
4 9 0.04146404055233074
4 10 0.037109051440213404
4 11 0.033110472099186036
4 12 0.029468302529248595
4 13 0.026182542730401135
4 14 0.02325319270264361
4 15 0.020680252445976037
4 16 0.018463721960398426
4 17 0.016603601245910767
4 18 0.015099890302513061
4 19 0.0139525891302053
4 20 0.013161697728987495
4 21 0.012727216098859644
4 22 0.012649144239821752
4 23 0.012927482151873804
4 24 0.013562229835015812
4 25 0.014553387289247774
5 1 0.12978639349658805
5 2 0.11931938718568091
5 3 0.10941287872556943
5 4 0.10006686811625358
5 5 0.09128135535773348
5 6 0.08305634045000898
5 7 0.07539182339308016
5 8 0.068287804186947
5 9 0.061744282831609466
5 10 0.0557612593270676
5 11 0.05033873367332141
5 12 0.04547670587037088
5 13 0.041175175918216025
5 14 0.0374341438168568
5 15 0.034253609566293246
5 16 0.031633573166525354
5 17 0.029574034617553126
5 18 0.028074993919376554
5 19 0.027136451071995638
5 20 0.02675840607541038
5 21 0.026940858929620795
5 22 0.027683809634626858
5 23 0.028987258190428588
5 24 0.030851204597025967
5 25 0.03327564885441902
6 1 0.20863686034486578
6 2 0.19188107620882033
6 3 0.17613945365007636
6 4 0.16141199266863399
6 5 0.14769869326449314
6 6 0.13499955543765377
6 7 0.12331457918811607
6 8 0.1126437645158799
6 9 0.10298711142094523
6 10 0.09434461990331212
6 11 0.0867162899629806
6 12 0.08010212159995057
6 13 0.0745021148142221
6 14 0.06991626960579521
6 15 0.06634458597466987
6 16 0.06378706392084604
6 17 0.062243703444323756
6 18 0.06171450454510304
6 19 0.06219946722318387
6 20 0.0636985914785663
6 21 0.0662118773112502
6 22 0.06973932472123567
6 23 0.07428093370852268
6 24 0.07983670427311124
6 25 0.08640663641500135
7 1 0.35897216180625063
7 2 0.33028921893851004
7 3 0.303586604234718
7 4 0.27886431769487463
7 5 0.25612235931897975
7 6 0.23536072910703343
7 7 0.21657942705903588
7 8 0.19977845317498677
7 9 0.18495780745488621
7 10 0.17211748989873435
7 11 0.1612575005065311
7 12 0.15237783927827642
7 13 0.14547850621397024
7 14 0.14055950131361275
7 15 0.1376208245772038
7 16 0.13666247600474346
7 17 0.13768445559623171
7 18 0.14068676335166855
7 19 0.145669399271054
7 20 0.15263236335438798
7 21 0.16157565560167061
7 22 0.17249927601290177
7 23 0.18540322458808148
7 24 0.20028750132720993
7 25 0.21715210623028686
8 1 0.7056293833940541
8 2 0.6495739926809528
8 3 0.5979363565226706
8 4 0.5507164749192063
8 5 0.5079143478705606
8 6 0.4695299753767335
8 7 0.4355633574377247
8 8 0.40601449405353396
8 9 0.38088338522416215
8 10 0.3601700309496085
8 11 0.3438744312298734
8 12 0.3319965860649565
8 13 0.32453649545485835
8 14 0.3214941593995785
8 15 0.322869577899117
8 16 0.3286627509534741
8 17 0.3388736785626494
8 18 0.35350236072664326
8 19 0.3725487974454555
8 20 0.39601298871908625
8 21 0.4238949345475354
8 22 0.456194634930803
8 23 0.4929120898688889
8 24 0.5340472993617933
8 25 0.5796002634095163
9 1 1.3385813442421939
9 2 1.2327304055872508
9 3 1.136042021732202
9 4 1.0485161926770477
9 5 0.970152918421789
9 6 0.9009521989664248
9 7 0.8409140343109553
9 8 0.7900384244553806
9 9 0.7483253693997005
9 10 0.7157748691439154
9 11 0.6923869236880247
9 12 0.6781615330320291
9 13 0.6730986971759282
9 14 0.677198416119722
9 15 0.6904606898634104
9 16 0.7128855184069938
9 17 0.7444729017504721
9 18 0.7852228398938447
9 19 0.8351353328371123
9 20 0.8942103805802745
9 21 0.9624479831233317
9 22 1.0398481404662836
9 23 1.1264108526091299
9 24 1.2221361195518714
9 25 1.3270239412945077
10 1 2.2533723873121243
10 2 2.0757254664419715
10 3 1.9143758662484112
10 4 1.7693235867314447
10 5 1.6405686278910694
10 6 1.5281109897272886
10 7 1.431950672240101
10 8 1.3520876754295053
10 9 1.2885219992955024
10 10 1.2412536438380928
10 11 1.2102826090572767
10 12 1.1956088949530526
10 13 1.1972325015254222
10 14 1.2151534287743846
10 15 1.249371676699939
10 16 1.299887245302087
10 17 1.3667001345808278
10 18 1.4498103445361612
10 19 1.5492178751680878
10 20 1.6649227264766076
10 21 1.7969248984617199
10 22 1.9452243911234255
10 23 2.1098212044617237
10 24 2.2907153384766157
10 25 2.487906793168098
11 1 3.329694641202485
11 2 3.067700900849551
11 3 2.830602818094323
11 4 2.618400392936804
11 5 2.431093625376989
11 6 2.268682515414882
11 7 2.131167063050482
11 8 2.018547268283789
11 9 1.9308231311148027
11 10 1.8679946515435235
11 11 1.8300618295699493
11 12 1.8170246651940836
11 13 1.8288831584159246
11 14 1.8656373092354717
11 15 1.9272871176527266
11 16 2.0138325836676874
11 17 2.1252737072803556
11 18 2.2616104884907307
11 19 2.422842927298812
11 20 2.608971023704602
11 21 2.8199947777080965
11 22 3.055914189309299
11 23 3.316729258508208
11 24 3.602439985304824
11 25 3.913046369699147
12 1 4.674626506191301
12 2 4.307345015560178
12 3 3.9758784096129203
12 4 3.6802266883495345
12 5 3.4203898517700124
12 6 3.1963678998743594
12 7 3.008160832662572
12 8 2.8557686501346518
12 9 2.7391913522905997
12 10 2.6584289391304146
12 11 2.613481410654095
12 12 2.6043487668616434
12 13 2.631031007753059
12 14 2.6935281333283405
12 15 2.7918401435874904
12 16 2.9259670385305068
12 17 3.0959088181573895
12 18 3.30166548246814
12 19 3.543237031462757
12 20 3.820623465141241
12 21 4.133824783503593
12 22 4.482840986549812
12 23 4.867672074279898
12 24 5.28831804669385
12 25 5.744778903791668
13 1 6.112302852406301
13 2 5.632559167850319
13 3 5.2004409305710055
13 4 4.815948140568345
13 5 4.479080797842345
13 6 4.189838902393004
13 7 3.9482224542203213
13 8 3.7542314533242997
13 9 3.607865899704937
13 10 3.509125793362234
13 11 3.4580111342961923
13 12 3.4545219225068076
13 13 3.498658157994084
13 14 3.5904198407580186
13 15 3.7298069707986135
13 16 3.9168195481158676
13 17 4.1514575727097816
13 18 4.433721044580355
13 19 4.7636099637275855
13 20 5.141124330151479
13 21 5.566264143852029
13 22 6.039029404829242
13 23 6.559420113083112
13 24 7.12743626861364
13 25 7.743077871420832
14 1 7.740862275429895
14 2 7.133799793648097
14 3 6.587862393728147
14 4 6.103050075670041
14 5 5.679362839473782
14 6 5.316800685139371
14 7 5.015363612666801
14 8 4.775051622056082
14 9 4.595864713307206
14 10 4.477802886420179
14 11 4.420866141394992
14 12 4.425054478231656
14 13 4.490367896930166
14 14 4.61680639749052
14 15 4.804369979912722
14 16 5.053058644196769
14 17 5.362872390342662
14 18 5.733811218350401
14 19 6.165875128219986
14 20 6.65906411995142
14 21 7.213378193544696
14 22 7.828817348999823
14 23 8.50538158631679
14 24 9.243070905495607
14 25 10.041885306536265
15 1 9.550755894809301
15 2 8.802268616018223
15 3 8.130022538900084
15 4 7.5340176634548754
15 5 7.014253989682604
15 6 6.570731517583266
15 7 6.203450247156864
15 8 5.9124101784034
15 9 5.697611311322868
15 10 5.559053645915272
15 11 5.496737182180607
15 12 5.510661920118882
15 13 5.600827859730091
15 14 5.767235001014234
15 15 6.009883343971312
15 16 6.328772888601325
15 17 6.723903634904272
15 18 7.195275582880156
15 19 7.742888732528975
15 20 8.366743083850729
15 21 9.06683863684542
15 22 9.84317539151304
15 23 10.695753347853598
15 24 11.624572505867091
15 25 12.629632865553518
16 1 11.575552257431216
16 2 10.668917209442318
16 3 9.85554608921642
16 4 9.135438896753511
16 5 8.5085956320536
16 6 7.975016295116688
16 7 7.534700885942766
16 8 7.1876494045318395
16 9 6.933861850883911
16 10 6.77333822499898
16 11 6.706078526877043
16 12 6.7320827565181
16 13 6.851350913922154
16 14 7.063882999089205
16 15 7.369679012019248
16 16 7.768738952712288
16 17 8.261062821168323
16 18 8.846650617387354
16 19 9.525502341369382
16 20 10.297617993114404
16 21 11.162997572622425
16 22 12.121641079893436
16 23 13.173548514927448
16 24 14.31871987772445
16 25 15.557155168284451
17 1 13.564108458684219
17 2 12.502215536428098
17 3 11.550400013457239
17 4 10.708661889771628
17 5 9.97700116537128
17 6 9.355417840256186
17 7 8.84391191442635
17 8 8.442483387881772
17 9 8.151132260622452
17 10 7.969858532648387
17 11 7.89866220395958
17 12 7.93754327455603
17 13 8.086501744437737
17 14 8.345537613604705
17 15 8.714650882056924
17 16 9.193841549794405
17 17 9.783109616817137
17 18 10.482455083125126
17 19 11.29187794871838
17 20 12.211378213596886
17 21 13.240955877760655
17 22 14.380610941209675
17 23 15.630343403943952
17 24 16.99015326596349
17 25 18.460040527268276
18 1 15.825090056444987
18 2 14.586731319614845
18 3 13.477666313570097
18 4 12.497895038310753
18 5 11.647417493836809
18 6 10.926233680148275
18 7 10.334343597245148
18 8 9.871747245127414
18 9 9.538444623795096
18 10 9.33443573324818
18 11 9.259720573486666
18 12 9.314299144510555
18 13 9.498171446319855
18 14 9.811337478914558
18 15 10.253797242294663
18 16 10.825550736460174
18 17 11.526597961411087
18 18 12.356938917147405
18 19 13.316573603669127
18 20 14.40550202097626
18 21 15.623724169068796
18 22 16.971240047946733
18 23 18.44804965761007
18 24 20.054152998058814
18 25 21.789550069292968
19 1 18.062361501048706
19 2 16.64944598883734
19 3 15.384933099302426
19 4 14.26882283244397
19 5 13.30111518826198
19 6 12.481810166756443
19 7 11.810907767927349
19 8 11.288407991774726
19 9 10.914310838298558
19 10 10.688616307498844
19 11 10.611324399375588
19 12 10.68243511392879
19 13 10.901948451158445
19 14 11.269864411064558
19 15 11.786182993647127
19 16 12.450904198906157
19 17 13.264028026841643
19 18 14.22555447745358
19 19 15.335483550741978
19 20 16.593815246706832
19 21 18.000549565348148
19 22 19.555686506665914
19 23 21.25922607066014
19 24 23.111168257330824
19 25 25.111513066677958
20 1 20.12947760498442
20 2 18.5553297132039
20 3 17.147318015102694
20 4 15.90544251068081
20 5 14.82970319993826
20 6 13.920100082875013
20 7 13.176633159491093
20 8 12.599302429786485
20 9 12.188107893761206
20 10 11.943049551415243
20 11 11.864127402748602
20 12 11.951341447761273
20 13 12.204691686453272
20 14 12.624178118824581
20 15 13.209800744875222
20 16 13.961559564605171
20 17 14.879454578014446
20 18 15.963485785103037
20 19 17.21365318587095
20 20 18.629956780318178
20 21 20.21239656844473
20 22 21.9609725502506
20 23 23.875684725735784
20 24 25.9565330949003
20 25 28.203517657744126
21 1 22.267003165678165
21 2 20.52617867468108
21 3 18.969904571701083
21 4 17.598180856738217
21 5 16.41100752979247
21 6 15.408384590863836
21 7 14.590312039952323
21 8 13.956789877057924
21 9 13.507818102180636
21 10 13.243396715320472
21 11 13.163525716477414
21 12 13.268205105651475
21 13 13.55743488284266
21 14 14.031215048050955
21 15 14.689545601276372
21 16 15.5324265425189
21 17 16.559857871778544
21 18 17.771839589055308
21 19 19.16837169434918
21 20 20.74945418766018
21 21 22.51508706898829
21 22 24.46527033833351
21 23 26.600003995695857
21 24 28.919288041075315
21 25 31.42312247447189
22 1 24.32038506651278
22 2 22.419490953874135
22 3 20.720910128543554
22 4 19.22464259052106
22 5 17.930688339806643
22 6 16.839047376400323
22 7 15.949719700302072
22 8 15.262705311511905
22 9 14.778004210029826
22 10 14.495616395855823
22 11 14.415541868989912
22 12 14.537780629432076
22 13 14.862332677182323
22 14 15.38919801224065
22 15 16.118376634607063
22 16 17.049868544281562
22 17 18.183673741264144
22 18 19.519792225554802
22 19 21.05822399715354
22 20 22.798969056060372
22 21 24.742027402275276
22 22 26.887399035798264
22 23 29.23508395662934
22 24 31.785082164768486
22 25 34.53739366021572
23 1 26.461661592699663
23 2 24.393895542279825
23 3 22.547045509929728
23 4 20.921111495649352
23 5 19.5160934994387
23 6 18.331991521297816
23 7 17.368805561226633
23 8 16.626535619225198
23 9 16.1051816952935
23 10 15.804743789431532
23 11 15.725221901639305
23 12 15.8666160319168
23 13 16.228926180264036
23 14 16.812152346681
23 15 17.616294531167707
23 16 18.641352733724148
23 17 19.887326954350307
23 18 21.354217193046214
23 19 23.042023449811847
23 20 24.950745724647216
23 21 27.080384017552326
23 22 29.430938328527162
23 23 32.002408657571735
23 24 34.79479500468603
23 25 37.80809736987007
24 1 28.57514626117756
24 2 26.342727086231715
24 3 24.34967038474058
24 4 22.595976156704175
24 5 21.081644402122482
24 6 19.806675120995525
24 7 18.771068313323276
24 8 17.97482397910576
24 9 17.41794211834296
24 10 17.10042273103489
24 11 17.022265817181538
24 12 17.183471376782915
24 13 17.58403940983901
24 14 18.223969916349827
24 15 19.103262896315368
24 16 20.221918349735635
24 17 21.57993627661062
24 18 23.17731667694033
24 19 25.014059550724767
24 20 27.09016489796392
24 21 29.4056327186578
24 22 31.960463012806397
24 23 34.75465578040971
24 24 37.78821102146777
24 25 41.06112873598054
25 1 30.563512150406613
25 2 28.17624066774975
25 3 26.04577181291107
25 4 24.172105585890602
25 5 22.55524198668831
25 6 21.19518101530423
25 7 20.09192267173832
25 8 19.245466955990622
25 9 18.65581386806111
25 10 18.322963407949803
25 11 18.24691557565668
25 12 18.427670371181755
25 13 18.86522779452502
25 14 19.55958784568649
25 15 20.510750524666143
25 16 21.718715831464003
25 17 23.18348376608006
25 18 24.905054328514293
25 19 26.88342751876673
25 20 29.11860333683735
25 21 31.610581782726182
25 22 34.3593628564332
25 23 37.36494655795841
25 24 40.627332887301826
25 25 44.14652184446343
26 1 32.487474298083164
26 2 29.95042301096053
26 3 27.687140941796386
26 4 25.697628090590765
26 5 23.981884457343668
26 6 22.539910042055073
26 7 21.371704844724988
26 8 20.477268865353427
26 9 19.85660210394037
26 10 19.509704560485844
26 11 19.436576234989815
26 12 19.637217127452296
26 13 20.1116272378733
26 14 20.859806566252818
26 15 21.88175511259085
26 16 23.17747287688739
26 17 24.746959859142446
26 18 26.590216059356017
26 19 28.707241477528093
26 20 31.098036113658704
26 21 33.76259996774781
26 22 36.700933039795444
26 23 39.913035329801566
26 24 43.398906837766205
26 25 47.15854756368938
27 1 34.28411660283728
27 2 31.607258089005043
27 3 29.22011032953165
27 4 27.122673324417068
27 5 25.314947073661312
27 6 23.796931577264388
27 7 22.56862683522629
27 8 21.630032847547024
27 9 20.981149614226567
27 10 20.62197713526495
27 11 20.55251541066215
27 12 20.772764440418186
27 13 21.282724224533037
27 14 22.082394763006718
27 15 23.171776055839214
27 16 24.550868103030552
27 17 26.21967090458071
27 18 28.17818446048969
27 19 30.426408770757504
27 20 32.964343835384135
27 21 35.7919896543696
27 22 38.909346227713876
27 23 42.31641355541698
27 24 46.013191637478926
27 25 49.99968047389967
28 1 36.02132490488841
28 2 33.20935518731282
28 3 30.70262476599527
28 4 28.501133640935805
28 5 26.604881812134334
28 6 25.01386927959089
28 7 23.72809604330548
28 8 22.74756210327812
28 9 22.07226745950877
28 10 21.702212111997465
28 11 21.637396060744184
28 12 21.877819305748933
28 13 22.423481847011722
28 14 23.27438368453254
28 15 24.430524818311387
28 16 25.891905248348266
28 17 27.658524974643193
28 18 29.730383997196117
28 19 32.10748231600711
28 20 34.78981993107612
28 21 37.77739684240315
28 22 41.070213049988226
28 23 44.66826855383132
28 24 48.571563353932454
28 25 52.780097450291635
29 1 37.54096343139931
29 2 34.61088193596891
29 3 31.99974883137553
29 4 29.70756411761917
29 5 27.734327794699826
29 6 26.08003986261751
29 7 24.744700321372218
29 8 23.72830917096394
29 9 23.030866411392683
29 10 22.652372042658442
29 11 22.59282606476123
29 12 22.85222847770103
29 13 23.430579281477858
29 14 24.3278784760917
29 15 25.544126061542563
29 16 27.07932203783044
29 17 28.933466404955343
29 18 31.106559162917268
29 19 33.59860031171621
29 20 36.40958985135217
29 21 39.53952778182515
29 22 42.98841410313516
29 23 46.7562488152822
29 24 50.84303191826625
29 25 55.24876341208729
30 1 38.772164873199515
30 2 35.74646784674894
30 3 33.05095146680989
30 4 30.685615733382402
30 5 28.650460646466446
30 6 26.94548620606204
30 7 25.57069241216917
30 8 24.52607926478784
30 9 23.811646763918038
30 10 23.427394909559798
30 11 23.373323701713087
30 12 23.649433140377926
30 13 24.255723225554295
30 14 25.192193957242203
30 15 26.45884533544165
30 16 28.055677360152647
30 17 29.982690031375178
30 18 32.23988334910926
30 19 34.82725731335488
30 20 37.744811924112035
30 21 40.992547181380736
30 22 44.57046308516096
30 23 48.47855963545275
30 24 52.716836832256064
30 25 57.285294675570924
31 1 39.83147568521693
31 2 36.72360079233322
31 3 33.955713084886376
31 4 31.527812562876356
31 5 29.439899226303165
31 6 27.691973075166796
31 7 26.284034109467267
31 8 25.216082329204568
31 9 24.488117734378704
31 10 24.10014032498965
31 11 24.052150101037444
31 12 24.34414706252206
31 13 24.97613120944352
31 14 25.948102541801813
31 15 27.26006105959692
31 16 28.912006762828863
31 17 30.903939651497648
31 18 33.23585972560325
31 19 35.90776698514569
31 20 38.91966143012496
31 21 42.27154306054107
31 22 45.963411876394005
31 23 49.99526787768375
31 24 54.367111064410345
31 25 59.07894143657378
32 1 40.68611410519644
32 2 37.51204562927943
32 3 34.686047340357874
32 4 32.20811923843174
32 5 30.07826132350105
32 6 28.29647359556579
32 7 26.86275605462598
32 8 25.777108700681598
32 9 25.039531533732664
32 10 24.65002455377916
32 11 24.60858776082109
32 12 24.915221154858475
32 13 25.56992473589129
32 14 26.572698503919536
32 15 27.923542458943224
32 16 29.62245660096236
32 17 31.66944092997693
32 18 34.06449544598692
32 19 36.80762014899237
32 20 39.898815038993256
32 21 43.33808011598957
32 22 47.12541537998135
32 23 51.260820830968505
32 24 55.74429646895115
32 25 60.575842293929234
33 1 41.303660695035596
33 2 38.081888021485724
33 3 35.21422897005436
33 4 32.7006835407415
33 5 30.541251733547185
33 6 28.735933548471348
33 7 27.284728985514047
33 8 26.187638044675243
33 9 25.44466072595497
33 10 25.055797029353204
33 11 25.021046954869966
33 12 25.340410502505225
33 13 26.01388767225902
33 14 27.041478464131313
33 15 28.423182878122123
33 16 30.15900091423146
33 17 32.248932572459296
33 18 34.69297785280566
33 19 37.49113675527053
33 20 40.643409279853934
33 21 44.14979542655585
33 22 48.010295195376266
33 23 52.22490858631519
33 24 56.79363559937264
33 25 61.716476234548615
34 1 41.719539667653436
34 2 38.465814660695166
34 3 35.57055208601422
34 4 33.03375194361059
34 5 30.855414233484296
34 6 29.03553895563531
34 7 27.574126110063645
34 8 26.47117569676932
34 9 25.726687715752295
34 10 25.340662167012596
34 11 25.313099050550214
34 12 25.64399836636517
34 13 26.33336011445743
34 14 27.381184294827012
34 15 28.787470907473914
34 16 30.552219952398147
34 17 32.67543142959968
34 18 35.157105339078555
34 19 37.99724168083474
34 20 41.195840454868225
34 21 44.75290166117907
34 22 48.668425299767215
34 23 52.942411370632676
34 24 57.57485987377547
34 25 62.565770809195584
35 1 41.90902382999435
35 2 38.64102421538419
35 3 35.73392453938633
35 4 33.18772480200076
35 5 31.002425003227465
35 6 29.17802514306647
35 7 27.714525221517754
35 8 26.611925238581325
35 9 25.87022519425718
35 10 25.489425088545318
35 11 25.469524921445753
35 12 25.810524692958456
35 13 26.512424403083457
35 14 27.575224051820754
35 15 28.998923639170325
35 16 30.783523165132188
35 17 32.92902262970633
35 18 35.43542203289276
35 19 38.302721374691465
35 20 41.53092065510248
35 21 45.120019874125774
35 22 49.07001903176135
35 23 53.3809181280092
35 24 58.05271716286934
35 25 63.08541613634177
36 1 41.87110243498789
36 2 38.606503796308424
36 3 35.70319240619271
36 4 33.1611682646407
36 5 30.980431371652433
36 6 29.16098172722787
36 7 27.702819331367042
36 8 26.605944184069948
36 9 25.870356285336566
36 10 25.496055635166908
36 11 25.48304223356098
36 12 25.83131608051877
36 13 26.540877176040283
36 14 27.611725520125525
36 15 29.04386111277449
36 16 30.83728395398718
36 17 32.99199404376359
36 18 35.50799138210372
36 19 38.38527596900758
36 20 41.62384780447517
36 21 45.22370688850648
36 22 49.18485322110151
36 23 53.50728680226027
36 24 58.19100763198275
36 25 63.23601571026897
37 1 41.599178945136856
37 2 38.356280054693194
37 3 35.47312368187822
37 4 32.94970982669191
37 5 30.786038489134285
37 6 28.98210966920533
37 7 27.537923366905062
37 8 26.453479582233477
37 9 25.728778315190553
37 10 25.363819565776325
37 11 25.358603333990768
37 12 25.713129619833893
37 13 26.427398423305686
37 14 27.50140974440617
37 15 28.935163583135328
37 16 30.728659939493163
37 17 32.88189881347968
37 18 35.39488020509488
37 19 38.26760411433875
37 20 41.500070541211294
37 21 45.09227948571253
37 22 49.04423094784242
37 23 53.35592492760101
37 24 58.02736142498827
37 25 63.058540440004215
38 1 41.10054170208099
38 2 37.897002266165764
38 3 35.0496775954957
38 4 32.558567690070774
38 5 30.423672549891
38 6 28.64499217495638
38 7 27.222526565266914
38 8 26.15627572082259
38 9 25.446239641623432
38 10 25.09241832766942
38 11 25.094811778960565
38 12 25.45341999549686
38 13 26.168242977278307
38 14 27.23928072430492
38 15 28.666533236576665
38 16 30.450000514093574
38 17 32.58968255685564
38 18 35.085579364862866
38 19 37.937690938115225
38 20 41.14601727661275
38 21 44.71055838035542
38 22 48.63131424934325
38 23 52.908284883576236
38 24 57.54147028305436
38 25 62.530870447777666
39 1 40.4201009279437
39 2 37.270060208517165
39 3 34.47108061075165
39 4 32.02316213464708
39 5 29.926304780203523
39 6 28.180508547420928
39 7 26.78577343629931
39 8 25.74209944683869
39 9 25.049486579039034
39 10 24.707934832900364
39 11 24.717444208422677
39 12 25.07801470560597
39 13 25.789646324450235
39 14 26.852339064955487
39 15 28.266092927121726
39 16 30.03090791094894
39 17 32.14678401643713
39 18 34.613721243586305
39 19 37.431719592396476
39 20 40.6007790628676
39 21 44.12089965499972
39 22 47.992081368792824
39 23 52.214324204246886
39 24 56.78762816136194
39 25 61.711993240137986
40 1 39.47335226852707
40 2 36.39758937878736
40 3 33.66546130881145
40 4 31.276968058599397
40 5 29.23210962815117
40 6 27.53088601746679
40 7 26.173297226546246
40 8 25.159343255389526
40 9 24.48902410399666
40 10 24.162339772367602
40 11 24.17929026050239
40 12 24.539875568401015
40 13 25.24409569606347
40 14 26.291950643489766
40 15 27.6834404106799
40 16 29.41856499763386
40 17 31.497324404351666
40 18 33.9197186308333
40 19 36.68574767707877
40 20 39.79541154308807
40 21 43.248710228861206
40 22 47.04564373439818
40 23 51.186212059698995
40 24 55.67041520476362
40 25 60.4982531695921
41 1 38.323145101474765
41 2 35.33749715875056
41 3 32.68626021043649
41 4 30.369434256532543
41 5 28.38701929703873
41 6 26.739015331955052
41 7 25.42542236128151
41 8 24.446240385018093
41 9 23.801469403164823
41 10 23.491109415721667
41 11 23.515160422688663
41 12 23.873622424065772
41 13 24.56649541985303
41 14 25.593779410050416
41 15 26.955474394657934
41 16 28.651580373675593
41 17 30.68209734710338
41 18 33.0470253149413
41 19 35.74636427718935
41 20 38.78011423384754
41 21 42.14827518491587
41 22 45.85084713039433
41 23 49.887830070282895
41 24 54.259224004581625
41 25 58.96502893329048
42 1 37.010259164102
42 2 34.12737318905417
42 3 31.568211701286742
42 4 29.332774700799803
42 5 27.421062187593247
42 6 25.833074161667145
42 7 24.56881062302148
42 8 23.62827157165627
42 9 23.01145700757146
42 10 22.71836693076711
42 11 22.74900134124318
42 12 23.103360238999695
42 13 23.781443624036648
42 14 24.783251496354023
42 15 26.10878385595185
42 16 27.758040702830105
42 17 29.731022036988794
42 18 32.02772785842794
42 19 34.64815816714748
42 20 37.59231296314747
42 21 40.860192246427914
42 22 44.45179601698878
42 23 48.367124274830076
42 24 52.606177019951815
42 25 57.168954252353984
43 1 35.4496724937768
43 2 32.68884744968958
43 3 30.238901017412278
43 4 28.09983319694487
43 5 26.271643988287384
43 6 24.754333391439804
43 7 23.54790140640214
43 8 22.65234803317439
43 9 22.06767327175655
43 10 21.793877122148626
43 11 21.8309595843506
43 12 22.178920658362507
43 13 22.837760344184318
43 14 23.807478641816047
43 15 25.088075551257674
43 16 26.67955107250923
43 17 28.581905205570703
43 18 30.795137950442065
43 19 33.31924930712334
43 20 36.15423927561455
43 21 39.30010785591567
43 22 42.756855048026694
43 23 46.52448085194763
43 24 50.602985267678484
43 25 54.99236829521924
44 1 33.78982676086374
44 2 31.158750707717065
44 3 28.82476899165299
44 4 26.787881612671605
44 5 25.04808857077281
44 6 23.605389865956624
44 7 22.459785498223106
44 8 21.611275467572195
44 9 21.059859774003925
44 10 20.805538417518285
44 11 20.84831139811527
44 12 21.188178715794884
44 13 21.825140370557133
44 14 22.759196362402015
44 15 23.99034669132952
44 16 25.518591357339666
44 17 27.34393036043243
44 18 29.466363700607832
44 19 31.885891377865857
44 20 34.60251339220652
44 21 37.61622974362981
44 22 40.92704043213573
44 23 44.53494545772428
44 24 48.43994482039545
44 25 52.64203852014928
45 1 32.021022200232814
45 2 29.528147320834655
45 3 27.317573038289815
45 4 25.389299352598236
45 5 23.74332626375995
45 6 22.37965377177495
45 7 21.298281876643216
45 8 20.499210578364785
45 9 19.982439876939626
45 10 19.74796977236776
45 11 19.79580026464918
45 12 20.12593135378388
45 13 20.738363039771865
45 14 21.633095322613137
45 15 22.81012820230769
45 16 24.269461678855535
45 17 26.01109575225665
45 18 28.035030422511056
45 19 30.341265689618748
45 20 32.92980155357972
45 21 35.80063801439398
45 22 38.95377507206153
45 23 42.38921272658234
45 24 46.10695097795646
45 25 50.10698982618387
46 1 30.071657062188336
46 2 27.731028533028745
46 3 25.65629623690903
46 4 23.847460173829162
46 5 22.304520343789168
46 6 21.027476746789016
46 7 20.016329382828758
46 8 19.271078251908353
46 9 18.791723354027813
46 10 18.578264689187115
46 11 18.630702257386307
46 12 18.949036058625346
46 13 19.533266092904256
46 14 20.383392360223027
46 15 21.49941486058166
46 16 22.881333593980155
46 17 24.529148560418516
46 18 26.44285975989674
46 19 28.62246719241482
46 20 31.067970857972774
46 21 33.779370756570586
46 22 36.756666888208265
46 23 39.9998592528858
46 24 43.5089478506032
46 25 47.28393268136046
47 1 28.022529908818544
47 2 25.84187981946004
47 3 23.90978660398218
47 4 22.22625026238498
47 5 20.791270794668424
47 6 19.604848200832507
47 7 18.66698248087725
47 8 17.97767363480262
47 9 17.536921662608652
47 10 17.34472656429533
47 11 17.40108833986264
47 12 17.706006989310612
47 13 18.259482512639213
47 14 19.061514909848473
47 15 20.112104180938378
47 16 21.41125032590893
47 17 22.958953344760133
47 18 24.755213237491965
47 19 26.80003000410446
47 20 29.093403644597597
47 21 31.63533415897137
47 22 34.4258215472258
47 23 37.46486580936088
47 24 40.7524669453766
47 25 44.288624955272965
48 1 25.940859052840036
48 2 23.922673591286586
48 3 22.135342547659654
48 4 20.57886592195924
48 5 19.25324371418533
48 6 18.158475924337942
48 7 17.294562552417066
48 8 16.6615035984227
48 9 16.25929906235484
48 10 16.087948944213498
48 11 16.14745324399866
48 12 16.437811961710352
48 13 16.959025097348544
48 14 17.71109265091325
48 15 18.69401462240447
48 16 19.9077910118222
48 17 21.352421819166445
48 18 23.0279070444372
48 19 24.934246687634463
48 20 27.071440748758246
48 21 29.439489227808536
48 22 32.03839212478534
48 23 34.86814943968865
48 24 37.92876117251848
48 25 41.22022732327482
49 1 23.667436016027523
49 2 21.826623486278397
49 3 20.197240519155677
49 4 18.779287114659343
49 5 17.572763272789416
49 6 16.57766899354588
49 7 15.794004276928751
49 8 15.221769122938015
49 9 14.860963531573672
49 10 14.71158750283573
49 11 14.773641036724186
49 12 15.047124133239036
49 13 15.532036792380293
49 14 16.22837901414794
49 15 17.136150798541987
49 16 18.255352145562426
49 17 19.58598305520927
49 18 21.128043527482507
49 19 22.881533562382142
49 20 24.846453159908183
49 21 27.022802320060613
49 22 29.410581042839446
49 23 32.00978932824467
49 24 34.8204271762763
49 25 37.84249458693432
50 1 21.57969744214806
50 2 19.901721252642073
50 3 18.417256795491195
50 4 17.12630407069543
50 5 16.028863078254787
50 6 15.124933818169257
50 7 14.414516290438842
50 8 13.897610495063535
50 9 13.574216432043348
50 10 13.444334101378281
50 11 13.50796350306833
50 12 13.765104637113494
50 13 14.215757503513773
50 14 14.859922102269163
50 15 15.69759843337968
50 16 16.7287864968453
50 17 17.953486292666046
50 18 19.371697820841902
50 19 20.983421081372875
50 20 22.788656074258963
50 21 24.787402799500164
50 22 26.97966125709649
50 23 29.36543144704793
50 24 31.94471336935447
50 25 34.71750702401614
51 1 19.37985932479765
51 2 17.873412917472844
51 3 16.541518032632293
51 4 15.384174670275996
51 5 14.401382830403941
51 6 13.593142513016144
51 7 12.959453718112595
51 8 12.500316445693294
51 9 12.215730695758245
51 10 12.105696468307444
51 11 12.1702137633409
51 12 12.409282580858605
51 13 12.822902920860558
51 14 13.411074783346763
51 15 14.173798168317218
51 16 15.111073075771916
51 17 16.22289950571087
51 18 17.509277458134083
51 19 18.970206933041535
51 20 20.605687930433245
51 21 22.415720450309202
51 22 24.400304492669417
51 23 26.559440057513868
51 24 28.89312714484258
51 25 31.401365754655547
52 1 17.371978903216103
52 2 16.02204957552313
52 3 14.829293618443696
52 4 13.793711031977786
52 5 12.915301816125398
52 6 12.19406597088653
52 7 11.630003496261187
52 8 11.223114392249375
52 9 10.973398658851082
52 10 10.880856296066309
52 11 10.945487303895069
52 12 11.167291682337343
52 13 11.546269431393146
52 14 12.082420551062471
52 15 12.775745041345322
52 16 13.626242902241701
52 17 14.633914133751592
52 18 15.798758735875017
52 19 17.120776708611963
52 20 18.59996805196243
52 21 20.236332765926427
52 22 22.029870850503944
52 23 23.980582305694988
52 24 26.08846713149955
52 25 28.35352532791765
53 1 15.312941217691721
53 2 14.12347041808534
53 3 13.073277567193758
53 4 12.162362665016984
53 5 11.390725711555005
53 6 10.758366706807822
53 7 10.265285650775446
53 8 9.91148254345787
53 9 9.696957384855095
53 10 9.621710174967118
53 11 9.685740913793945
53 12 9.88904960133557
53 13 10.231636237591989
53 14 10.713500822563214
53 15 11.334643356249243
53 16 12.095063838650065
53 17 12.994762269765692
53 18 14.033738649596117
53 19 15.211992978141348
53 20 16.52952525540137
53 21 17.986335481376198
53 22 19.582423656065828
53 23 21.317789779470253
53 24 23.192433851589485
53 25 25.206355872423515
54 1 13.122087633166824
54 2 12.103292322665721
54 3 11.20464496917053
54 4 10.426145572681259
54 5 9.767794133197906
54 6 9.229590650720477
54 7 8.811535125248964
54 8 8.513627556783371
54 9 8.335867945323699
54 10 8.278256290869944
54 11 8.34079259342211
54 12 8.523476852980197
54 13 8.826309069544202
54 14 9.249289243114129
54 15 9.792417373689975
54 16 10.455693461271743
54 17 11.23911750585943
54 18 12.142689507453033
54 19 13.166409466052562
54 20 14.310277381658004
54 21 15.574293254269367
54 22 16.95845708388665
54 23 18.46276887050986
54 24 20.08722861413898
54 25 21.831836314774023
55 1 11.138835677354903
55 2 10.27448814121458
55 3 9.512883188941382
55 4 8.854020820535334
55 5 8.297901035996436
55 6 7.844523835324674
55 7 7.493889218520062
55 8 7.245997185582591
55 9 7.100847736512262
55 10 7.058440871309081
55 11 7.118776589973039
55 12 7.281854892504144
55 13 7.5476757789023905
55 14 7.91623924916778
55 15 8.387545303300312
55 16 8.961593941299993
55 17 9.638385163166816
55 18 10.417918968900779
55 19 11.30019535850189
55 20 12.285214331970138
55 21 13.372975889305536
55 22 14.563480030508074
55 23 15.856726755577759
55 24 17.252716064514583
55 25 18.75144795731856
56 1 9.302151898595422
56 2 8.580784184352549
56 3 7.945953464986951
56 4 7.3976597404986135
56 5 6.935903010887542
56 6 6.560683276153743
56 7 6.272000536297211
56 8 6.069854791317944
56 9 5.954246041215942
56 10 5.925174285991208
56 11 5.982639525643743
56 12 6.126641760173546
56 13 6.357180989580614
56 14 6.674257213864947
56 15 7.077870433026552
56 16 7.568020647065421
56 17 8.144707855981558
56 18 8.807932059774963
56 19 9.557693258445633
56 20 10.393991451993571
56 21 11.31682664041878
56 22 12.326198823721253
56 23 13.422108001900991
56 24 14.604554174957997
56 25 15.873537342892273
57 1 7.4582754942435
57 2 6.88038453879152
57 3 6.3726602405567645
57 4 5.935102599539248
57 5 5.567711615738963
57 6 5.27048728915591
57 7 5.043429619790086
57 8 4.886538607641497
57 9 4.799814252710139
57 10 4.783256554996012
57 11 4.836865514499119
57 12 4.960641131219458
57 13 5.154583405157026
57 14 5.41869233631183
57 15 5.752967924683865
57 16 6.157410170273134
57 17 6.632019073079632
57 18 7.1767946331033645
57 19 7.791736850344328
57 20 8.476845724802525
57 21 9.232121256477951
57 22 10.057563445370615
57 23 10.953172291480504
57 24 11.918947794807627
57 25 12.954889955351982
58 1 5.8293953366928495
58 2 5.378184874726902
58 3 4.982572007147161
58 4 4.642556733953632
58 5 4.358139055146302
58 6 4.129318970725183
58 7 3.956096480690273
58 8 3.838471585041568
58 9 3.7764442837790706
58 10 3.7700145769027777
58 11 3.8191824644126946
58 12 3.9239479463088176
58 13 4.084311022591148
58 14 4.300271693259685
58 15 4.571829958314428
58 16 4.898985817755378
58 17 5.281739271582535
58 18 5.7200903197959
58 19 6.214038962395471
58 20 6.763585199381252
58 21 7.368729030753238
58 22 8.029470456511428
58 23 8.74580947665583
58 24 9.517746091186435
58 25 10.345280300103248
59 1 4.441695682425459
59 2 4.098342042818576
59 3 3.798066853973761
59 4 3.540870115891022
59 5 3.3267518285703566
59 6 3.155711992011763
59 7 3.027750606215245
59 8 2.9428676711807995
59 9 2.9010631869084316
59 10 2.9023371533981335
59 11 2.9466895706499097
59 12 3.0341204386637606
59 13 3.1646297574396836
59 14 3.3382175269776817
59 15 3.554883747277753
59 16 3.814628418339898
59 17 4.117451540164118
59 18 4.46335311275041
59 19 4.852333136098777
59 20 5.284391610209216
59 21 5.7595285350817305
59 22 6.277743910716318
59 23 6.839037737112979
59 24 7.443410014271714
59 25 8.09086074219252
60 1 3.1925073615355433
60 2 2.9461695715928697
60 3 2.7315194327307157
60 4 2.5485569449490857
60 5 2.397282108247975
60 6 2.277694922627387
60 7 2.1897953880873198
60 8 2.133583504627774
60 9 2.10905927224875
60 10 2.1162226909502464
60 11 2.1550737607322645
60 12 2.225612481594804
60 13 2.3278388535378647
60 14 2.4617528765614463
60 15 2.6273545506655496
60 16 2.824643875850175
60 17 3.0536208521153214
60 18 3.3142854794609877
60 19 3.6066377578871776
60 20 3.930677687393888
60 21 4.28640526798112
60 22 4.673820499648871
60 23 5.092923382397146
60 24 5.543713916225941
60 25 6.026192101135258
61 1 2.1365055896949383
61 2 1.972093154763228
61 3 1.829599208520033
61 4 1.7090237509653512
61 5 1.610366782099184
61 6 1.533628301921532
61 7 1.4788083104323948
61 8 1.4459068076317723
61 9 1.434923793519665
61 10 1.4458592680960707
61 11 1.478713231360993
61 12 1.533485683314429
61 13 1.6101766239563806
61 14 1.7087860532868457
61 15 1.8293139713058268
61 16 1.9717603780133215
61 17 2.1361252734093314
61 18 2.322408657493856
61 19 2.530610530266895
61 20 2.760730891728448
61 21 3.0127697418785173
61 22 3.2867270807171005
61 23 3.582602908244198
61 24 3.9003972244598106
61 25 4.240110029363938
62 1 1.2586408463029009
62 2 1.162225821256482
62 3 1.0794344905660962
62 4 1.010266854231743
62 5 0.9547229122534235
62 6 0.9128026646311376
62 7 0.8845061113648843
62 8 0.8698332524546648
62 9 0.8687840879004778
62 10 0.881358617702325
62 11 0.9075568418602047
62 12 0.9473787603741183
62 13 1.0008243732440645
62 14 1.0678936804700443
62 15 1.1485866820520576
62 16 1.2429033779901038
62 17 1.3508437682841834
62 18 1.4724078529342954
62 19 1.6075956319404423
62 20 1.7564071053026211
62 21 1.9188422730208339
62 22 2.0949011350950792
62 23 2.2845836915253583
62 24 2.487889942311671
62 25 2.704819887454017
63 1 0.649267150272113
63 2 0.5999317005238624
63 3 0.5582672936380494
63 4 0.5242739296146749
63 5 0.4979516084537385
63 6 0.4793003301552403
63 7 0.4683200947191807
63 8 0.4650109021455588
63 9 0.46937275243437543
63 10 0.4814056455856305
63 11 0.5011095815993233
63 12 0.5284845604754544
63 13 0.563530582214024
63 14 0.6062476468150316
63 15 0.6566357542784776
63 16 0.7146949046043617
63 17 0.7804250977926841
63 18 0.8538263338434445
63 19 0.9348986127566435
63 20 1.0236419345322803
63 21 1.120056299170356
63 22 1.2241417066708693
63 23 1.3358981570338209
63 24 1.4553256502592107
63 25 1.582424186347039
64 1 0.28798716887170506
64 2 0.26644217504278694
64 3 0.248843433783451
64 4 0.23519094509369742
64 5 0.22548470897352652
64 6 0.21972472542293772
64 7 0.21791099444193143
64 8 0.2200435160305076
64 9 0.226122290188666
64 10 0.23614731691640697
64 11 0.2501185962137303
64 12 0.268036128080636
64 13 0.2898999125171241
64 14 0.3157099495231945
64 15 0.34546623909884744
64 16 0.3791687812440829
64 17 0.4168175759589005
64 18 0.45841262324330045
64 19 0.5039539230972829
64 20 0.5534414755208478
64 21 0.6068752805139952
64 22 0.6642553380767249
64 23 0.7255816482090369
64 24 0.7908542109109309
64 25 0.860073026182408
65 1 0.13142207273938344
65 2 0.12183421290175671
65 3 0.11443980657398078
65 4 0.10923885375605559
65 5 0.10623135444798112
65 6 0.10541730864975746
65 7 0.1067967163613846
65 8 0.11036957758286244
65 9 0.11613589231419101
65 10 0.12409566055537037
65 11 0.1342488823064005
65 12 0.14659555756728138
65 13 0.16113568633801298
65 14 0.1778692686185954
65 15 0.19679630440902848
65 16 0.21791679370931233
65 17 0.24123073651944707
65 18 0.2667381328394325
65 19 0.2944389826692686
65 20 0.3243332860089555
65 21 0.3564210428584933
65 22 0.3907022532178817
65 23 0.4271769170871209
65 24 0.46584503446621073
65 25 0.5067066053551516
66 1 0.06965038958553466
66 2 0.06473373162900616
66 3 0.061244352982504746
66 4 0.059182253646030615
66 5 0.05854743361958359
66 6 0.05933989290316364
66 7 0.06155963149677085
66 8 0.06520664940040523
66 9 0.07028094661406675
66 10 0.0767825231377554
66 11 0.08471137897147121
66 12 0.09406751411521418
66 13 0.10485092856898423
66 14 0.11706162233278153
66 15 0.1306995954066059
66 16 0.1457648477904574
66 17 0.1622573794843361
66 18 0.18017719048824188
66 19 0.19952428080217485
66 20 0.22029865042613495
66 21 0.2425002993601223
66 22 0.2661292276041366
66 23 0.2911854351581781
66 24 0.3176689220222468
66 25 0.3455796881963426
67 1 0.04299800796451619
67 2 0.04007360272299738
67 3 0.03820857231679763
67 4 0.037402916745916906
67 5 0.03765663601035532
67 6 0.03896973011011275
67 7 0.04134219904518923
67 8 0.04477404281558481
67 9 0.04926526142129945
67 10 0.05481585486233315
67 11 0.06142582313868592
67 12 0.06909516625035776
67 13 0.07782388419734868
67 14 0.08761197697965864
67 15 0.09845944459728768
67 16 0.1103662870502358
67 17 0.12333250433850297
67 18 0.1373580964620892
67 19 0.15244306342099453
67 20 0.1685874052152189
67 21 0.18579112184476232
67 22 0.2040542133096249
67 23 0.22337667960980637
67 24 0.24375852074530707
67 25 0.2651997367161268
68 1 0.030398396004007944
68 2 0.02840438418067598
68 3 0.02727745821496267
68 4 0.027017618106867973
68 5 0.027624863856391884
68 6 0.02909919546353448
68 7 0.03144061292829566
68 8 0.03464911625067551
68 9 0.03872470543067397
68 10 0.0436673804682911
68 11 0.04947714136352682
68 12 0.056153988116381226
68 13 0.06369792072685425
68 14 0.07210893919494588
68 15 0.08138704352065615
68 16 0.09153223370398508
68 17 0.10254450974493265
68 18 0.1144238716434988
68 19 0.12717031939968365
68 20 0.1407838530134871
68 21 0.15526447248490918
68 22 0.17061217781394994
68 23 0.18682696900060933
68 24 0.20390884604488727
68 25 0.22185780894678395
69 1 0.02304178708836914
69 2 0.021584288357210633
69 3 0.02087079478151769
69 4 0.020901306361290204
69 5 0.02167582309652822
69 6 0.023194344987231778
69 7 0.025456872033400822
69 8 0.02846340423503539
69 9 0.032213941592135475
69 10 0.03670848410470105
69 11 0.041947031772732145
69 12 0.04792958459622876
69 13 0.054656142575190865
69 14 0.06212670570961851
69 15 0.07034127399951165
69 16 0.0792998474448703
69 17 0.08900242604569444
69 18 0.09944900980198411
69 19 0.11063959871373931
69 20 0.12257419278095996
69 21 0.13525279200364618
69 22 0.1486753963817979
69 23 0.1628420059154151
69 24 0.17775262060449787
69 25 0.19340724044904611
70 1 0.019180864376687028
70 2 0.018001542313405686
70 3 0.017496165476783874
70 4 0.017664733866821564
70 5 0.018507247483518747
70 6 0.02002370632687547
70 7 0.02221411039689172
70 8 0.025078459693567454
70 9 0.02861675421690274
70 10 0.0328289939668975
70 11 0.037715178943551815
70 12 0.04327530914686563
70 13 0.049509384576838976
70 14 0.05641740523347182
70 15 0.0639993711167642
70 16 0.07225528222671607
70 17 0.08118513856332744
70 18 0.09078894012659838
70 19 0.10106668691652884
70 20 0.11201837893311878
70 21 0.12364401617636822
70 22 0.1359435986462772
70 23 0.14891712634284568
70 24 0.16256459926607375
70 25 0.17688601741596127
71 1 0.01655564415909181
71 2 0.015563392739376921
71 3 0.015194113624794432
71 4 0.015447806815344271
71 5 0.01632447231102651
71 6 0.017824110111841117
71 7 0.019946720217788098
71 8 0.022692302628867497
71 9 0.026060857345079246
71 10 0.03005238436642337
71 11 0.03466688369289989
71 12 0.03990435532450879
71 13 0.04576479926125006
71 14 0.052248215503123724
71 15 0.059354604050129746
71 16 0.06708396490226816
71 17 0.07543629805953894
71 18 0.08441160352194209
71 19 0.09400988128947765
71 20 0.10423113136214558
71 21 0.11507535373994589
71 22 0.12654254842287857
71 23 0.1386327154109436
71 24 0.15134585470414103
71 25 0.16468196630247087
72 1 0.014781031823138176
72 2 0.013913888915073416
72 3 0.013633092695877794
72 4 0.01393864316555124
72 5 0.014830540324093793
72 6 0.016308784171505473
72 7 0.01837337470778623
72 8 0.02102431193293606
72 9 0.024261595846955007
72 10 0.028085226449843046
72 11 0.03249520374160018
72 12 0.03749152772222639
72 13 0.043074198391721746
72 14 0.04924321575008617
72 15 0.05599857979731971
72 16 0.06334029053342231
72 17 0.07126834795839404
72 18 0.07978275207223487
72 19 0.08888350287494476
72 20 0.09857060036652376
72 21 0.1088440445469719
72 22 0.1197038354162891
72 23 0.1311499729744754
72 24 0.14318245722153078
72 25 0.1558012881574553
73 1 0.013574773955678347
73 2 0.012791837336850171
73 3 0.01256901116545593
73 4 0.012906295441495635
73 5 0.013803690164969242
73 6 0.015261195335876802
73 7 0.017278810954218297
73 8 0.01985653701999371
73 9 0.022994373533203032
73 10 0.026692320493846337
73 11 0.03095037790192354
73 12 0.03576854575743467
73 13 0.04114682406037974
73 14 0.047085212810758725
73 15 0.05358371200857168
73 16 0.06064232165381852
73 17 0.06826104174649932
73 18 0.07643987228661406
73 19 0.08517881327416267
73 20 0.09447786470914529
73 21 0.1043370265915618
73 22 0.11475629892141223
73 23 0.12573568169869662
73 24 0.1372751749234149
73 25 0.14937477859556714
74 1 0.012653435088925524
74 2 0.011934233125364646
74 3 0.011754166454576472
74 4 0.012113235076560942
74 5 0.01301143899131805
74 6 0.014448778198847883
74 7 0.016425252699150343
74 8 0.018940862492225482
74 9 0.021995607578073294
74 10 0.025589487956693784
74 11 0.02972250362808692
74 12 0.03439465459225272
74 13 0.039605940849191196
74 14 0.04535636239890234
74 15 0.05164591924138614
74 16 0.05847461137664262
74 17 0.06584243880467178
74 18 0.07374940152547356
74 19 0.08219549953904806
74 20 0.09118073284539524
74 21 0.10070510144451501
74 22 0.11076860533640753
74 23 0.12137124452107265
74 24 0.13251301899851045
74 25 0.14419392876872095
75 1 0.012028584201852939
75 2 0.011352255447146095
75 3 0.011200271358459699
75 4 0.011572631935793788
75 5 0.01246933717914832
75 6 0.013890387088523349
75 7 0.015835781663918812
75 8 0.018305520905334743
75 9 0.021299604812771152
75 10 0.02481803338622802
75 11 0.02886080662570535
75 12 0.03342792453120314
75 13 0.0385193871027214
75 14 0.04413519434026014
75 15 0.05027534624381932
75 16 0.056939842813399
75 17 0.06412868404899912
75 18 0.07184186995061968
75 19 0.08007940051826075
75 20 0.08884127575192229
75 21 0.09812749565160425
75 22 0.10793806021730673
75 23 0.11827296944902961
75 24 0.12913222334677302
75 25 0.14051582191053683
76 1 0.011547818086414141
76 2 0.010904247153241318
76 3 0.010773272243908788
76 4 0.011154893358416646
76 5 0.012049110496764822
76 6 0.013455923658953308
76 7 0.015375332844982156
76 8 0.01780733805485133
76 9 0.02075193928856086
76 10 0.02420913654611071
76 11 0.028178929827500903
76 12 0.03266131913273144
76 13 0.037656304461802306
76 14 0.04316388581471351
76 15 0.04918406319146504
76 16 0.05571683659205692
76 17 0.06276220601648914
76 18 0.0703201714647617
76 19 0.0783907329368746
76 20 0.08697389043282781
76 21 0.0960696439526214
76 22 0.1056779934962553
76 23 0.11579893906372954
76 24 0.12643248065504412
76 25 0.13757861827019904
77 1 0.011176379071730183
77 2 0.010557960092126317
77 3 0.010442808217699412
77 4 0.010830923448449485
77 5 0.011722305784376504
77 6 0.013116955225480459
77 7 0.015014871771761397
77 8 0.01741605542321928
77 9 0.020320506179854134
77 10 0.023728224041665937
77 11 0.02763920900865466
77 12 0.03205346108082039
77 13 0.03697098025816307
77 14 0.04239176654068269
77 15 0.048315819928379265
77 16 0.05474314042125279
77 17 0.06167372801930328
77 18 0.06910758272253073
77 19 0.07704470453093512
77 20 0.08548509344451649
77 21 0.09442874946327483
77 22 0.10387567258721013
77 23 0.11382586281632233
77 24 0.12427932015061155
77 25 0.13523604459007763
78 1 0.010893413655264085
78 2 0.010294052785020467
78 3 0.010190686765304576
78 4 0.010583315596116343
78 5 0.011471939277455772
78 6 0.012856557809322848
78 7 0.014737171191717625
78 8 0.017113779424640062
78 9 0.019986382508090164
78 10 0.023354980442067925
78 11 0.02721957322657337
78 12 0.03158016086160648
78 13 0.036436743347167254
78 14 0.04178932068325569
78 15 0.0476378928698718
78 16 0.05398245990701557
78 17 0.060823021794687036
78 18 0.06815957853288612
78 19 0.07599213012161292
78 20 0.08432067656086736
78 21 0.0931452178506495
78 22 0.10246575399095928
78 23 0.11228228498179671
78 24 0.12259481082316187
78 25 0.13340333151505465
79 1 0.010658430206675519
79 2 0.010074821282334716
79 3 0.009981048282873653
79 4 0.010377111208292294
79 5 0.011263010058590659
79 6 0.012638744833768758
79 7 0.014504315533826586
79 8 0.016859722158764127
79 9 0.019704964708581393
79 10 0.023040043183278385
79 11 0.026864957582855092
79 12 0.03117970790731151
79 13 0.03598429415664769
79 14 0.04127871633086356
79 15 0.04706297442995917
79 16 0.053337068453934496
79 17 0.06010099840278956
79 18 0.06735476427652433
79 19 0.07509836607513883
79 20 0.08333180379863304
79 21 0.09205507744700696
79 22 0.10126818702026065
79 23 0.11097113251839404
79 24 0.12116391394140714
79 25 0.13184653128929996
80 1 0.010459690124726658
80 2 0.009889346239117327
80 3 0.009803537059552172
80 4 0.01020226258603124
80 5 0.011085522818554546
80 6 0.012453317757122046
80 7 0.01430564740173376
80 8 0.01664251175238967
80 9 0.019463910809089803
80 10 0.022769844571834136
80 11 0.0265603130406227
80 12 0.03083531621545546
80 13 0.03559485409633242
80 14 0.04083892668325361
80 15 0.046567533976219024
80 16 0.052780675975228626
80 17 0.05947835268028244
80 18 0.06666056409138049
80 19 0.07432731020852276
80 20 0.08247859103170917
80 21 0.09111440656093986
80 22 0.10023475679621476
80 23 0.10983964173753381
80 24 0.11992906138489715
80 25 0.13050301573830464
81 1 0.010302761703609728
81 2 0.009742852181723358
81 3 0.009663227232899163
81 4 0.01006388685713711
81 5 0.010944831054437202
81 6 0.012306059824799436
81 7 0.014147573168223846
81 8 0.016469371084710385
81 9 0.019271453574259075
81 10 0.022553820636869903
81 11 0.026316472272542916
81 12 0.030559408481278045
81 13 0.03528262926307535
81 14 0.04048613461793478
81 15 0.04616992454585638
81 16 0.05233399904684013
81 17 0.058978358120886025
81 18 0.06610300176799408
81 19 0.07370792998816425
81 20 0.08179314278139661
81 21 0.0903586401476911
81 22 0.09940442208704774
81 23 0.10893048859946654
81 24 0.11893683968494749
81 25 0.1294234753434906
82 1 0.010159700929521447
82 2 0.009609270964118932
82 3 0.009535198389760913
82 4 0.009937483206447469
82 5 0.01081612541417857
82 6 0.012171125012954212
82 7 0.014002482002774411
82 8 0.016310196383639168
82 9 0.01909426815554847
82 10 0.022354697318502304
82 11 0.026091483872500692
82 12 0.030304627817543648
82 13 0.034994129153631134
82 14 0.040159987880763186
82 15 0.04580220399893976
82 16 0.051920777508160924
82 17 0.058515708408426605
82 18 0.06558699669973686
82 19 0.07313464238209165
82 20 0.081158645455491
82 21 0.08965900591993486
82 22 0.09863572377542329
82 23 0.10808879902195626
82 24 0.11801823165953382
82 25 0.1284240216881559
83 1 0.010046979337024075
83 2 0.0095039953446873
83 3 0.009434237044799215
83 4 0.009837704437359937
83 5 0.010714397522369369
83 6 0.012064316299827573
83 7 0.013887460769734539
83 8 0.016183830932090235
83 9 0.018953426786894687
83 10 0.0221962483341479
83 11 0.02591229557384987
83 12 0.030101568506000567
83 13 0.03476406713060005
83 14 0.03989979144764826
83 15 0.045508741457145244
83 16 0.05159091715909095
83 17 0.05814631855348544
83 18 0.06517494564032866
83 19 0.07267679841962064
83 20 0.08065187689136138
83 21 0.08910018105555088
83 22 0.0980217109121891
83 23 0.10741646646127608
83 24 0.11728444770281182
83 25 0.12762565463679637
84 1 0.009951568427111795
84 2 0.009414870128742717
84 3 0.009348719747011458
84 4 0.009753117281918
84 5 0.010628062733462364
84 6 0.011973556101644507
84 7 0.013789597386464474
84 8 0.016076186587922245
84 9 0.01883332370601783
84 10 0.022061008740751235
84 11 0.025759241692122434
84 12 0.029928022560131447
84 13 0.03456735134477827
84 14 0.0396772280460629
84 15 0.04525765266398535
84 16 0.05130862519854558
84 17 0.05783014564974364
84 18 0.06482221401757952
84 19 0.07228483030205317
84 20 0.08021799450316466
84 21 0.08862170662091397
84 22 0.09749596665530107
84 23 0.10684077460632599
84 24 0.11665613047398872
84 25 0.12694203425828923
85 1 0.009864110107975771
85 2 0.00933315947244372
85 3 0.00927027948013702
85 4 0.009675470131055687
85 5 0.010548731425199723
85 6 0.011890063362569103
85 7 0.013699465943163885
85 8 0.015976939166984002
85 9 0.018722483034029503
85 10 0.02193609754430035
85 11 0.025617782697796566
85 12 0.02976753849451816
85 13 0.03438536493446508
85 14 0.0394712620176374
85 15 0.04502522974403508
85 16 0.05104726811365813
85 17 0.057537377126506535
85 18 0.06449555678258032
85 19 0.07192180708187941
85 20 0.07981612802440395
85 21 0.08817851961015383
85 22 0.09700898183912902
85 23 0.10630751471132963
85 24 0.1160741182267556
85 25 0.12630879238540693
86 1 0.009789648879168186
86 2 0.009263580704656169
86 3 0.009203456280589424
86 4 0.00960927560696789
86 5 0.010481038683791669
86 6 0.011818745511060663
86 7 0.013622396088774944
86 8 0.01589199041693447
86 9 0.018627528495539246
86 10 0.021829010324589282
86 11 0.025496435904084583
86 12 0.029629805234025117
86 13 0.03422911831441094
86 14 0.039294375145242005
86 15 0.04482557572651832
86 16 0.05082272005823988
86 17 0.05728580814040672
86 18 0.06421483997301883
86 19 0.07160981555607618
86 20 0.07947073488957875
86 21 0.08779759797352664
86 22 0.09659040480791974
86 23 0.10584915539275813
86 24 0.11557384972804176
86 25 0.12576448781377064
87 1 0.009725119320351899
87 2 0.009203273879808356
87 3 0.009145515311098897
87 4 0.00955184361422349
87 5 0.01042225878918215
87 6 0.011756760835974822
87 7 0.013555349754601587
87 8 0.01581802554506239
87 9 0.018544788207357246
87 10 0.02173563774148615
87 11 0.025390574147449115
87 12 0.029509597425246115
87 13 0.03409270757487719
87 14 0.0391399045963423
87 15 0.044651188489641475
87 16 0.0506265592547747
87 17 0.05706601689174198
87 18 0.0639695614005433
87 19 0.07133719278117868
87 20 0.07916891103364813
87 21 0.08746471615795162
87 22 0.09622460815408918
87 23 0.10544858702206075
87 24 0.11513665276186641
87 25 0.1252888053735061
88 1 0.009673548318269354
88 2 0.009155071775809327
88 3 0.009099188719987866
88 4 0.009505899150804919
88 5 0.010375203068260517
88 6 0.011707100472354631
88 7 0.0135015913630873
88 8 0.01575867574045851
88 9 0.018478353604468242
88 10 0.021660624955116524
88 11 0.025305489792403324
88 12 0.02941294811632867
88 13 0.03398299992689254
88 14 0.039015645224094966
88 15 0.044510884007935916
88 16 0.05046871627841539
88 17 0.056889142035533406
88 18 0.06377216127928997
88 19 0.07111777400968504
88 20 0.07892598022671869
88 21 0.08719677993039086
88 22 0.09593017312070155
88 23 0.10512615979765078
88 24 0.11478473996123859
88 25 0.12490591361146489
89 1 0.009624906769957727
89 2 0.009109602875995038
89 3 0.009055476064356046
89 4 0.00946252633504073
89 5 0.010330753688049102
89 6 0.011660158123381148
89 7 0.01345073964103688
89 8 0.015702498241016306
89 9 0.018415433923319402
89 10 0.02158954668794619
89 11 0.025224836534896638
89 12 0.02932130346417081
89 13 0.033878947475768625
89 14 0.038897768569690135
89 15 0.04437776674593533
89 16 0.050318942004504215
89 17 0.05672129434539676
89 18 0.063584823768613
89 19 0.07090953027415292
89 20 0.07869541386201652
89 21 0.0869424745322038
89 22 0.09565071228471478
89 23 0.10482012711954942
89 24 0.11445071903670774
89 25 0.1245424880361898
90 1 0.009581982907236953
90 2 0.009069474698666674
90 3 0.00901688718788788
90 4 0.009424220374900536
90 5 0.010291474259704645
90 6 0.011618648842300251
90 7 0.013405744122687328
90 8 0.015652760100865866
90 9 0.018359696776835892
90 10 0.021526554150597375
90 11 0.025153332222150337
90 12 0.02924003099149477
90 13 0.03378665045863067
90 14 0.03879319062355805
90 15 0.0442596514862769
90 16 0.050186033046787204
90 17 0.05657233530508899
90 18 0.06341855826118224
90 19 0.07072470191506697
90 20 0.0784907662667432
90 21 0.08671675131621086
90 22 0.09540265706347001
90 23 0.10454848350852061
90 24 0.11415423065136272
90 25 0.12421989849199627
91 1 0.009544836661344931
91 2 0.009034744723686396
91 3 0.008983481208095554
91 4 0.009391046114572405
91 5 0.01025743944311693
91 6 0.011582661193729162
91 7 0.013366711366409049
91 8 0.015609589961156642
91 9 0.018311296977971923
91 10 0.021471832416854877
91 11 0.025091196277805528
91 12 0.02916938856082387
91 13 0.03370640926590989
91 14 0.0387022583930636
91 15 0.04415693594228498
91 16 0.05007044191357408
91 17 0.05644277630693084
91 18 0.06327393912235528
91 19 0.07056393035984741
91 20 0.07831275001940725
91 21 0.08652039810103475
91 22 0.09518687460472995
91 23 0.10431217953049284
91 24 0.1138963128783234
91 25 0.12393927464822165
92 1 0.009512306002918055
92 2 0.00900432768892365
92 3 0.008954217358517407
92 4 0.009361975011699275
92 5 0.010227600648469327
92 6 0.011551094268827476
92 7 0.013332455872773794
92 8 0.015571685460308266
92 9 0.018268783031430858
92 10 0.02142374858614161
92 11 0.02503658212444052
92 12 0.02910728364632754
92 13 0.03363585315180273
92 14 0.038622290640866044
92 15 0.044066596113517514
92 16 0.04996876956975712
92 17 0.05632881100958487
92 18 0.06314672043300079
92 19 0.0704224978400048
92 20 0.07815614323059698
92 21 0.08634765660477735
92 22 0.09499703796254581
92 23 0.10410428730390239
92 24 0.11366940462884717
92 25 0.12369238993738008
93 1 0.009482865025560217
93 2 0.008976797612705763
93 3 0.008927725787952746
93 4 0.009335649551301185
93 5 0.010200568902751108
93 6 0.01152248384230248
93 7 0.013301394369955321
93 8 0.015537300485709638
93 9 0.0182302021895654
93 10 0.02138009948152263
93 11 0.024986992361581327
93 12 0.029050880829741485
93 13 0.03357176488600311
93 14 0.03854964453036622
93 15 0.04398451976283078
93 16 0.04987639058339678
93 17 0.05622525699206427
93 18 0.0630311189888332
93 19 0.07029397657370362
93 20 0.07801382974667549
93 21 0.08619067850774882
93 22 0.09482452285692364
93 23 0.1039153627941999
93 24 0.11346319831957762
93 25 0.12346802943305685
94 1 0.009458289611393443
94 2 0.008953815836141812
94 3 0.008905607084768556
94 4 0.009313663357273742
94 5 0.010177984653657327
94 6 0.01149857097391933
94 7 0.01327542231805975
94 8 0.015508538686078592
94 9 0.01819792007797585
94 10 0.02134356649375152
94 11 0.024945477933405614
94 12 0.02900365439693814
94 13 0.033518095884349064
94 14 0.038488802395638386
94 15 0.04391577393080618
94 16 0.04979901048985233
94 17 0.05613851207277693
94 18 0.06293427867957993
94 19 0.07018631031026136
94 20 0.0778946069648212
94 21 0.08605916864325946
94 22 0.09467999534557613
94 23 0.10375708707177117
94 24 0.11329044382184472
94 25 0.12328006559579664
95 1 0.009434934142079576
95 2 0.008931973648853573
95 3 0.00888458187753058
95 4 0.009292758828110535
95 5 0.010156504500593501
95 6 0.011475818894979404
95 7 0.013250702011268305
95 8 0.015481153849460185
95 9 0.018167174409555058
95 10 0.021308763691552886
95 11 0.024905921695453703
95 12 0.028958648421257487
95 13 0.03346694386896427
95 14 0.038430808038574
95 15 0.04385024093008675
95 16 0.049725242543502454
95 17 0.05605581287882116
95 18 0.0628419519360428
95 19 0.07008365971516743
95 20 0.07778093621619507
95 21 0.08593378143912567
95 22 0.09454219538395928
95 23 0.10360617805069577
95 24 0.11312572943933533
95 25 0.12310084954987782
96 1 0.009413631757666794
96 2 0.008912050448556764
96 3 0.00886540104566298
96 4 0.009273683548985431
96 5 0.010136897958524144
96 6 0.011455044274279106
96 7 0.01322812249625031
96 8 0.015456132624437778
96 9 0.018139074658841486
96 10 0.021276948599461457
96 11 0.02486975444629763
96 12 0.028917492199350102
96 13 0.03342016185861881
96 14 0.038377763424103796
96 15 0.043790296895805
96 16 0.04965776227372246
96 17 0.055980159557856166
96 18 0.06275748874820614
96 19 0.06998974984477233
96 20 0.07767694284755482
96 21 0.08581906775655351
96 22 0.09441612457176847
96 23 0.10346811329319965
96 24 0.11297503392084718
96 25 0.12293688645471085
97 1 0.009393360383077113
97 2 0.008893090547489237
97 3 0.008847145080297818
97 4 0.009255523981502829
97 5 0.010118227251104256
97 6 0.011435254889102124
97 7 0.013206606895496424
97 8 0.015432283270287174
97 9 0.018112284013474346
97 10 0.021246609125057967
97 11 0.024835258605038
97 12 0.028878232453414476
97 13 0.0333755306701874
97 14 0.03832715325535674
97 15 0.04373310020892254
97 16 0.049593371530884736
97 17 0.055907967221243415
97 18 0.06267688727999848
97 19 0.06990013170715
97 20 0.07757770050269797
97 21 0.08570959366664237
97 22 0.09429581119898318
97 23 0.10333635309972045
97 24 0.11283121936885412
97 25 0.12278041000638427
98 1 0.009377091750677705
98 2 0.008877873744111083
98 3 0.008832491431777232
98 4 0.009240944813676067
98 5 0.010103233889807646
98 6 0.011419358660171994
98 7 0.01318931912476904
98 8 0.015413115283598832
98 9 0.018090747136661377
98 10 0.021222214683956624
98 11 0.02480751792548462
98 12 0.028846656861245365
98 13 0.033339631491238815
98 14 0.03828644181546501
98 15 0.04368708783392395
98 16 0.04954156954661563
98 17 0.05584988695354004
98 18 0.06261204005469716
98 19 0.06982802885008706
98 20 0.07749785333970964
98 21 0.085621513523565
98 22 0.0941990094016531
98 23 0.10323034097397384
98 24 0.1127155082405274
98 25 0.12265451120131371
99 1 0.009360545575688193
99 2 0.008862396712036374
99 3 0.008817585518180324
99 4 0.00922611199412004
99 5 0.010087976139855489
99 6 0.011403177955386687
99 7 0.01317171744071364
99 8 0.015393594595836337
99 9 0.018068809420754776
99 10 0.021197361915468983
99 11 0.024779252079978942
99 12 0.028814479914284638
99 13 0.03330304541838609
99 14 0.0382449485922833
99 15 0.04364018943597626
99 16 0.04948876794946494
99 17 0.055790684132749374
99 18 0.06254593798582955
99 19 0.06975452950870553
99 20 0.07741645870137723
99 21 0.08553172556384467
99 22 0.09410033009610785
99 23 0.10312227229816681
99 24 0.11259755217002151
99 25 0.12252616971167193
100 1 0.009345629203086559
100 2 0.008848443622157748
100 3 0.008804145858777895
100 4 0.009212735912946992
100 5 0.010074213784665068
100 6 0.011388579473932101
100 7 0.013155832980748077
100 8 0.015375974305113043
100 9 0.01804900344702695
100 10 0.021174920406489824
100 11 0.024753725183501663
100 12 0.028785417778062483
100 13 0.03326999819017225
100 14 0.038207466419830964
100 15 0.04359782246703866
100 16 0.04944106633179531
100 17 0.0557371980141009
100 18 0.06248621751395551
100 19 0.06968812483135903
100 20 0.07734291996631153
100 21 0.08545060291881298
100 22 0.09401117368886343
100 23 0.10302463227646282
100 24 0.11249097868161115
100 25 0.12241021290430851
101 1 0.009332104417201975
101 2 0.008835791798047275
101 3 0.008791958382315323
101 4 0.00920060417000605
101 5 0.010061729161119479
101 6 0.01137533335565562
101 7 0.013141416753614464
101 8 0.015359979354995992
101 9 0.01803102115980024
101 10 0.02115454216802718
101 11 0.02473054237967683
101 12 0.028759021794749182
101 13 0.03323998041324422
101 14 0.03817341823516198
101 15 0.04355933526050244
101 16 0.04939773148926559
101 17 0.055688606921451445
101 18 0.06243196155706001
101 19 0.06962779539609126
101 20 0.07727610843854522
101 21 0.0853769006844219
101 22 0.09393017213372126
101 23 0.10293592278644337
101 24 0.11239415264258812
101 25 0.12230486170215558
102 1 0.0093188569657109
102 2 0.008823398986166162
102 3 0.008780019297007006
102 4 0.009188717898233407
102 5 0.010049494789845412
102 6 0.011362349971843
102 7 0.013127283444226156
102 8 0.015344295206994906
102 9 0.018013385260149242
102 10 0.021134553603689148
102 11 0.02470780023761465
102 12 0.028733125161925725
102 13 0.03321052837662239
102 14 0.038140009881704635
102 15 0.04352156967717245
102 16 0.04935520776302588
102 17 0.055640924139264886
102 18 0.06237871880588944
102 19 0.0695685917628996
102 20 0.07721054301029533
102 21 0.08530457254807666
102 22 0.09385068037624358
102 23 0.10284886649479606
102 24 0.11229913090373413
102 25 0.12220147360305779
103 1 0.009307364852409555
103 2 0.008812647929240478
103 3 0.008769660958892799
103 4 0.009178403941366495
103 5 0.010038876876661565
103 6 0.011351079764778017
103 7 0.013115012605715851
103 8 0.015330675399475094
103 9 0.017998068146055698
103 10 0.02111719084545767
103 11 0.024688043497681045
103 12 0.0287106261027258
103 13 0.03318493866059194
103 14 0.03811098117127945
103 15 0.04348875363478836
103 16 0.049318256051118656
103 17 0.05559948842027031
103 18 0.06233245074224337
103 19 0.0695171430170378
103 20 0.07715356524465361
103 21 0.08524171742509082
103 22 0.09378159955834939
103 23 0.10277321164442933
103 24 0.11221655368333068
103 25 0.12211162567505343
104 1 0.009297345793145553
104 2 0.00880327467857985
104 3 0.008760629411768637
104 4 0.009169409992711961
104 5 0.010029616421409806
104 6 0.011341248697862153
104 7 0.013104306822069046
104 8 0.015318790794030446
104 9 0.01798470061374636
104 10 0.021102036281216808
104 11 0.024670797796441754
104 12 0.02869098515942125
104 13 0.033162598370155255
104 14 0.03808563742864376
104 15 0.04346010233488679
104 16 0.04928599308888433
104 17 0.05556330969063643
104 18 0.06229205214014303
104 19 0.06947222043740414
104 20 0.07710381458241979
104 21 0.08518683457518997
104 22 0.09372128041571462
104 23 0.10270715210399381
104 24 0.11214444964002754
104 25 0.12203317302381574
105 1 0.009287653958566235
105 2 0.0087942073290589
105 3 0.008751892002460782
105 4 0.009160707978771915
105 5 0.010020655257992329
105 6 0.011331733840121962
105 7 0.01309394372516085
105 8 0.015307284913108971
105 9 0.01797175740396635
105 10 0.021087361197732975
105 11 0.024654096294408838
105 12 0.028671962693993965
105 13 0.03314096039648833
105 14 0.038061089401891963
105 15 0.04343234971020481
105 16 0.049254741321426945
105 17 0.05552826423555829
105 18 0.062252918452598886
105 19 0.06942870397254876
105 20 0.07705562079540786
105 21 0.08513366892117623
105 22 0.09366284834985382
105 23 0.10264315908144064
105 24 0.11207460111593674
105 25 0.12195717445334207
106 1 0.009278987663941602
106 2 0.008786099246097058
106 3 0.008744078442215558
106 4 0.009152925252297002
106 5 0.010012639676341431
106 6 0.011323221714348889
106 7 0.013084671366319307
106 8 0.015296988632252699
106 9 0.017960173512149097
106 10 0.021074226006008476
106 11 0.024639146113830838
106 12 0.0286549338356162
106 13 0.033121589171364534
106 14 0.03803911212107586
106 15 0.04340750268475018
106 16 0.04922676086238749
106 17 0.05549688665398778
106 18 0.06221788005955106
106 19 0.06938974107907732
106 20 0.07701246971256659
106 21 0.0850860659600188
106 22 0.09361052982143404
106 23 0.10258586129681224
106 24 0.11201206038615348
106 25 0.12188912708945765
107 1 0.009270645092277102
107 2 0.008778293861007959
107 3 0.008736556125660797
107 4 0.00914543188623565
107 5 0.010004921142732489
107 6 0.011315023895151322
107 7 0.013075740143492142
107 8 0.015287069887754946
107 9 0.01794901312793975
107 10 0.02106156986404654
107 11 0.024624740096075338
107 12 0.028638523824026107
107 13 0.033102921047898894
107 14 0.03801793176769365
107 15 0.04338355598341041
107 16 0.049199793695049156
107 17 0.055466644902609906
107 18 0.06218410960609263
107 19 0.06935218780549733
107 20 0.07697087950082407
107 21 0.08504018469207279
107 22 0.09356010337924348
107 23 0.10253063556233614
107 24 0.11195178124135086
107 25 0.12182354041628751
108 1 0.009263030251783572
108 2 0.00877116919850469
108 3 0.008729689450105268
108 4 0.00913859100658537
108 5 0.009997873867944965
108 6 0.011307538034184078
108 7 0.013067583505302684
108 8 0.015278010281300785
108 9 0.017938818362178408
108 10 0.021050007747935497
108 11 0.024611578438572125
108 12 0.028623530434088235
108 13 0.03308586373448386
108 14 0.03799857833975897
108 15 0.04336167424991361
108 16 0.049175151464947726
108 17 0.05543900998486135
108 18 0.06215324980965449
108 19 0.06931787093932712
108 20 0.07693287337387926
108 21 0.0849982571133109
108 22 0.09351402215762204
108 23 0.10248016850681269
108 24 0.11189669616088282
108 25 0.12176360511983249
109 1 0.009255981124648186
109 2 0.008764573706108164
109 3 0.008723332446089478
109 4 0.009132257344592162
109 5 0.00999134840161617
109 6 0.011300605617161499
109 7 0.013060028991228226
109 8 0.015269618523816243
109 9 0.01792937421492563
109 10 0.021039296064556363
109 11 0.024599384072708435
109 12 0.02860963823938183
109 13 0.0330700585645766
109 14 0.03798064504829269
109 15 0.04334139769053013
109 16 0.049152316491288914
109 17 0.05541340145056904
109 18 0.0621246525683705
109 19 0.06928606984469333
109 20 0.07689765327953749
109 21 0.08495940287290302
109 22 0.09347131862478983
109 23 0.10243340053519803
109 24 0.11184564860412756
109 25 0.12170806283157845
110 1 0.009249875418700605
110 2 0.008758860823179056
110 3 0.00871782587408315
110 4 0.009126770571412876
110 5 0.009985694915168193
110 6 0.011294598905349167
110 7 0.013053482541955732
110 8 0.015262345824987963
110 9 0.017921188754445788
110 10 0.021030011330329237
110 11 0.024588813552638325
110 12 0.028597595421373027
110 13 0.03305635693653337
110 14 0.03796509809811933
110 15 0.04332381890613089
110 16 0.04913251936056811
110 17 0.05539119946143094
110 18 0.06209985920871938
110 19 0.06925849860243345
110 20 0.07686711764257317
110 21 0.08492571632913846
110 22 0.09343429466212944
110 23 0.102392852641546
110 24 0.11180139026738822
110 25 0.121659907539656
111 1 0.009244148067230746
111 2 0.008753501868333265
111 3 0.008712660226052991
111 4 0.009121623140389928
111 5 0.00998039061134406
111 6 0.011288962638915432
111 7 0.013047339223103999
111 8 0.015255520363909772
111 9 0.017913506061332764
111 10 0.021021296315372955
111 11 0.024578891126030372
111 12 0.028586290493304987
111 13 0.03304349441719682
111 14 0.03795050289770586
111 15 0.04330731593483209
111 16 0.04911393352857555
111 17 0.055370355678936216
111 18 0.062076582385914084
111 19 0.06923261364950918
111 20 0.07683844946972146
111 21 0.08489408984655096
111 22 0.09339953477999768
111 23 0.10235478427006159
111 24 0.11175983831674276
111 25 0.12161469692004108
112 1 0.009238630716123887
112 2 0.008748339328822992
112 3 0.008707683703894097
112 4 0.009116663841337223
112 5 0.009975279741152381
112 6 0.011283531403339582
112 7 0.013041418827898785
112 8 0.015248942014830036
112 9 0.01790610096413329
112 10 0.021012895675808604
112 11 0.02456932614985592
112 12 0.02857539238627526
112 13 0.03303109438506662
112 14 0.037936432146230034
112 15 0.04329140566976545
112 16 0.04909601495567291
112 17 0.05535026000395239
112 18 0.062054140814603864
112 19 0.06920765738762741
112 20 0.07681080972302295
112 21 0.08486359782079053
112 22 0.09336602168093013
112 23 0.10231808130344178
112 24 0.11171977668832546
112 25 0.12157110783558116
113 1 0.00923419344948809
113 2 0.008744187360160078
113 3 0.008703681193594298
113 4 0.009112674949790732
113 5 0.009971168628749416
113 6 0.011279162230470341
113 7 0.0130366557549535
113 8 0.015243649202198896
113 9 0.017900142572206516
113 10 0.021006135864976384
113 11 0.024561629080508476
113 12 0.028566622218802844
113 13 0.033021115279859424
113 14 0.03792510826367823
113 15 0.043278601170259286
113 16 0.04908159399960256
113 17 0.055334086751708075
113 18 0.06203607942657584
113 19 0.06918757202420582
113 20 0.07678856454459806
113 21 0.08483905698775253
113 22 0.09333904935366924
113 23 0.10228854164234817
113 24 0.11168753385378932
113 25 0.12153602598799272
114 1 0.009229965280726891
114 2 0.008740230999331343
114 3 0.008699867128455663
114 4 0.009108873668099862
114 5 0.009967250618263961
114 6 0.011274997978947933
114 7 0.01303211575015176
114 8 0.015238603931875523
114 9 0.017894462524119126
114 10 0.020999691526882656
114 11 0.024554290940166024
114 12 0.028558260763969282
114 13 0.03301160099829246
114 14 0.03791431164313549
114 15 0.043266392698498427
114 16 0.04906784416438123
114 17 0.0553186660407839
114 18 0.06201885832770647
114 19 0.06916842102514893
114 20 0.07676735413311127
114 21 0.08481565765159348
114 22 0.09331333158059558
114 23 0.10226037592011755
114 24 0.11165679067015945
114 25 0.1215025758307212
115 1 0.009225999454069283
115 2 0.008736520075126295
115 3 0.00869628956458839
115 4 0.009105307922455584
115 5 0.009963575148727876
115 6 0.011271091243405303
115 7 0.013027856206487814
115 8 0.015233870037975437
115 9 0.017889132737868154
115 10 0.02099364430616599
115 11 0.02454740474286892
115 12 0.02855041404797697
115 13 0.03300267222149011
115 14 0.03790417926340838
115 15 0.04325493517373173
115 16 0.04905493995246018
115 17 0.05530419359959376
115 18 0.06200269611513242
115 19 0.06915044749907619
115 20 0.07674744775142509
115 21 0.08479369687217908
115 22 0.09328919486133817
115 23 0.10223394171890238
115 24 0.11162793744487166
115 25 0.12147118203924608
116 1 0.009222292872634338
116 2 0.008733051697432671
116 3 0.008692945736147291
116 4 0.00910197498877823
116 5 0.009960139455325479
116 6 0.011267439135789004
116 7 0.013023874030168869
116 8 0.015229444138465024
116 9 0.017884149460677477
116 10 0.020987989996806247
116 11 0.024540965746851332
116 12 0.028543076710812697
116 13 0.03299432288869039
116 14 0.03789470428048438
116 15 0.04324422088619468
116 16 0.04904287270582128
116 17 0.05529065973936417
116 18 0.06198758198682338
116 19 0.0691336394481989
116 20 0.07672883212349073
116 21 0.08477316001269886
116 22 0.09326662311582327
116 23 0.10220922143286398
116 24 0.11160095496382107
116 25 0.1214418237086944
117 1 0.009219336718861887
117 2 0.008730285496271422
117 3 0.008690278803447226
117 4 0.00909931664038926
117 5 0.009957399007097537
117 6 0.011264525903572057
117 7 0.013020697329812826
117 8 0.015225913285819825
117 9 0.017880173771593056
117 10 0.02098347878713254
117 11 0.024535828332438267
117 12 0.028537222407510252
117 13 0.03298766101234845
117 14 0.0378871441469529
117 15 0.043235671811323595
117 16 0.04903324400546053
117 17 0.055279860729363715
117 18 0.06197552198303313
117 19 0.06912022776646878
117 20 0.0767139780796707
117 21 0.08475677292263885
117 22 0.0932486122953732
117 23 0.10218949619787383
117 24 0.11157942463014071
117 25 0.12141839759217384
118 1 0.009216488645735144
118 2 0.008727620409969569
118 3 0.008687709301764763
118 4 0.009096755321120746
118 5 0.009954758468037507
118 6 0.011261718742515076
118 7 0.013017636144553403
118 8 0.015222510674152532
118 9 0.01787634233131242
118 10 0.020979131116033105
118 11 0.02453087702831457
118 12 0.028531580068156818
118 13 0.032981240235559844
118 14 0.03787985753052366
118 15 0.04322743195304826
118 16 0.049023963503133636
118 17 0.0552694521807798
118 18 0.061963897985986734
118 19 0.06910730091875446
118 20 0.07669966097908297
118 21 0.08474097816697222
118 22 0.0932312524824223
118 23 0.10217048392543317
118 24 0.11155867249600479
118 25 0.12139581819413718
119 1 0.009213879265622447
119 2 0.008725178662794578
119 3 0.008685355081405562
119 4 0.00909440852145539
119 5 0.009952338982944085
119 6 0.011259146465871606
119 7 0.013014830970237964
119 8 0.015219392496043186
119 9 0.017872831043287248
119 10 0.020975146611970162
119 11 0.02452633920209193
119 12 0.028526408813652537
119 13 0.03297535544665199
119 14 0.03787317910109029
119 15 0.04321987977696744
119 16 0.04901545747428346
119 17 0.05525991219303829
119 18 0.06195324393323196
119 19 0.06909545269486449
119 20 0.07668653847793588
119 21 0.0847265012824461
119 22 0.09321534110839519
119 23 0.10215305795578308
119 24 0.11153965182460983
119 25 0.1213751227148755
120 1 0.009211657573919719
120 2 0.008723099684381808
120 3 0.00868335059005278
120 4 0.009092410290932624
120 5 0.00995027878702131
120 6 0.01125695607831887
120 7 0.01301244216482528
120 8 0.015216737046540588
120 9 0.01786984072346472
120 10 0.020971753195597714
120 11 0.024522474462939602
120 12 0.02852200452549033
120 13 0.03297034338324992
120 14 0.037867491036218365
120 15 0.04321344748439569
120 16 0.049008212727781886
120 17 0.055251786766376924
120 18 0.06194416960018082
120 19 0.0690853612291936
120 20 0.07667536165341522
120 21 0.08471417087284573
120 22 0.09320178888748508
120 23 0.10213821569733329
120 24 0.11152345130239037
120 25 0.12135749570265633
121 1 0.00920954116013401
121 2 0.00872111920957255
121 3 0.008681441042253893
121 4 0.009090506658177993
121 5 0.009948316057344921
121 6 0.011254869239754633
121 7 0.01301016620540713
121 8 0.015214206954302418
121 9 0.01786699148644052
121 10 0.020968519801821402
121 11 0.024518791900445078
121 12 0.02851780778231154
121 13 0.0329655674474208
121 14 0.03786207089577288
121 15 0.04320731812736772
121 16 0.049001309142205365
121 17 0.0552440439402858
121 18 0.061935522521609034
121 19 0.06907574488617504
121 20 0.0766647110339839
121 21 0.08470242096503551
121 22 0.09318887467932992
121 23 0.10212407217686709
121 24 0.1115080134576471
121 25 0.12134069852166988
122 1 0.00920762600949998
122 2 0.008719327060812425
122 3 0.008679713050030721
122 4 0.009088783977154872
122 5 0.00994653984218491
122 6 0.0112529806451208
122 7 0.01300810638596257
122 8 0.015211917064710182
122 9 0.017864412681363687
122 10 0.02096559323592303
122 11 0.024515458728388267
122 12 0.028514009158759367
122 13 0.03296124452703631
122 14 0.037857164833219145
122 15 0.04320177007730784
122 16 0.04899506025930239
122 17 0.05523703537920282
122 18 0.06192769543700911
122 19 0.06906704043272124
122 20 0.07665507036633928
122 21 0.08469178523786318
122 22 0.09317718504729294
122 23 0.10211126979462853
122 24 0.11149403947987005
122 25 0.12132549410301736
123 1 0.009205862539374825
123 2 0.008717676842527158
123 3 0.00867812188555358
123 4 0.009087197668454039
123 5 0.009944904191228593
123 6 0.01125124145387722
123 7 0.013006209456399898
123 8 0.015209808198796672
123 9 0.01786203768106752
123 10 0.020962897903212433
123 11 0.024512388865231403
123 12 0.028510510567124465
123 13 0.03295726300889158
123 14 0.037852646190532774
123 15 0.043196660112048056
123 16 0.04898930477343739
123 17 0.05523058017470082
123 18 0.06192048631583831
123 19 0.06905902319684987
123 20 0.0766461908177355
123 21 0.08468198917849519
123 22 0.09316641827912898
123 23 0.1020994781196368
123 24 0.1114811687000187
123 25 0.12131149002027472
124 1 0.009204273326428534
124 2 0.0087161896836667
124 3 0.00867668792741761
124 4 0.009085768057681326
124 5 0.00994343007445779
124 6 0.011249673977747031
124 7 0.013004499767549048
124 8 0.015207907443863843
124 9 0.0178598970066914
124 10 0.02096046845603173
124 11 0.024509621791884834
124 12 0.028507357014250712
124 13 0.03295367412312936
124 14 0.03784857311852079
124 15 0.04319205400042498
124 16 0.04898411676884196
124 17 0.0552247614237717
124 18 0.06191398796521421
124 19 0.0690517963931695
124 20 0.07663818670763754
124 21 0.08467315890861839
124 22 0.09315671299611199
124 23 0.10208884897011836
124 24 0.11146956683063747
124 25 0.12129886657766943
125 1 0.009202754114611647
125 2 0.00871476802467503
125 3 0.008675317110093462
125 4 0.009084401370866873
125 5 0.009942020806995345
125 6 0.011248175418478789
125 7 0.013002865205317286
125 8 0.015206090167510788
125 9 0.01785785030505931
125 10 0.02095814561796284
125 11 0.02450697610622141
125 12 0.02850434176983499
125 13 0.03295024260880359
125 14 0.037844678623127195
125 15 0.043187649812805824
125 16 0.04897915617783948
125 17 0.05521919771822815
125 18 0.06190777443397184
125 19 0.06904488632507054
125 20 0.07663053339152426
125 21 0.08466471563333301
125 22 0.09314743305049676
125 23 0.10207868564301557
125 24 0.11145847341088935
125 25 0.12128679635411815
126 1 0.009201338005981899
126 2 0.00871344284302785
126 3 0.008674039305859773
126 4 0.009083127394477593
126 5 0.009940707108881355
126 6 0.011246778449071045
126 7 0.013001341415046693
126 8 0.015204396006808263
126 9 0.017855942224355777
126 10 0.020955980067689214
126 11 0.0245045095368086
126 12 0.02850153063171392
126 13 0.03294704335240518
126 14 0.037841047698882364
126 15 0.04318354367114547
126 16 0.04897453126919455
126 17 0.055214010493029535
126 18 0.06190198134265047
126 19 0.06903844381805736
126 20 0.07662339791925017
126 21 0.08465684364622889
126 22 0.09313878099899357
126 23 0.1020692099775442
126 24 0.11144813058188074
126 25 0.1212755428120032
127 1 0.009200057174395565
127 2 0.008712244248006783
127 3 0.008672883550920604
127 4 0.009081975083137019
127 5 0.009939518844656076
127 6 0.011245514835477704
127 7 0.012999963055601964
127 8 0.015202863505028832
127 9 0.017854216183758303
127 10 0.02095402109179039
127 11 0.02450227822912508
127 12 0.028498987595762377
127 13 0.032944149191702285
127 14 0.03783776301694481
127 15 0.043179829071489935
127 16 0.04897034735533767
127 17 0.055209317868488025
127 18 0.061896740610940984
127 19 0.06903261558269654
127 20 0.07661694278375471
127 21 0.0846497222141155
127 22 0.09313095387377889
127 23 0.10206063776274488
127 24 0.11143877388101348
127 25 0.12126536222858471
128 1 0.009198741541978882
128 2 0.008711013082201773
128 3 0.00867169637780811
128 4 0.00908079142879783
128 5 0.00993829823517097
128 6 0.011244216796927536
128 7 0.012998547114067506
128 8 0.015201289186590873
128 9 0.017852443014497676
128 10 0.020952008597787886
128 11 0.024499985936461497
128 12 0.028496375030518547
128 13 0.03294117587995899
128 14 0.03783438848478284
128 15 0.04317601284499013
128 16 0.04896604896058082
128 17 0.05520449683155493
128 18 0.06189135645791244
128 19 0.06902662783965338
128 20 0.0766103109767777
128 21 0.0846424058692855
128 22 0.09312291251717665
128 23 0.10205183092045121
128 24 0.11142916107910922
128 25 0.12125490299315064
129 1 0.009197338538164904
129 2 0.008709700149569101
129 3 0.008670430346719491
129 4 0.009079529129616093
129 5 0.009936996498258903
129 6 0.011242832452647919
129 7 0.012997036992783158
129 8 0.015199610118664584
129 9 0.017850551830292227
129 10 0.02094986212766607
129 11 0.024497541010786123
129 12 0.0284935884796524
129 13 0.032938004534264875
129 14 0.037830789174623555
129 15 0.04317194240072843
129 16 0.04896146421257954
129 17 0.05519935461017683
129 18 0.06188561359352037
129 19 0.06902024116261007
129 20 0.07660323731744602
129 21 0.08463460205802815
129 22 0.0931143353843565
129 23 0.10204243729643105
129 24 0.11141890779425181
129 25 0.12124374687781879
130 1 0.009193751584496427
130 2 0.008706343451174346
130 3 0.008667193498233475
130 4 0.009076301725673832
130 5 0.00993366813349541
130 6 0.011239292721698223
130 7 0.012993175490282225
130 8 0.01519531643924748
130 9 0.017845715568593958
130 10 0.020944372878321654
130 11 0.02449128836843058
130 12 0.02848646203892072
130 13 0.03292989388979209
130 14 0.03782158392104467
130 15 0.043161532132678475
130 16 0.04894973852469353
130 17 0.055186203097089784
130 18 0.06187092584986729
130 19 0.06900390678302598
130 20 0.07658514589656591
130 21 0.0846146431904871
130 22 0.09309239866478945
130 23 0.10201841231947303
130 24 0.11139268415453787
130 25 0.12121521416998393
