1 1 -8.35131077454015*^-7
1 2 -8.041915865513372*^-7
1 3 -8.353512230542261*^-7
1 4 -9.28609986962699*^-7
1 5 -1.0839678782767408*^-6
1 6 -1.301424896996356*^-6
1 7 -1.5809810431215439*^-6
1 8 -1.922636316652303*^-6
1 9 -2.326390717588637*^-6
1 10 -2.79224424593055*^-6
1 11 -3.320196901678032*^-6
1 12 -3.910248684831086*^-6
1 13 -4.562399595389717*^-6
1 14 -5.27664963335392*^-6
1 15 -6.052998798723698*^-6
1 16 -6.891447091499048*^-6
1 17 -7.791994511679974*^-6
1 18 -8.754641059266473*^-6
1 19 -9.779386734258544*^-6
1 20 -0.000010866231536656192
1 21 -0.00001201517546645941
1 22 -0.000013226218523668207
1 23 -0.000014499360708282567
1 24 -0.00001583460202030251
1 25 -0.000017231942459728025
2 1 2.0739712979465076*^-6
2 2 1.8999830344787317*^-6
2 3 1.7241981459287802*^-6
2 4 1.5466166322966872*^-6
2 5 1.3672384935824368*^-6
2 6 1.186063729786038*^-6
2 7 1.003092340907485*^-6
2 8 8.183243269467802*^-7
2 9 6.317596879039341*^-7
2 10 4.433984237789302*^-7
2 11 2.532405345717765*^-7
2 12 6.128602028247157*^-8
2 13 -1.3246511908898631*^-7
2 14 -3.2801288354259905*^-7
2 15 -5.25357273078357*^-7
2 16 -7.244982876962691*^-7
2 17 -9.254359273963323*^-7
2 18 -1.128170192178546*^-6
2 19 -1.3327010820429148*^-6
2 20 -1.5390285969894285*^-6
2 21 -1.7471527370180996*^-6
2 22 -1.957073502128922*^-6
2 23 -2.1687908923218876*^-6
2 24 -2.3823049075970246*^-6
2 25 -2.5976155479542932*^-6
3 1 5.519399824614044*^-6
3 2 5.180292954765313*^-6
3 3 5.035591141393229*^-6
3 4 5.085294384497942*^-6
3 5 5.329402684079378*^-6
3 6 5.767916040137502*^-6
3 7 6.400834452672403*^-6
3 8 7.228157921684*^-6
3 9 8.249886447172312*^-6
3 10 9.46602002913739*^-6
3 11 0.000010876558667579172
3 12 0.000012481502362497702
3 13 0.000014280851113892945
3 14 0.000016274604921764922
3 15 0.000018462763786113624
3 16 0.000020845327706939064
3 17 0.000023422296684241214
3 18 0.0000261936707180201
3 19 0.000029159449808275703
3 20 0.00003231963395500806
3 21 0.00003567422315821714
3 22 0.00003922321741790292
3 23 0.00004296661673406545
3 24 0.000046904421106704733
3 25 0.0000510366305358207
4 1 8.782666383588818*^-6
4 2 8.363582923475192*^-6
4 3 8.447616244139807*^-6
4 4 9.034766345582718*^-6
4 5 0.000010125033227803935
4 6 0.000011718416890803422
4 7 0.000013814917334581203
4 8 0.00001641453455913728
4 9 0.000019517268564471612
4 10 0.000023123119350584258
4 11 0.000027232086917475217
4 12 0.00003184417126514444
4 13 0.00003695937239359197
4 14 0.000042577690302817765
4 15 0.00004869912499282186
4 16 0.00005532367646360425
4 17 0.00006245134471516492
4 18 0.00007008212974750386
4 19 0.00007821603156062114
4 20 0.00008685305015451668
4 21 0.00009599318552919054
4 22 0.00010563643768464267
4 23 0.00011578280662087305
4 24 0.0001264322923378818
4 25 0.00013758489483566878
5 1 0.000014079433449631666
5 2 0.000013662050141236687
5 3 0.000014460363359166493
5 4 0.000016474373103420946
5 5 0.00001970407937400021
5 6 0.00002414948217090423
5 7 0.000029810581494132886
5 8 0.00003668737734368632
5 9 0.0000447798697195645
5 10 0.000054088058621767415
5 11 0.00006461194405029506
5 12 0.00007635152600514744
5 13 0.00008930680448632459
5 14 0.00010347777949382646
5 15 0.00011886445102765306
5 16 0.0001354668190878044
5 17 0.0001532848836742805
5 18 0.00017231864478708134
5 19 0.00019256810242620682
5 20 0.00021403325659165718
5 21 0.00023671410728343218
5 22 0.000260610654501532
5 23 0.00028572289824595643
5 24 0.0003120508385167057
5 25 0.00033959447531377963
6 1 0.00002316034020648314
6 2 0.00002302769981200064
6 3 0.00002578564141217446
6 4 0.00003143416500700406
6 5 0.000039973270596489645
6 6 0.000051402958180631444
6 7 0.00006572322775942919
6 8 0.00008293407933288321
6 9 0.00010303551290099303
6 10 0.00012602752846375896
6 11 0.00015191012602118096
6 12 0.000180683305573259
6 13 0.00021234706711999304
6 14 0.0002469014106613832
6 15 0.00028434633619742937
6 16 0.00032468184372813164
6 17 0.0003679079332534898
6 18 0.00041402460477350404
6 19 0.00046303185828817445
6 20 0.0005149296937975008
6 21 0.0005697181113014833
6 22 0.0006273971108001217
6 23 0.0006879666922934161
6 24 0.0007514268557813668
6 25 0.0008177776012639735
7 1 0.000038600037268457935
7 2 0.00003948755538250623
7 3 0.00004697536955776733
7 4 0.00006106347979424059
7 5 0.00008175188609192665
7 6 0.00010904058845082552
7 7 0.00014292958687093648
7 8 0.0001834188813522606
7 9 0.00023050847189479725
7 10 0.00028419835849854643
7 11 0.0003444885411635085
7 12 0.0004113790198896827
7 13 0.00048486979467706994
7 14 0.0005649608655256698
7 15 0.0006516522324354817
7 16 0.0007449438954065069
7 17 0.0008448358544387444
7 18 0.000951328109532195
7 19 0.0010644206606868576
7 20 0.001184113507902733
7 21 0.0013104066511798213
7 22 0.0014433000905181219
7 23 0.0015827938259176352
7 24 0.0017288878573783611
7 25 0.0018815821849002998
8 1 0.00007057065707503552
8 2 0.00007478109330374112
8 3 0.00009522010295602249
8 4 0.00013188768603187792
8 5 0.00018478384253130888
8 6 0.0002539085724543152
8 7 0.0003392618758008952
8 8 0.00044084375257105117
8 9 0.0005586542027647818
8 10 0.0006926932263820873
8 11 0.0008429608234229672
8 12 0.0010094569938874226
8 13 0.001192181737775453
8 14 0.0013911350550870588
8 15 0.0016063169458222384
8 16 0.0018377274099809938
8 17 0.0020853664475633236
8 18 0.0023492340585692284
8 19 0.002629330242998709
8 20 0.0029256550008517636
8 21 0.003238208332128393
8 22 0.003566990236828597
8 23 0.003912000714952377
8 24 0.0042732397664997325
8 25 0.004650707391470663
9 1 0.00012401816462576538
9 2 0.00013564707200300905
9 3 0.0001825972982466413
9 4 0.00026486884335666784
9 5 0.0003824617073330839
9 6 0.0005353758901758929
9 7 0.0007236113918850939
9 8 0.0009471682124606876
9 9 0.0012060463519026738
9 10 0.0015002458102110498
9 11 0.0018297665873858188
9 12 0.0021946086834269797
9 13 0.002594772098334533
9 14 0.0030302568321084766
9 15 0.0035010628847488142
9 16 0.004007190256255543
9 17 0.004548638946628662
9 18 0.005125408955868174
9 19 0.00573750028397408
9 20 0.006384912930946375
9 21 0.007067646896785062
9 22 0.007785702181490145
9 23 0.008539078785061615
9 24 0.009327776707499477
9 25 0.010151795948803733
10 1 0.0001967023830261064
10 2 0.0002203202476487854
10 3 0.0003082801880704606
10 4 0.000460582204291138
10 5 0.000677226296310815
10 6 0.0009582124641294968
10 7 0.0013035407077471796
10 8 0.0017132110271638624
10 9 0.0021872234223795457
10 10 0.0027255778933942326
10 11 0.0033282744402079183
10 12 0.00399531306282061
10 13 0.0047266937612323
10 14 0.005522416535442992
10 15 0.006382481385452684
10 16 0.007306888311261379
10 17 0.008295637312869076
10 18 0.009348728390275776
10 19 0.010466161543481475
10 20 0.011647936772486175
10 21 0.012894054077289881
10 22 0.014204513457892582
10 23 0.015579314914294283
10 24 0.017018458446494994
10 25 0.018521944054494706
11 1 0.00027889263101020225
11 2 0.0003175460863471292
11 3 0.00045573575259299994
11 4 0.0006934616297478214
11 5 0.0010307237178115893
11 6 0.0014675220167843035
11 7 0.0020038565266659713
11 8 0.0026397272474565784
11 9 0.003375134179156139
11 10 0.0042100773217646405
11 11 0.0051445566752820965
11 12 0.006178572239708498
11 13 0.007312124015043847
11 14 0.00854521200128814
11 15 0.009877836198441388
11 16 0.01130999660650358
11 17 0.012841693225474722
11 18 0.014472926055354806
11 19 0.016203695096143837
11 20 0.01803400034784182
11 21 0.019963841810448753
11 22 0.021993219483964627
11 23 0.024122133368389448
11 24 0.02635058346372322
11 25 0.028678569769965946
12 1 0.00037874434392113216
12 2 0.0004369838984748458
12 3 0.0006396385768743743
12 4 0.0009867083791197247
12 5 0.0014781933052108967
12 6 0.0021140933551478873
12 7 0.002894408528930695
12 8 0.003819138826559333
12 9 0.004888284248033785
12 10 0.00610184479335406
12 11 0.0074598204625201505
12 12 0.008962211255532065
12 13 0.010609017172389802
12 14 0.012400238213093356
12 15 0.014335874377642733
12 16 0.01641592566603793
12 17 0.01864039207827894
12 18 0.02100927361436578
12 19 0.023522570274298445
12 20 0.026180282058076917
12 21 0.028982408965701215
12 22 0.031928950997171336
12 23 0.035019908152487275
12 24 0.038255280431649025
12 25 0.04163506783465661
13 1 0.0004832332256413194
13 2 0.0005630400700452057
13 3 0.0008359484425728957
13 4 0.0013019583432243964
13 5 0.0019610697719996987
13 6 0.002813282728898805
13 7 0.0038585972139217285
13 8 0.005097013227068439
13 9 0.006528530768338959
13 10 0.00815314983773329
13 11 0.009970870435251416
13 12 0.011981692560893356
13 13 0.014185616214659096
13 14 0.01658264139654864
13 15 0.01917276810656199
13 16 0.021955996344699136
13 17 0.024932326110960096
13 18 0.028101757405344856
13 19 0.031464290227853416
13 20 0.03501992457848579
13 21 0.03876866045724196
13 22 0.04271049786412194
13 23 0.046845436799125735
13 24 0.05117347726225332
13 25 0.055694619253504704
14 1 0.0005996317884562147
14 2 0.0007044205692524001
14 3 0.001058084604330282
14 4 0.00166062389368986
14 5 0.002512038437331131
14 6 0.003612328235254103
14 7 0.004961493287458778
14 8 0.006559533593945131
14 9 0.008406449154713194
14 10 0.010502239969762944
14 11 0.012846906039094401
14 12 0.015440447362707546
14 13 0.018282863940602384
14 14 0.021374155772778913
14 15 0.024714322859237154
14 16 0.028303365199977074
14 17 0.032141282794998706
14 18 0.03622807564430201
14 19 0.04056374374788703
14 20 0.045148287105753734
14 21 0.049981705717902156
14 22 0.055063999584332265
14 23 0.06039516870504406
14 24 0.06597521308003755
14 25 0.07180413270931274
15 1 0.000727152240942666
15 2 0.0008602209598967388
15 3 0.0013047328235799352
15 4 0.002060687831992266
15 5 0.0031280859851337446
15 6 0.004506927283004358
15 7 0.006197211725604115
15 8 0.008198939312932998
15 9 0.010512110044991028
15 10 0.013136723921778191
15 11 0.0160727809432945
15 12 0.01932028110953995
15 13 0.022879224420514533
15 14 0.026749610876218258
15 15 0.03093144047665113
15 16 0.03542471322181311
15 17 0.04022942911170426
15 18 0.04534558814632454
15 19 0.050773190325673956
15 20 0.05651223564975252
15 21 0.0625627241185602
15 22 0.06892465573209704
15 23 0.07559803049036301
15 24 0.08258284839335811
15 25 0.08987910944108236
16 1 0.0008680023385678449
16 2 0.0010332179077289076
16 3 0.0015804494388166885
16 4 0.0025096969318311874
16 5 0.0038209603867723875
16 6 0.0055142398036403225
16 7 0.007589535182434951
16 8 0.010046846523156298
16 9 0.012886173825804354
16 10 0.016107517090379126
16 11 0.01971087631688059
16 12 0.023696251505308786
16 13 0.0280636426556637
16 14 0.03281304976794532
16 15 0.03794447284215365
16 16 0.04345791187828867
16 17 0.04935336687635044
16 18 0.05563083783633889
16 19 0.06229032475825408
16 20 0.06933182764209596
16 21 0.0767553464878646
16 22 0.08456088129555986
16 23 0.09274843206518191
16 24 0.10131799879673063
16 25 0.11026958149020609
17 1 0.001004784943354394
17 2 0.0012020065879666838
17 3 0.0018510455201540136
17 4 0.002951901739916418
17 5 0.004504575247253896
17 6 0.006509066042166415
17 7 0.008965374124653995
17 8 0.011873499494716645
17 9 0.015233442152354356
17 10 0.01904520209756713
17 11 0.023308779330354974
17 12 0.028024173850717867
17 13 0.03319138565865583
17 14 0.03881041475416885
17 15 0.04488126113725694
17 16 0.05140392480792008
17 17 0.0583784057661583
17 18 0.06580470401197155
17 19 0.0736828195453599
17 20 0.08201275236632329
17 21 0.09079450247486175
17 22 0.1000280698709753
17 23 0.10971345455466383
17 24 0.1198506565259275
17 25 0.13043967578476623
18 1 0.0011586945365699567
18 2 0.0013927599958283214
18 3 0.0021585191266465385
18 4 0.0034559719290246154
18 5 0.005285118402962586
18 6 0.007645958548460417
18 7 0.010538492365518124
18 8 0.013962719854135702
18 9 0.017918641014313126
18 10 0.022406255846050452
18 11 0.027425564349347623
18 12 0.03297656652420468
18 13 0.0390592623706216
18 14 0.0456736518885984
18 15 0.05281973507813506
18 16 0.060497511939231585
18 17 0.068706982471888
18 18 0.07744814667610425
18 19 0.08672100455188039
18 20 0.0965255560992164
18 21 0.1068618013181123
18 22 0.11772974020856802
18 23 0.12912937277058367
18 24 0.14106069900415916
18 25 0.15352371890929453
19 1 0.0013094661080716797
19 2 0.001580417434062298
19 3 0.0024625858991735245
19 4 0.0039559715034054145
19 5 0.006060574246757851
19 6 0.008776394129230944
19 7 0.012103431150824656
19 8 0.016041685311538968
19 9 0.020591156611373927
19 10 0.025751845050329472
19 11 0.03152375062840563
19 12 0.0379068733456024
19 13 0.044901213201919796
19 14 0.05250677019735781
19 15 0.060723544331916415
19 16 0.06955153560559568
19 17 0.07899074401839556
19 18 0.089041169570316
19 19 0.09970281226135712
19 20 0.11097567209151882
19 21 0.12285974906080117
19 22 0.13535504316920408
19 23 0.14846155441672762
19 24 0.16217928280337182
19 25 0.17650822832913657
20 1 0.0014475073129558594
20 2 0.0017528943702741105
20 3 0.0027433758014024346
20 4 0.004418951606340804
20 5 0.006779621785089191
20 6 0.009825386337647617
20 7 0.013556245264016093
20 8 0.017972198564194606
20 9 0.02307324623818316
20 10 0.028859388285981752
20 11 0.03533062470759038
20 12 0.04248695550300904
20 13 0.05032838067223775
20 14 0.05885490021527648
20 15 0.06806651413212529
20 16 0.0779632224227841
20 17 0.088545025087253
20 18 0.09981192212553187
20 19 0.11176391353762079
20 20 0.12440099932351976
20 21 0.13772317948322876
20 22 0.15173045401674784
20 23 0.16642282292407687
20 24 0.18180028620521604
20 25 0.1978628438601652
21 1 0.001589010037060083
21 2 0.0019303545255408882
21 3 0.0030335816314806183
21 4 0.004898691354879267
21 5 0.007525683695736791
21 6 0.010914558654053235
21 7 0.015065316229828554
21 8 0.01997795642306284
21 9 0.02565247923375598
21 10 0.03208888466190804
21 11 0.03928717270751902
21 12 0.04724734337058888
21 13 0.05596939665111768
21 14 0.06545333254910538
21 15 0.07569915106455194
21 16 0.08670685219745745
21 17 0.09847643594782185
21 18 0.1110079023156452
21 19 0.12430125130092738
21 20 0.13835648290366848
21 21 0.15317359712386852
21 22 0.16875259396152745
21 23 0.18509347341664523
21 24 0.20219623548922203
21 25 0.22006088017925765
22 1 0.0017237509448988079
22 2 0.002099972454304708
22 3 0.0033122211836824375
22 4 0.0053604971330319905
22 5 0.008244800302353387
22 6 0.011965130691646614
22 7 0.0165214883009117
22 8 0.02191387313014858
22 9 0.02814228517935732
22 10 0.03520672444853789
22 11 0.04310719093769032
22 12 0.05184368464681454
22 13 0.06141620557591059
22 14 0.07182475372497853
22 15 0.08306932909401826
22 16 0.09514993168302985
22 17 0.10806656149201327
22 18 0.12181921852096848
22 19 0.1364079027698956
22 20 0.15183261423879454
22 21 0.16809335292766528
22 22 0.18519011883650785
22 23 0.20312291196532226
22 24 0.22189173231410853
22 25 0.24149657988286666
23 1 0.0018629721631525035
23 2 0.0022759255774127316
23 3 0.0036026341646631307
23 4 0.005843097924903756
23 5 0.008997316858134539
23 6 0.01306529096435548
23 7 0.018047020243566598
23 8 0.023942504695767895
23 9 0.030751744320959347
23 10 0.03847473911914099
23 11 0.04711148909031277
23 12 0.056661994234474745
23 13 0.06712625455162688
23 14 0.0785042700417692
23 15 0.09079604070490167
23 16 0.10400156654102435
23 17 0.11812084755013715
23 18 0.13315388373224016
23 19 0.14910067508733335
23 20 0.16596122161541668
23 21 0.1837355233164902
23 22 0.2024235801905539
23 23 0.22202539223760773
23 24 0.24254095945765178
23 25 0.263970281850686
24 1 0.001999007314305849
24 2 0.00244860371312519
24 3 0.0038891132602108833
24 4 0.006320535955562969
24 5 0.009742871799181393
24 6 0.014156120791066196
24 7 0.01956028293121733
24 8 0.025955358219634843
24 9 0.0333413466563187
24 10 0.04171824824126894
24 11 0.051086062974485535
24 12 0.06144479085596851
24 13 0.0727944318857178
24 14 0.08513498606373346
24 15 0.09846645339001552
24 16 0.1127888338645639
24 17 0.12810212748737862
24 18 0.14440633425845975
24 19 0.16170145417780718
24 20 0.17998748724542107
24 21 0.1992644334613012
24 22 0.2195322928254478
24 23 0.24079106533786063
24 24 0.26304075099853996
24 25 0.28628134980748565
25 1 0.0021256010269574167
25 2 0.0026100615182365816
25 3 0.0041584671223771795
25 4 0.006770817839379309
25 5 0.010447113669242851
25 6 0.015187354611967943
25 7 0.020991540667554497
25 8 0.027859671836002495
25 9 0.035791748117311985
25 10 0.044787769511482986
25 11 0.054847736018515426
25 12 0.06597164763840936
25 13 0.07815950437116478
25 14 0.09141130621678167
25 15 0.10572705317526003
25 16 0.12110674524659984
25 17 0.13755038243080123
25 18 0.15505796472786404
25 19 0.1736294921377883
25 20 0.19326496466057402
25 21 0.2139643822962213
25 22 0.23572774504472999
25 23 0.25855505290610015
25 24 0.2824463058803318
25 25 0.30740150396742505
26 1 0.0022466156975764575
26 2 0.0027652268720530183
26 3 0.004418920183026511
26 4 0.007207695630496841
26 5 0.011131553214464018
26 6 0.016190492934928045
26 7 0.022384514791888924
26 8 0.029713618785346677
26 9 0.03817780491530131
26 10 0.047777073181752776
26 11 0.0585114235847011
26 12 0.07038085612414632
26 13 0.08338537080008837
26 14 0.0975249676125273
26 15 0.11279964656146307
26 16 0.1292094076468957
26 17 0.14675425086882524
26 18 0.16543417622725157
26 19 0.18524918372217478
26 20 0.2061992733535949
26 21 0.22828444512151172
26 22 0.25150469902592554
26 23 0.27586003506683626
26 24 0.3013504532442437
26 25 0.3279759535581481
27 1 0.0023580399615989577
27 2 0.0029089868438752263
27 3 0.0046619488844735334
27 4 0.007616926083393949
27 5 0.011773918440636378
27 6 0.01713292595620088
27 7 0.023693948630087378
27 8 0.03145698646229602
27 9 0.04042203945282674
27 10 0.05058910760167945
27 11 0.061958190908854266
27 12 0.07452928937435112
27 13 0.08830240299817006
27 14 0.1032775317803111
27 15 0.11945467572077414
27 16 0.13683383481955924
27 17 0.15541500907666644
27 18 0.17519819849209567
27 19 0.19618340306584697
27 20 0.21837062279792036
27 21 0.24175985768831587
27 22 0.26635110773703335
27 23 0.2921443729440728
27 24 0.31913965330943445
27 25 0.34733694883311816
28 1 0.0024639268059775425
28 2 0.0030466604333402067
28 3 0.004896717331724667
28 4 0.008014097501130909
28 5 0.012398800941558947
28 6 0.01805082765300878
28 7 0.024970177635480446
28 8 0.03315685088897394
28 9 0.042610847413489174
28 10 0.05333216720902629
28 11 0.06532081027558517
28 12 0.07857677661316584
28 13 0.09310006622176838
28 14 0.10889067910139262
28 15 0.1259486152520388
28 16 0.1442738746737067
28 17 0.16386645736639643
28 18 0.1847263633301079
28 19 0.20685359256484132
28 20 0.2302481450705964
28 21 0.25491002084737335
28 22 0.28083921989517213
28 23 0.30803574221399266
28 24 0.3364995878038351
28 25 0.3662307566646993
29 1 0.0025545227636471126
29 2 0.0031656329467488983
29 3 0.005101841226946516
29 4 0.008363147604240131
29 5 0.012949552078629564
29 6 0.018861054650114898
29 7 0.02609765531869616
29 8 0.034659354084373276
29 9 0.04454615094714636
29 10 0.055758045907015275
29 11 0.06829503896398012
29 12 0.08215713011804085
29 13 0.09734431936919748
29 14 0.11385660671745003
29 15 0.13169399216279845
29 16 0.15085647570524277
29 17 0.17134405734478295
29 18 0.19315673708141912
29 19 0.2162945149151511
29 20 0.24075739084597905
29 21 0.2665453648739029
29 22 0.2936584369989225
29 23 0.3220966072210381
29 24 0.3518598755402496
29 25 0.3829482419565571
30 1 0.0026258956485794567
30 2 0.0032605665629189223
30 3 0.005267789677163711
30 4 0.00864756499131374
30 5 0.013399892505368967
30 6 0.019524772219329477
30 7 0.02702220413319524
30 8 0.035892188246966245
30 9 0.04613472456064243
30 10 0.05774981307422393
30 11 0.07073745378771068
30 12 0.08509764670110265
30 13 0.10083039181439984
30 14 0.1179356891276023
30 15 0.13641353864070999
30 16 0.15626394035372293
30 17 0.1774868942666411
30 18 0.2000824003794646
30 19 0.22405045869219326
30 20 0.2493910692048272
30 21 0.2761042319173663
30 22 0.3041899468298107
30 23 0.3336482139421604
30 24 0.36447903325441533
30 25 0.3966824047665754
31 1 0.002684998103857923
31 2 0.003340588960567563
31 3 0.005410294927300706
31 4 0.008894116004057435
31 5 0.013792052190837695
31 6 0.0201041034876416
31 7 0.027830269894469038
31 8 0.036970551411320024
31 9 0.04752494803819463
31 10 0.059493459775092794
31 11 0.07287608662201449
31 12 0.08767282857895978
31 13 0.10388368564592862
31 14 0.12150865782292104
31 15 0.14054774510993706
31 16 0.1610009475069766
31 17 0.18286826501403977
31 18 0.2061496976311264
31 19 0.2308452453582367
31 20 0.25695490819537053
31 21 0.28447868614252797
31 22 0.313416579199709
31 23 0.34376858736691346
31 24 0.3755347106441416
31 25 0.4087149490313934
32 1 0.0027299096066011196
32 2 0.003403157970788084
32 3 0.005524936086773096
32 4 0.009095243954556265
32 5 0.01411408157413765
32 6 0.02058144894551712
32 7 0.028497346068694716
32 8 0.037861772943670456
32 9 0.04867472957044436
32 10 0.060936215949016326
32 11 0.07464623207938648
32 12 0.08980477796155471
32 13 0.10641185359552116
32 14 0.1244674589812857
32 15 0.1439715941188484
32 16 0.16492425900820926
32 17 0.1873254536493682
32 18 0.21117517804232527
32 19 0.23647343218708047
32 20 0.2632202160836339
32 21 0.29141552973198537
32 22 0.32105937313213506
32 23 0.35215174628408275
32 24 0.38469264918782875
32 25 0.4186820818433728
33 1 0.002759078907418428
33 2 0.0034460096738767685
33 3 0.0056073825979260465
33 4 0.009243197679566498
33 5 0.014353454918797904
33 6 0.020938154315620496
33 7 0.02899729587003408
33 8 0.03853087958203875
33 9 0.049538905451634495
33 10 0.062021373478821265
33 11 0.07597828366359909
33 12 0.091409636005968
33 13 0.108315430505928
33 14 0.12669566716347905
33 15 0.1465503459786211
33 16 0.1678794669513543
33 17 0.19068303008167858
33 18 0.21496103536959385
33 19 0.24071348281510022
33 20 0.26794037241819757
33 21 0.2966417041788861
33 22 0.3268174780971657
33 23 0.3584676941730362
33 24 0.391592352406498
33 25 0.42619145279755066
34 1 0.002774207227671131
34 2 0.0034716222868968324
34 3 0.005662367184187085
34 4 0.009346441919541681
34 5 0.014523846492960785
34 6 0.021194580904444302
34 7 0.02935864515399225
34 8 0.03901603924160469
34 9 0.05016676316728152
34 10 0.06281081693102282
34 11 0.07694820053282855
34 12 0.09257891397269874
34 13 0.10970295725063337
34 14 0.12832033036663248
34 15 0.14843103332069604
34 16 0.17003506611282393
34 17 0.19313242874301637
34 18 0.21772312121127319
34 19 0.2438071435175945
34 20 0.27138449566198025
34 21 0.30045517764443047
34 22 0.33101918946494513
34 23 0.3630765311235241
34 24 0.3966272026201676
34 25 0.4316712039548757
35 1 0.002773716973188217
35 2 0.003477985581911384
35 3 0.0056865398248380356
35 4 0.009399379701968101
35 5 0.014616505213301637
35 6 0.02133791635883856
35 7 0.029563613138578925
35 8 0.039293595552522674
35 9 0.05052786360066993
35 10 0.06326641728302058
35 11 0.07750925659957467
35 12 0.09325638155033217
35 13 0.11050779213529315
35 14 0.12926348835445753
35 15 0.14952347020782536
35 16 0.17128773769539657
35 17 0.1945562908171713
35 18 0.2193291295731494
35 19 0.245606253963331
35 20 0.27338766398771597
35 21 0.3026733596463045
35 22 0.33346334093909624
35 23 0.36575760786609157
35 24 0.39955616042729025
35 25 0.4348589986226923
36 1 0.00275964868163097
36 2 0.0034665303307859986
36 3 0.0056800143972991
36 4 0.009400100881170135
36 5 0.0146267897823992
36 6 0.021360081100986267
36 7 0.02959997483693137
36 8 0.03934647099023443
36 9 0.050599569560895494
36 10 0.06335927054891458
36 11 0.07762557395429166
36 12 0.09339847977702674
36 13 0.11067798801711985
36 14 0.12946409867457098
36 15 0.14975681174938008
36 16 0.17155612724154712
36 17 0.19486204515107228
36 18 0.21967456547795533
36 19 0.24599368822219644
36 20 0.27381941338379556
36 21 0.30315174096275266
36 22 0.3339906709590678
36 23 0.36633620337274087
36 24 0.4001883382037721
36 25 0.4355470754521612
37 1 0.002728733115794245
37 2 0.0034346730606277737
37 3 0.0056415578739547455
37 4 0.009349387555775203
37 5 0.014558162106089241
37 6 0.02126788152489682
37 7 0.029478545812197884
37 8 0.03919015496799253
37 9 0.050402708992280644
37 10 0.06311620788506235
37 11 0.07733065164633753
37 12 0.09304604027610627
37 13 0.11026237377436852
37 14 0.1289796521411243
37 15 0.1491978753763737
37 16 0.1709170434801165
37 17 0.19413715645235288
37 18 0.21885821429308286
37 19 0.2450802170023063
37 20 0.2728031645800232
37 21 0.3020270570262337
37 22 0.3327518943409378
37 23 0.36497767652413543
37 24 0.3987044035758265
37 25 0.4339320754960111
38 1 0.0026832944279513707
38 2 0.0033843425189244223
38 3 0.005572379200965225
38 4 0.009247404474073708
38 5 0.01440941833824997
38 6 0.021058420793493925
38 7 0.029194411839805645
38 8 0.03881739147718505
38 9 0.049927359705632286
38 10 0.06252431652514716
38 11 0.07660826193572984
38 12 0.09217919593738026
38 13 0.10923711853009839
38 14 0.12778202971388428
38 15 0.14781392948873787
38 16 0.16933281785465923
38 17 0.19233869481164828
38 18 0.21683156035970508
38 19 0.2428114144988297
38 20 0.27027825722902193
38 21 0.299232088550282
38 22 0.3296729084626099
38 23 0.3616007169660052
38 24 0.3950155140604685
38 25 0.42991729974599957
39 1 0.002626787322274739
39 2 0.0033196133938558276
39 3 0.005478633056846226
39 4 0.009103846311246045
39 5 0.014195253157055285
39 6 0.02075285359427389
39 7 0.028776647622901864
39 8 0.038266635242939245
39 9 0.049222816454386004
39 10 0.061645191257242174
39 11 0.07553375965150766
39 12 0.09088852163718263
39 13 0.10770947721426695
39 14 0.12599662638276066
39 15 0.14574996914266372
39 16 0.16696950549397624
39 17 0.18965523543669813
39 18 0.21380715897082933
39 19 0.23942527609637
39 20 0.26650958681332004
39 21 0.2950600911216794
39 22 0.3250767890214482
39 23 0.3565596805126264
39 24 0.3895087655952141
39 25 0.42392404426921093
40 1 0.0025523031723049846
40 2 0.003232525302553798
40 3 0.005348690065898457
40 4 0.008900797462338976
40 5 0.013888847491875302
40 6 0.020312840154507458
40 7 0.028172775450235363
40 8 0.0374686533790592
40 9 0.048200473940978754
40 10 0.060368237135994186
40 11 0.07397194296410543
40 12 0.0890115914253125
40 13 0.1054871825196154
40 14 0.12339871624701411
40 15 0.14274619260750865
40 16 0.16352961160109894
40 17 0.18574897322778514
40 18 0.20940427748756713
40 19 0.23449552438044494
40 20 0.26102271390641857
40 21 0.28898584606548805
40 22 0.31838492085765335
40 23 0.3492199382829143
40 24 0.3814908983412712
40 25 0.415197801032724
41 1 0.0024650756557167476
41 2 0.0031290673234898024
41 3 0.0051912108927687885
41 4 0.008651506363553624
41 5 0.013509953735844224
41 6 0.019766553009640673
41 7 0.027421304184943
41 8 0.036474207261751136
41 9 0.04692526224006513
41 10 0.05877446911988493
41 11 0.07202182790121055
41 12 0.08666733858404202
41 13 0.10271100116837935
41 14 0.12015281565422245
41 15 0.1389927820415714
41 16 0.15923090033042622
41 17 0.18086717052078688
41 18 0.2039015926126533
41 19 0.22833416660602565
41 20 0.2541648925009038
41 21 0.28139377029728785
41 22 0.3100207999951776
41 23 0.34004598159457317
41 24 0.3714693150954747
41 25 0.4042908004978821
42 1 0.002368070837161354
42 2 0.003012816554435965
42 3 0.005011763795291806
42 4 0.008364912559728904
42 5 0.013072262847747271
42 6 0.019133814659346896
42 7 0.026549567994527717
42 8 0.03531952285328981
42 9 0.045443679235633146
42 10 0.05692203714155773
42 11 0.06975459657106356
42 12 0.08394135752415059
42 13 0.09948232000081897
42 14 0.11637748400106852
42 15 0.1346268495248993
42 16 0.1542304165723114
42 17 0.1751881851433047
42 18 0.19750015523787925
42 19 0.22116632685603502
42 20 0.2461866999977721
42 21 0.2725612746630903
42 22 0.30029005085199
42 23 0.32937302856447065
42 24 0.3598102078005327
42 25 0.391601588560176
43 1 0.0022550817597713946
43 2 0.0028762985821901106
43 3 0.0047987368251800715
43 4 0.00802239648874129
43 5 0.012547277572873671
43 6 0.01837338007757729
43 7 0.025500704002852138
43 8 0.0339292493486982
43 9 0.043659016115115454
43 10 0.05469000430210393
43 11 0.06702221390966366
43 12 0.08065564493779462
43 13 0.09559029738649671
43 14 0.11182617125577007
43 15 0.12936326654561467
43 16 0.14820158325603044
43 17 0.16834112138701748
43 18 0.1897818809385757
43 19 0.2125238619107051
43 20 0.2365670643034058
43 21 0.2619114881166777
43 22 0.2885571333505208
43 23 0.3165040000049351
43 24 0.3457520880799206
43 25 0.37630139757547737
44 1 0.0021368707765349964
44 2 0.0027325096182055446
44 3 0.0045723947371445126
44 4 0.007656526133351983
44 5 0.011984903806827957
44 6 0.017557527757572293
44 7 0.024374397985585196
44 8 0.032435514490866554
44 9 0.041740877273416334
44 10 0.05229048633323462
44 11 0.06408434167032134
44 12 0.07712244328467655
44 13 0.09140479117630018
44 14 0.10693138534519232
44 15 0.12370222579135295
44 16 0.14171731251478192
44 17 0.16097664551547952
44 18 0.18148022479344547
44 19 0.20322805034867997
44 20 0.22622012218118295
44 21 0.2504564402909544
44 22 0.2759370046779942
44 23 0.30266181534230246
44 24 0.3306308722838794
44 25 0.3598441755027246
45 1 0.0020125935626997575
45 2 0.0025804990553412797
45 3 0.004331396571965963
45 4 0.0072652861125735565
45 5 0.011382167677164311
45 6 0.016682041265738044
45 7 0.023164906878294794
45 8 0.03083076451483466
45 9 0.0396796141753575
45 10 0.049711455859863425
45 11 0.06092628956835235
45 12 0.07332411530082435
45 13 0.08690493305727935
45 14 0.10166874283771743
45 15 0.11761554464213851
45 16 0.13474533847054265
45 17 0.1530581243229298
45 18 0.17255390219930003
45 19 0.19323267209965322
45 20 0.21509443402398956
45 21 0.23813918797230885
45 22 0.2623669339446113
45 23 0.28777767194089654
45 24 0.31437140196116503
45 25 0.34214812400541655
46 1 0.0018772566710851695
46 2 0.002414140302733471
46 3 0.004065991139098578
46 4 0.006832809180180616
46 5 0.010714594425979369
46 6 0.015711346876495044
46 7 0.02182306653172749
46 8 0.029049753391676814
46 9 0.0373914074563429
46 10 0.04684802872572588
46 11 0.05741961719982569
46 12 0.06910617287864233
46 13 0.08190769576217578
46 14 0.09582418585042606
46 15 0.11085564314339318
46 16 0.1270020676410771
46 17 0.14426345934347792
46 18 0.16263981825059556
46 19 0.18213114436243
46 20 0.20273743767898125
46 21 0.22445869820024938
46 22 0.24729492592623434
46 23 0.27124612085693606
46 24 0.29631228299235474
46 25 0.3224934123324901
47 1 0.001736539477616357
47 2 0.002240378919564531
47 3 0.0037871875086349562
47 4 0.00637696524482752
47 5 0.010009712128142313
47 6 0.014685428158579317
47 7 0.02040411333613848
47 8 0.027165767660819885
47 9 0.03497039113262347
47 10 0.043817983751549265
47 11 0.053708545517597246
47 12 0.06464207643076744
47 13 0.07661857649105983
47 14 0.0896380456984744
47 15 0.10370048405301117
47 16 0.11880589155467017
47 17 0.13495426820345136
47 18 0.15214561399935467
47 19 0.1703799289423803
47 20 0.18965721303252805
47 21 0.20997746626979807
47 22 0.2313406886541902
47 23 0.25374688018570457
47 24 0.27719604086434113
47 25 0.30168817069009995
48 1 0.0015950077108371657
48 2 0.0020648787474742084
48 3 0.0035041254363118663
48 4 0.0059127477773501524
48 5 0.009290745770589144
48 6 0.01363811941602873
48 7 0.018954868713668943
48 8 0.025240993663509834
48 9 0.032496494265551325
48 10 0.04072137051979347
48 11 0.049915622426236254
48 12 0.06007924998487966
48 13 0.0712122531957237
48 14 0.0833146320587684
48 15 0.09638638657401372
48 16 0.11042751674145966
48 17 0.12543802256110628
48 18 0.1414179040329535
48 19 0.15836716115700136
48 20 0.17628579393324992
48 21 0.19517380236169904
48 22 0.21503118644234884
48 23 0.23585794617519917
48 24 0.2576540815602503
48 25 0.280419592597502
49 1 0.0014419243645888687
49 2 0.0018742802491413006
49 3 0.003195166523866042
49 4 0.005404583188763203
49 5 0.008502530243832736
49 6 0.01248900768907467
49 7 0.017364015524488983
49 8 0.023127553750075667
49 9 0.029779622365834747
49 10 0.03732022137176617
49 11 0.045749350767870005
49 12 0.05506701055414623
49 13 0.06527320073059484
49 14 0.07636792129721583
49 15 0.0883511722540092
49 16 0.10122295360097493
49 17 0.11498326533811308
49 18 0.1296321074654236
49 19 0.14516947998290647
49 20 0.1615953828905618
49 21 0.17890981618838944
49 22 0.1971127798763895
49 23 0.21620427395456193
49 24 0.2361842984229067
49 25 0.2570528532814239
50 1 0.0013026319989202543
50 2 0.001700174714608061
50 3 0.0029115959372557946
50 4 0.004936895666863454
50 5 0.007776073903431035
50 6 0.011429130646958562
50 7 0.015896065897446045
50 8 0.02117687965489343
50 9 0.027271571919300786
50 10 0.034180142690668026
50 11 0.04190259196899525
50 12 0.05043891975428236
50 13 0.05978912604652944
50 14 0.0699532108457364
50 15 0.08093117415190335
50 16 0.09272301596503023
50 17 0.10532873628511703
50 18 0.11874833511216373
50 19 0.13298181244617038
50 20 0.14802916828713697
50 21 0.16389040263506355
50 22 0.18056551548995003
50 23 0.19805450685179632
50 24 0.2163573767206027
50 25 0.23547412509636895
51 1 0.001157160767814706
51 2 0.0015176554125803305
51 3 0.002612954574539487
51 4 0.004443058253692114
51 5 0.007007966450038328
51 6 0.010307679163578075
51 7 0.014342196394311318
51 8 0.019111518142238163
51 9 0.024615644407358514
51 10 0.03085457518967241
51 11 0.03782831048917983
51 12 0.04553685030588082
51 13 0.05398019463977532
51 14 0.0631583434908634
51 15 0.07307129685914494
51 16 0.08371905474462008
51 17 0.09510161714728872
51 18 0.10721898406715094
51 19 0.12007115550420669
51 20 0.13365813145845595
51 21 0.14797991192989884
51 22 0.16303649691853517
51 23 0.17882788642436503
51 24 0.19535408044738847
51 25 0.21261507898760545
52 1 0.0010255560589297762
52 2 0.0013519057163747365
52 3 0.0023405128022460455
52 4 0.0039913773165437035
52 5 0.0063044992592677105
52 6 0.009279878630418077
52 7 0.012917515429994782
52 8 0.01721740965799785
52 9 0.022179561314427297
52 10 0.02780397039928309
52 11 0.034090636912565225
52 12 0.041039560854273724
52 13 0.048650742224408586
52 14 0.05692418102296977
52 15 0.06585987724995736
52 16 0.07545783090537127
52 17 0.08571804198921154
52 18 0.09664051050147818
52 19 0.10822523644217115
52 20 0.12047221981129051
52 21 0.13338146060883618
52 22 0.14695295883480827
52 23 0.16118671448920666
52 24 0.17608272757203142
52 25 0.19164099808328258
53 1 0.0008918051016135425
53 2 0.0011828005322021223
53 3 0.002061274040918499
53 4 0.003527225627762646
53 5 0.005580655292734603
53 6 0.008221563035834337
53 7 0.011449948857061854
53 8 0.015265812756417162
53 9 0.019669154733900254
53 10 0.024659974789511124
53 11 0.030238272923249793
53 12 0.036404049135116245
53 13 0.043157303425110476
53 14 0.0504980357932325
53 15 0.05842624623948232
53 16 0.06694193476385991
53 17 0.0760451013663653
53 18 0.08573574604699846
53 19 0.09601386880575942
53 20 0.10687946964264816
53 21 0.11833254855766469
53 22 0.130373105550809
53 23 0.14300114062208108
53 24 0.156216653771481
53 25 0.17001964499900865
54 1 0.0007509324188581018
54 2 0.0010039052902264388
54 3 0.0017643314068575924
54 4 0.003032210768751514
54 5 0.004807543375908242
54 6 0.007090329228327738
54 7 0.009880568326010046
54 8 0.01317826066895513
54 9 0.016983406257163023
54 10 0.021296005090633684
54 11 0.026116057169367147
54 12 0.0314435624933634
54 13 0.037278521062622444
54 14 0.04362093287714429
54 15 0.0504707979369289
54 16 0.057828116241976334
54 17 0.06569288779228652
54 18 0.07406511258785954
54 19 0.08294479062869532
54 20 0.09233192191479389
54 21 0.10222650644615526
54 22 0.11262854422277943
54 23 0.12353803524466636
54 24 0.1349549795118161
54 25 0.14687937702422865
55 1 0.0006248361920971479
55 2 0.0008429882009472093
55 3 0.001495697681050227
55 4 0.00258296463240625
55 5 0.004104789055015253
55 6 0.006061170948877233
55 7 0.008452110313992215
55 8 0.011277607150360197
55 9 0.014537661457981164
55 10 0.018232273236855095
55 11 0.02236144248698204
55 12 0.026925169208361962
55 13 0.03192345340099487
55 14 0.03735629506488077
55 15 0.043223694200019654
55 16 0.04952565080641154
55 17 0.05626216488405641
55 18 0.06343323643295425
55 19 0.07103886545310509
55 20 0.07907905194450894
55 21 0.08755379590716575
55 22 0.09646309734107555
55 23 0.10580695624623833
55 24 0.1155853726226541
55 25 0.1257983464703229
56 1 0.0005094611294644624
56 2 0.0006949715713249587
56 3 0.0012470851302065365
56 4 0.002165801806109168
56 5 0.0034511215990328534
56 6 0.0051030445089776
56 7 0.007121570535943419
56 8 0.009506699679930298
56 9 0.01225843194093824
56 10 0.015376767318967243
56 11 0.01886170581401731
56 12 0.02271324742608844
56 13 0.026931392155180638
56 14 0.03151614000129389
56 15 0.0364674909644282
56 16 0.04178544504458359
56 17 0.047470002241760026
56 18 0.053521162555957555
56 19 0.059938925987176095
56 20 0.06672329253541573
56 21 0.07387426220067644
56 22 0.08139183498295821
56 23 0.08927601088226102
56 24 0.09752678989858489
56 25 0.10614417203192983
57 1 0.0003952762988341801
57 2 0.0005475560119480176
57 3 0.0009976965396778688
57 4 0.001745697882023699
57 5 0.002791560038985522
57 6 0.004135283010563336
57 7 0.005776866796757147
57 8 0.00771631139756695
57 9 0.009953616812992748
57 10 0.01248878304303453
57 11 0.015321810087692303
57 12 0.018452697946966082
57 13 0.02188144662085584
57 14 0.02560805610936161
57 15 0.029632526412483356
57 16 0.03395485753022109
57 17 0.038575049462574826
57 18 0.043493102209544554
57 19 0.048709015771130265
57 20 0.05422279014733199
57 21 0.060034425338149684
57 22 0.06614392134358338
57 23 0.07255127816363305
57 24 0.07925649579829877
57 25 0.08625957424758042
58 1 0.00029614915679361704
58 2 0.000418583120988249
58 3 0.0007775970913992893
58 4 0.0013731910680267116
58 5 0.0022053650508705304
58 6 0.003274119039930745
58 7 0.004579453035207358
58 8 0.006121367036700369
58 9 0.007899861044409772
58 10 0.009914935058335574
58 11 0.01216658907847776
58 12 0.014654823104836347
58 13 0.017379637137411336
58 14 0.020341031176202715
58 15 0.023539005221210482
58 16 0.026973559272434663
58 17 0.03064469332987522
58 18 0.034552407393532186
58 19 0.038696701463405536
58 20 0.043077575539495296
58 21 0.04769502962180145
58 22 0.052549063710323994
58 23 0.057639677805062926
58 24 0.06296687190601827
58 25 0.06853064601318999
59 1 0.00021343997765150473
59 2 0.00030995867969551676
59 3 0.0005902976248059577
59 4 0.001054456812982841
59 5 0.001702436244226164
59 6 0.0025342359185359293
59 7 0.0035498558359121227
59 8 0.004749295996354758
59 9 0.006132556399863827
59 10 0.007699637046439343
59 11 0.009450537936081286
59 12 0.011385259068789679
59 13 0.013503800444564496
59 14 0.01580616206340576
59 15 0.018292343925313457
59 16 0.02096234603028759
59 17 0.023816168378328166
59 18 0.026853810969435173
59 19 0.03007527380360862
59 20 0.033480556880848514
59 21 0.037069660201154826
59 22 0.0408425837645276
59 23 0.04479932757096679
59 24 0.04893989162047242
59 25 0.053264275913044494
60 1 0.00014095583081908956
60 2 0.00021359350345908856
60 3 0.0004219333047256127
60 4 0.0007659752346186619
60 5 0.0012457192931382569
60 6 0.001861165480284371
60 7 0.0026123137960570118
60 8 0.0034991642404561857
60 9 0.004521716813481886
60 10 0.005679971515134121
60 11 0.006973928345412885
60 12 0.008403587304318172
60 13 0.009968948391849995
60 14 0.011670011608008344
60 15 0.013506776952793221
60 16 0.015479244426204634
60 17 0.01758741402824257
60 18 0.01983128575890704
60 19 0.02221085961819804
60 20 0.024726135606115567
60 21 0.027377113722659625
60 22 0.03016379396783021
60 23 0.03308617634162732
60 24 0.036144260844050966
60 25 0.03933804747510113
61 1 0.00008195825510011599
61 2 0.0001337701548290203
61 3 0.0002798867665371851
61 4 0.0005203080902246008
61 5 0.0008550341258912762
61 6 0.0012840648735372034
61 7 0.0018074003331623907
61 8 0.002425040504766831
61 9 0.00313698538835053
61 10 0.003943234983913484
61 11 0.004843789291455691
61 12 0.005838648310977157
61 13 0.006927812042477877
61 14 0.008111280485957854
61 15 0.009389053641417087
61 16 0.010761131508855576
61 17 0.01222751408827332
61 18 0.013788201379670318
61 19 0.015443193383046573
61 20 0.017192490098402083
61 21 0.01903609152573685
61 22 0.020973997665050877
61 23 0.023006208516344155
61 24 0.025132724079616687
61 25 0.027353544354868482
62 1 0.000035745145122671005
62 2 0.00006945256912772583
62 3 0.0001621568387195301
62 4 0.00031385795389809117
62 5 0.000524555914663403
62 6 0.0007942507210154703
62 7 0.0011229423729542862
62 8 0.0015106308704798592
62 9 0.0019573162135921823
62 10 0.0024629984022912603
62 11 0.0030276774365770886
62 12 0.0036513533164496737
62 13 0.004334026041909008
62 14 0.005075695612955097
62 15 0.005876362029587939
62 16 0.006736025291807534
62 17 0.007654685399613883
62 18 0.00863234235300698
62 19 0.009668996151986834
62 20 0.01076464679655344
62 21 0.0119192942867068
62 22 0.01313293862244691
62 23 0.014405579803773775
62 24 0.01573721783068739
62 25 0.017127852703187764
63 1 6.861568493631127*^-6
63 2 0.00002711213665107503
63 3 0.00008084814702874107
63 4 0.00016806959962663209
63 5 0.0002887764944447474
63 6 0.00044296883148308726
63 7 0.0006306466107416509
63 8 0.000851809832220439
63 9 0.0011064584959194514
63 10 0.0013945926018386874
63 11 0.001716212149978149
63 12 0.0020713171403378343
63 13 0.0024599075729177444
63 14 0.002881983447717878
63 15 0.0033375447647382363
63 16 0.003826591523978818
63 17 0.004349123725439625
63 18 0.004905141369120655
63 19 0.0054946444550219116
63 20 0.006117632983143392
63 21 0.006774106953485095
63 22 0.007464066366047023
63 23 0.008187511220829172
63 24 0.008944441517831551
63 25 0.009734857257054152
64 1 -7.013634922542638*^-6
64 2 4.36288375897319*^-6
64 3 0.000033094604324085964
64 4 0.00007918152677279514
64 5 0.00014262365110510105
64 6 0.00022342097732100345
64 7 0.00032157350542050234
64 8 0.00043708123540359817
64 9 0.0005699441672702898
64 10 0.0007201623010205786
64 11 0.0008877356366544639
64 12 0.0010726641741719456
64 13 0.0012749479135730237
64 14 0.0014945868548576985
64 15 0.0017315809980259697
64 16 0.0019859303430778373
64 17 0.0022576348900133023
64 18 0.0025466946388323633
64 19 0.0028531095895350214
64 20 0.003176879742121276
64 21 0.0035180050965911264
64 22 0.003876485652944574
64 23 0.004252321411181617
64 24 0.004645512371302258
64 25 0.005056058533306494
65 1 -0.000010663030839632408
65 2 -3.7706135070033732*^-6
65 3 0.000012776848546379128
65 4 0.000038979355320514664
65 5 0.00007483690681540334
65 6 0.00012034950303104558
65 7 0.0001755171439674407
65 8 0.00024033982962458906
65 9 0.00031481756000249073
65 10 0.0003989503351011454
65 11 0.0004927381549205538
65 12 0.0005961810194607154
65 13 0.0007092789287216299
65 14 0.0008320318827032977
65 15 0.0009644398814057187
65 16 0.001106502924828893
65 17 0.0012582210129728206
65 18 0.001419594145837502
65 19 0.0015906223234229354
65 20 0.0017713055457291226
65 21 0.0019616438127560633
65 22 0.0021616371245037572
65 23 0.0023712854809722042
65 24 0.0025905888821614043
65 25 0.0028195473280713578
66 1 -0.000010765359694255297
66 2 -5.989529082302263*^-6
66 3 5.023855108811543*^-6
66 4 0.000022274792879085772
66 5 0.000045763284228520476
66 6 0.00007548932915711555
66 7 0.0001114529276648712
66 8 0.0001536540797517876
66 9 0.00020209278541786442
66 10 0.0002567690446631017
66 11 0.00031768285748749964
66 12 0.00038483422389105806
66 13 0.0004582231438737769
66 14 0.0005378496174356565
66 15 0.0006237136445766963
66 16 0.000715815225296897
66 17 0.000814154359596258
66 18 0.0009187310474747793
66 19 0.0010295452889324615
66 20 0.001146597083969304
66 21 0.0012698864325853077
66 22 0.0013994133347804713
66 23 0.0015351777905547954
66 24 0.00167717979990828
66 25 0.0018254193628409253
67 1 -0.000010085631813833611
67 2 -6.399844084798285*^-6
67 3 1.8616442837521067*^-6
67 4 0.000014698833291817562
67 5 0.000032111722939398305
67 6 0.00005410031322649412
67 7 0.00008066460415310493
67 8 0.00011180459571923092
67 9 0.0001475202879248721
67 10 0.00018781168077002815
67 11 0.00023267877425469952
67 12 0.00028212156837888604
67 13 0.00033614006314258753
67 14 0.00039473425854580406
67 15 0.0004579041545885359
67 16 0.0005256497512707828
67 17 0.0005979710485925448
67 18 0.000674868046553822
67 19 0.0007563407451546141
67 20 0.0008423891443949215
67 21 0.0009330132442747439
67 22 0.0010282130447940817
67 23 0.001127988545952934
67 24 0.0012323397477513021
67 25 0.001341266650189185
68 1 -9.368149441455507*^-6
68 2 -6.286804196594285*^-6
68 3 4.943640411804424*^-7
68 4 0.000010975355271868557
68 5 0.000025156169495470096
68 6 0.000043036806711985135
68 7 0.00006461726692141356
68 8 0.00008989755012375542
68 9 0.00011887765631901065
68 10 0.00015155758550717947
68 11 0.00018793733768826155
68 12 0.00022801691286225702
68 13 0.000271796311029166
68 14 0.00031927553218898846
68 15 0.0003704545763417243
68 16 0.0004253334434873735
68 17 0.0004839121336259362
68 18 0.0005461906467574122
68 19 0.0006121689828818017
68 20 0.0006818471419991046
68 21 0.0007552251241093211
68 22 0.000832302929212451
68 23 0.000913080557308494
68 24 0.0009975580083974509
68 25 0.0010857352824793207
69 1 -8.682096063493991*^-6
69 2 -6.007938737087594*^-6
69 3 -1.9683419396401414*^-7
69 4 8.75121756587652*^-6
69 5 0.00002083621654243418
69 6 0.00003605816273570884
69 7 0.0000544170561457007
69 8 0.00007591289677240963
69 9 0.00010054568461583572
69 10 0.00012831541967597872
69 11 0.00015922210195283895
69 12 0.0001932657314464161
69 13 0.00023044630815671053
69 14 0.0002707638320837219
69 15 0.0003142183032274503
69 16 0.000360809721587896
69 17 0.0004105380871650587
69 18 0.00046340339995893835
69 19 0.0005194056599695351
69 20 0.0005785448671968492
69 21 0.0006408210216408799
69 22 0.0007062341233016283
69 23 0.0007747841721790932
69 24 0.0008464711682732754
69 25 0.0009212951115841749
70 1 -8.16325105396577*^-6
70 2 -5.7315349021252015*^-6
70 3 -4.832191532370145*^-7
70 4 7.58169619269879*^-6
70 5 0.00001846321113568221
70 6 0.000032161325675713285
70 7 0.00004867603981279191
70 8 0.00006800735354691828
70 9 0.0000901552668780923
70 10 0.00011511977980631382
70 11 0.00014290089233158306
70 12 0.00017349860445389987
70 13 0.00020691291617326438
70 14 0.00024314382748967655
70 15 0.0002821913384031362
70 16 0.0003240554489136436
70 17 0.0003687361590211986
70 18 0.00041623346872580135
70 19 0.0004665473780274515
70 20 0.0005196778869261496
70 21 0.000575624995421895
70 22 0.0006343887035146881
70 23 0.0006959690112045288
70 24 0.0007603659184914171
70 25 0.0008275794253753533
71 1 -7.692936911368338*^-6
71 2 -5.44480333408094*^-6
71 3 -6.122685330754575*^-7
71 4 6.804667491648186*^-6
71 5 0.00001680600474008991
71 6 0.00002939174321224981
71 7 0.000044561882908127735
71 8 0.0000623164238277239
71 9 0.00008265536597103809
71 10 0.00010557870933807044
71 11 0.0001310864539288209
71 12 0.0001591785997432896
71 13 0.0001898551467814763
71 14 0.00022311609504338116
71 15 0.00025896144452900415
71 16 0.00029739119523834517
71 17 0.0003384053471714043
71 18 0.00038200390032818175
71 19 0.00042818685470867726
71 20 0.0004769542103128907
71 21 0.0005283059671408224
71 22 0.0005822421251924722
71 23 0.0006387626844678402
71 24 0.0006978676449669263
71 25 0.0007595570066897305
72 1 -7.279974061548484*^-6
72 2 -5.169270555959542*^-6
72 3 -6.398302608550906*^-7
72 4 6.308346823764788*^-6
72 5 0.000015675260697900247
72 6 0.000027460911361551148
72 7 0.000041665298814717546
72 8 0.00005828842305739939
72 9 0.00007733028408959678
72 10 0.00009879088191130967
72 11 0.00012267021652253803
72 12 0.00014896828792328182
72 13 0.00017768509611354127
72 14 0.00020882064109331607
72 15 0.0002423749228626065
72 16 0.00027834794142141237
72 17 0.0003167396967697337
72 18 0.0003575501889075705
72 19 0.00040077941783492294
72 20 0.00044642738355179064
72 21 0.0004944940860581741
72 22 0.000544979525354073
72 23 0.0005978837014394872
72 24 0.000653206614314417
72 25 0.0007109482639788621
73 1 -6.923822360147367*^-6
73 2 -4.915880443997669*^-6
73 3 -6.067278057115208*^-7
73 4 6.003635554711017*^-6
73 5 0.000014915209637270016
73 6 0.00002612799444196551
73 7 0.00003964198996879737
73 8 0.000055457196217765724
73 9 0.00007357361318887042
73 10 0.00009399124088211176
73 11 0.00011671007929748932
73 12 0.0001417301284350034
73 13 0.00016905138829465384
73 14 0.00019867385887644085
73 15 0.00023059754018036428
73 16 0.0002648224322064241
73 17 0.0003013485349546204
73 18 0.0003401758484249531
73 19 0.0003813043726174222
73 20 0.0004247341075320278
73 21 0.0004704650531687699
73 22 0.0005184972095276484
73 23 0.0005688305766086634
73 24 0.0006214651544118145
73 25 0.0006764009429371023
74 1 -6.582099431239718*^-6
74 2 -4.66037751384809*^-6
74 3 -5.303033902266203*^-7
74 4 5.808122939624592*^-6
74 5 0.000014354901475705622
74 6 0.000025110032218016542
74 7 0.00003807351516655719
74 8 0.00005324535032132769
74 9 0.00007062553768232799
74 10 0.00009021407724955814
74 11 0.00011201096902301803
74 12 0.00013601621300270782
74 13 0.00016222980918862738
74 14 0.00019065175758077677
74 15 0.00022128205817915596
74 16 0.00025412071098376496
74 17 0.0002891677159946038
74 18 0.0003264230732116724
74 19 0.00036588678263497094
74 20 0.00040755884426449916
74 21 0.0004514392581002573
74 22 0.0004975280241422453
74 23 0.0005458251423904628
74 24 0.0005963306128449104
74 25 0.0006490444355055876
75 1 -6.293722704209305*^-6
75 2 -4.4362395913845565*^-6
75 3 -4.350630472668846*^-7
75 4 5.709806928143656*^-6
75 5 0.000013998370334847197
75 6 0.000024430627172843656
75 7 0.000037006577442133034
75 8 0.000051726221142715304
75 9 0.0000685895582745906
75 10 0.00008759658883775871
75 11 0.00010874731283221981
75 12 0.00013204173025797383
75 13 0.00015747984111502081
75 14 0.00018506164540336067
75 15 0.0002147871431229934
75 16 0.0002466563342739192
75 17 0.0002806692188561378
75 18 0.00031682579686964944
75 19 0.000355126068314454
75 20 0.00039557003319055147
75 21 0.0004381576914979419
75 22 0.00048288904323662524
75 23 0.0005297640884066014
75 24 0.0005787828270078705
75 25 0.0006299452590404328
76 1 -6.021532895481846*^-6
76 2 -4.218301135728887*^-6
76 3 -3.2214277623789885*^-7
76 4 5.666942182991334*^-6
76 5 0.000013748953741958612
76 6 0.00002392389190066399
76 7 0.00003619175665910758
76 8 0.00005055254801728923
76 9 0.00006700626597520908
76 10 0.00008555291053286701
76 11 0.00010619248169026309
76 12 0.0001289249794473972
76 13 0.00015375040380426953
76 14 0.00018066875476087997
76 15 0.0002096800323172285
76 16 0.00024078423647331523
76 17 0.00027398136722914
76 18 0.0003092714245847029
76 19 0.0003466544085400041
76 20 0.00038613031909504324
76 21 0.00042769915624982045
76 22 0.0004713609200043361
76 23 0.0005171156103585896
76 24 0.0005649632273125813
76 25 0.0006149037708663112
77 1 -5.764426047813884*^-6
77 2 -4.007445813412794*^-6
77 3 -1.9746230386584636*^-7
77 4 5.665524480827035*^-6
77 5 0.00001358151454066574
77 6 0.000023550507875650362
77 7 0.000035572504485780906
77 8 0.00004964750437105728
77 9 0.00006577550753147958
77 10 0.00008395651396704775
77 11 0.00010419052367776178
77 12 0.00012647753666362175
77 13 0.0001508175529246276
77 14 0.0001772105724607793
77 15 0.00020565659527207694
77 16 0.00023615562135852043
77 17 0.00026870765072010977
77 18 0.00030331268335684504
77 19 0.0003399707192687262
77 20 0.00037868175845575324
77 21 0.00041944580091792617
77 22 0.000462262846655245
77 23 0.0005071328956677097
77 24 0.0005540559479553204
77 25 0.0006030320035180768
78 1 -2.898741821535391*^-6
78 2 -1.527584759056486*^-6
78 3 1.6601503272991482*^-6
78 4 6.664463437531531*^-6
78 5 0.000013485354571640717
78 6 0.000022122823729626683
78 7 0.00003257687091148941
78 8 0.000044847496117228895
78 9 0.0000589346993468452
78 10 0.00007483848060033822
78 11 0.00009255883987770805
78 12 0.00011209577717895465
78 13 0.00013344929250407798
78 14 0.00015661938585307815
78 15 0.00018160605722595505
78 16 0.00020840930662270873
78 17 0.00023702913404333918
78 18 0.0002674655394878464
78 19 0.00029971852295623033
78 20 0.0003337880844484911
78 21 0.0003696742239646286
78 22 0.00040737694150464295
78 23 0.000446896237068534
78 24 0.0004882321106563018
78 25 0.0005313845622679464
79 1 -4.153733154844864*^-6
79 2 -2.68399374797455*^-6
79 3 5.926746526143257*^-7
79 4 5.676272046921724*^-6
79 5 0.000012566798434947658
79 6 0.000021264253816692143
79 7 0.000031768638192155153
79 8 0.000044079951561336667
79 9 0.00005819819392423671
79 10 0.00007412336528085534
79 11 0.00009185546563119246
79 12 0.00011139449497524808
79 13 0.00013274045331302233
79 14 0.00015589334064451498
79 15 0.0001808531569697263
79 16 0.00020761990228865604
79 17 0.00023619357660130438
79 18 0.00026657417990767117
79 19 0.00029876171220775656
79 20 0.0003327561735015605
79 21 0.0003685575637890829
79 22 0.00040616588307032395
79 23 0.00044558113134528335
79 24 0.0004868033086139613
79 25 0.000529832414876358
80 1 -0.00001070649979017779
80 2 -8.549257230491216*^-6
80 3 -4.357627874600508*^-6
80 4 1.8683882774943914*^-6
80 5 0.00001012879122579357
80 6 0.00002042358097029683
80 7 0.00003275275751100437
80 8 0.000047116320847916074
80 9 0.00006351427098103195
80 10 0.00008194660791035208
80 11 0.00010241333163587642
80 12 0.0001249144421576049
80 13 0.00014944993947553755
80 14 0.00017601982358967443
80 15 0.0002046240945000156
80 16 0.00023526275220656084
80 17 0.0002679357967093103
80 18 0.00030264322800826397
80 19 0.0003393850461034219
80 20 0.000378161250994784
80 21 0.0004189718426823502
80 22 0.00046181682116612076
80 23 0.0005066961864460953
80 24 0.0005536099385222742
80 25 0.0006025580773946574
81 1 -0.00001031417797927493
81 2 -8.181352436973875*^-6
81 3 -4.000829637717044*^-6
81 4 2.2273904184955077*^-6
81 5 0.000010503307731663877
81 6 0.0000208269223017881
81 7 0.00003319823412886809
81 8 0.00004761724321290388
81 9 0.00006408394955389546
81 10 0.00008259835315184285
81 11 0.00010316045400674605
81 12 0.000125770252118605
81 13 0.00015042774748741985
81 14 0.00017713294011319035
81 15 0.0002058858299959168
81 16 0.00023668641713559896
81 17 0.000269534701532237
81 18 0.00030443068318583067
81 19 0.00034137436209638025
81 20 0.0003803657382638857
81 21 0.00042140481168834686
81 22 0.0004644915823697638
81 23 0.0005096260503081366
81 24 0.0005568082155034649
81 25 0.0006060380779557495
82 1 -9.849089421373382*^-6
82 2 -7.747014792997699*^-6
82 3 -3.584366665477608*^-6
82 4 2.6388549611867693*^-6
82 5 0.00001092265008699562
82 6 0.00002126701871194874
82 7 0.00003367196083604633
82 8 0.000048137476459288226
82 9 0.0000646635655816745
82 10 0.00008325022820320514
82 11 0.00010389746432388022
82 12 0.0001266052739436996
82 13 0.0001513736570626634
82 14 0.00017820261368077145
82 15 0.00020709214379802397
82 16 0.00023804224741442092
82 17 0.0002710529245299622
82 18 0.0003061241751446478
82 19 0.00034325599925847777
82 20 0.00038244839687145223
82 21 0.0004237013679835709
82 22 0.000467014912594834
82 23 0.0005123890307052414
82 24 0.0005598237223147935
82 25 0.0006093189874234896
83 1 -9.409348272016126*^-6
83 2 -7.337152296233563*^-6
83 3 -3.193500827153689*^-6
83 4 3.0216061352232554*^-6
83 5 0.000011308168590897416
83 6 0.00002166618653986873
83 7 0.00003409565998213717
83 8 0.00004859658891770282
83 9 0.0000651689733465656
83 10 0.00008381281326872547
83 11 0.00010452810868418261
83 12 0.00012731485959293688
83 13 0.0001521730659949883
83 14 0.0001791027278903369
83 15 0.00020810384527898261
83 16 0.00023917641816092558
83 17 0.0002723204465361656
83 18 0.00030753593040470294
83 19 0.0003448228697665373
83 20 0.00038418126462166896
83 21 0.0004256111149700976
83 22 0.00046911242081182353
83 23 0.0005146851821468464
83 24 0.0005623293989751667
83 25 0.0006120450712967841
84 1 -8.985675454395422*^-6
84 2 -6.942601209295583*^-6
84 3 -2.818125648527591*^-6
84 4 3.387751227908573*^-6
84 5 0.000011675029420012864
84 6 0.000022043708927785307
84 7 0.000034493789751225953
84 8 0.00004902527189033478
84 9 0.00006563815534511169
84 10 0.00008433244011555685
84 11 0.00010510812620167008
84 12 0.0001279652136034515
84 13 0.00015290370232090114
84 14 0.00017992359235401894
84 15 0.00020902488370280487
84 16 0.00024020757636725895
84 17 0.0002734716703473812
84 18 0.00030881716564317167
84 19 0.0003462440622546302
84 20 0.000385752360181757
84 21 0.0004273420594245521
84 22 0.00047101315998301495
84 23 0.0005167656618571462
84 24 0.0005645995650469456
84 25 0.0006145148695524132
85 1 -8.55480050908487*^-6
85 2 -6.541443892676498*^-6
85 3 -2.436733273852355*^-6
85 4 3.759331347387616*^-6
85 5 0.000012046749971043341
85 6 0.000022425522597114972
85 7 0.00003489564922560227
85 8 0.00004945712985650537
85 9 0.00006610996448982431
85 10 0.00008485415312555902
85 11 0.00010568969576370954
85 12 0.00012861659240427582
85 13 0.0001536348430472579
85 14 0.00018074444769265575
85 15 0.00020994540634046945
85 16 0.00024123771899069887
85 17 0.0002746213856433442
85 18 0.0003100964062984052
85 19 0.00034766278095588204
85 20 0.00038732050961577474
85 21 0.0004290695922780831
85 22 0.0004729100289428074
85 23 0.0005188418196099473
85 24 0.0005668649642795033
85 25 0.0006169794629514748
86 1 -8.154790708007959*^-6
86 2 -6.1689556470409925*^-6
86 3 -2.0824186454065495*^-6
86 4 4.104820296895242*^-6
86 5 0.000012392761179864528
86 6 0.000022781404003501285
86 7 0.000035270748767805415
86 8 0.00004986079547277701
86 9 0.00006655154411841598
86 10 0.00008534299470472238
86 11 0.00010623514723169622
86 12 0.00012922800169933756
86 13 0.00015432155810764627
86 14 0.0001815158164566224
86 15 0.00021081077674626596
86 16 0.000242206438976577
86 17 0.0002757028031475554
86 18 0.00031129986925920126
86 19 0.0003489976373115145
86 20 0.00038879610730449527
86 21 0.0004306952792381435
86 22 0.0004746951531124591
86 23 0.0005207957289274421
86 24 0.0005689970066830925
86 25 0.0006192989863794104
87 1 -7.782310081936904*^-6
87 2 -5.821924686790184*^-6
87 3 -1.7518467940849036*^-6
87 4 4.42792359617901*^-6
87 5 0.000012717386484001417
87 6 0.000023116541869382356
87 7 0.000035625389752321846
87 8 0.000050243930132819866
87 9 0.00006697216301087643
87 10 0.00008581008838649156
87 11 0.00010675770625966525
87 12 0.0001298150166303974
87 13 0.00015498201949868816
87 14 0.00018225871486453744
87 15 0.00021164510272794523
87 16 0.0002431411830889116
87 17 0.0002767469559474365
87 18 0.00031246242130352
87 19 0.00035028757915716197
87 20 0.0003902224295083626
87 21 0.0004322669723571216
87 22 0.0004764212077034393
87 23 0.0005226851355473155
87 24 0.0005710587558887502
87 25 0.0006215420687277435
88 1 -7.466393892311941*^-6
88 2 -5.5273757303454984*^-6
88 3 -1.4706897524398094*^-6
88 4 4.7036640414051535*^-6
88 5 0.000012995685651189395
88 6 0.00002340537507691294
88 7 0.00003593273231857577
88 8 0.00005057775737617786
88 9 0.00006734045024971924
88 10 0.00008622081093919998
88 11 0.00010721883944461991
88 12 0.00013033453576597923
88 13 0.00015556789990327772
88 14 0.00018291893185651555
88 15 0.00021238763162569266
88 16 0.000243973999210809
88 17 0.00027767803461186465
88 18 0.00031349973782885955
88 19 0.00035143910886179376
88 20 0.00039149614771066734
88 21 0.0004336708543754802
88 22 0.00047796322885623223
88 23 0.0005243732711529235
88 24 0.0005729009812655542
88 25 0.0006235463591941242
89 1 -7.152523298467798*^-6
89 2 -5.2344602300020206*^-6
89 3 -1.190365383551169*^-6
89 4 4.97976124088467*^-6
89 5 0.000013275919643305621
89 6 0.00002369810982371166
89 7 0.00003624633178210278
89 8 0.000050920585518478944
89 9 0.00006772087103284017
89 10 0.00008664718832518646
89 11 0.00010769953739551783
89 12 0.00013087791824383427
89 13 0.0001561823308701357
89 14 0.00018361277527442229
89 15 0.00021316925145669385
89 16 0.00024485175941695047
89 17 0.0002786602991551923
89 18 0.00031459487067141904
89 19 0.0003526554739656309
89 20 0.0003928421090378279
89 21 0.00043515477588800997
89 22 0.000479593474516177
89 23 0.000526158204922329
89 24 0.0005748489671064662
89 25 0.0006256657610685884
90 1 -6.8616403454113105*^-6
90 2 -4.962683994913087*^-6
90 3 -9.294400928551078*^-7
90 4 5.238091360762635*^-6
90 5 0.000013539910365940107
90 6 0.000023976016922677342
90 7 0.00003654641103097435
90 8 0.000051251092690831066
90 9 0.00006809006190224758
90 10 0.00008706331866522384
90 11 0.00010817086297975981
90 12 0.0001314126948458556
90 13 0.00015678881426351107
90 14 0.00018429922123272638
90 15 0.00021394391575350134
90 16 0.0002457228978258361
90 17 0.00027963616744973056
90 18 0.0003156837246251848
90 19 0.0003538655693521988
90 20 0.0003941817016307726
90 21 0.00043663212146090606
90 22 0.00048121682884259945
90 23 0.0005279358237758524
90 24 0.0005767891062606652
90 25 0.0006277766762970377
91 1 -6.598319634091861*^-6
91 2 -4.716336769766474*^-6
91 3 -6.920737342259368*^-7
91 4 5.47446947252961*^-6
91 5 0.000013783292850500294
91 6 0.00002423439639968607
91 7 0.0000368277801200869
91 8 0.00005156344401170284
91 9 0.0000684413880745338
91 10 0.00008746161230857995
91 11 0.00010862411671384112
91 12 0.00013192890129031746
91 13 0.00015737596603800885
91 14 0.00018496531095691532
91 15 0.00021469693604703684
91 16 0.00024657084130837344
91 17 0.00028058702674092523
91 18 0.0003167454923446921
91 19 0.00035504623811967396
91 20 0.0003954892640658709
91 21 0.000438074570183283
91 22 0.0004828021564719103
91 23 0.0005296720229317524
91 24 0.0005786841695628099
91 25 0.0006298385963650823
92 1 -6.357869594674605*^-6
92 2 -4.491063375789569*^-6
92 3 -4.74159752923988*^-7
92 4 5.692841273921973*^-6
92 5 0.00001400993970474855
92 6 0.000024477135539555494
92 7 0.000037094428778343005
92 8 0.00005186181942111098
92 9 0.00006877930746785944
92 10 0.00008784689291858838
92 11 0.0001090645757732978
92 12 0.00013243235603198773
92 13 0.0001579502336946581
92 14 0.00018561820876130902
92 15 0.00021543628123194035
92 16 0.00024740445110655224
92 17 0.00028152271838514454
92 18 0.0003177910830677173
92 19 0.0003562095451542706
92 20 0.00039677810464480446
92 21 0.00043949676153931874
92 22 0.0004843655158378135
92 23 0.0005313843675402885
92 24 0.0005805533166467445
92 25 0.0006318723631571807
93 1 -6.13131822371167*^-6
93 2 -4.278479403884433*^-6
93 3 -2.6764390396333126*^-7
93 4 5.901188276051484*^-6
93 5 0.000014228017136160148
93 6 0.000024712842676362554
93 7 0.00003735566489665877
93 8 0.00005215648379704875
93 9 0.00006911529937753256
93 10 0.00008823211163811012
93 11 0.00010950692057878153
93 12 0.00013293972619954665
93 13 0.00015853052850040564
93 14 0.0001862793274813584
93 15 0.00021618612314240493
93 16 0.0002482509154835452
93 17 0.0002824737045047793
93 18 0.0003188544902061072
93 19 0.0003573932725875289
93 20 0.00039809005164904445
93 21 0.0004409448273906536
93 22 0.00048595759981235665
93 23 0.0005331283689141535
93 24 0.000582457134696044
93 25 0.0006339438971580285
94 1 -5.9348166066366094*^-6
94 2 -4.0937911267236845*^-6
94 3 -8.743271074406669*^-8
94 4 6.084258641302239*^-6
94 5 0.000014421282929415227
94 6 0.000024923640153594967
94 7 0.000037591330313841315
94 8 0.000052424353410154357
94 9 0.00006942270944253417
94 10 0.00008858639841098058
94 11 0.00010991542031549378
94 12 0.00013340977515607363
94 13 0.00015906946293272017
94 14 0.00018689448364543333
94 15 0.00021688483729421335
94 16 0.00024904052387905994
94 17 0.0002833615433999733
94 18 0.00031984789585695324
94 19 0.0003584995812499999
94 20 0.0003993165995791133
94 21 0.00044229895084429337
94 22 0.00048744663504554
94 23 0.0005347596521828536
94 24 0.0005842380022562338
94 25 0.0006358816852656805
95 1 -5.740922088711143*^-6
95 2 -3.911240333887257*^-6
95 3 9.151644105793011*^-8
95 4 6.2673482361242514*^-6
95 5 0.000014616255051311751
95 6 0.000025138236886620527
95 7 0.00003783329374205044
95 8 0.00005270142561760161
95 9 0.00006974263251327395
95 10 0.00008895691442906752
95 11 0.0001103442713649823
95 12 0.00013390470332101824
95 13 0.00015963821029717546
95 14 0.00018754479229345382
95 15 0.00021762444930985343
95 16 0.0002498771813463743
95 17 0.00028430298840301634
95 18 0.00032090187047977936
95 19 0.00035967382757666385
95 20 0.00040061885969366954
95 21 0.0004437369668307963
95 22 0.0004890281489880443
95 23 0.0005364924061654135
95 24 0.000586129738362904
95 25 0.0006379401455805157
96 1 -5.557054856391114*^-6
96 2 -3.73780686338045*^-6
96 3 2.623778028602915*^-7
96 4 6.4434991423311855*^-6
96 5 0.000014805557155032149
96 6 0.000025348551840963196
96 7 0.00003807248320012447
96 8 0.00005297735123251573
96 9 0.00007006315593813713
96 10 0.00008932989731698864
96 11 0.00011077757536907018
96 12 0.00013440619009438189
96 13 0.00016021574149292377
96 14 0.00018820622956469566
96 15 0.00021837765430969766
96 16 0.0002507300157279298
96 17 0.00028526331381939214
96 18 0.00032197754858408434
96 19 0.00036087272002200684
96 20 0.0004019488281331594
96 21 0.00044520587291754196
96 22 0.0004906438543751547
96 23 0.0005382627725059976
96 24 0.0005880626273100706
96 25 0.0006400434187873735
97 1 -5.374810587318597*^-6
97 2 -3.5655567430469473*^-6
97 3 4.32984896542271*^-7
97 4 6.620814331449055*^-6
97 5 0.000014997931561673348
97 6 0.00002556433658721522
97 7 0.00003832002940807463
97 8 0.00005326501002425155
97 9 0.00007039927843574602
97 10 0.00008972283464255813
97 11 0.00011123567864468766
97 12 0.0001349378104421348
97 13 0.00016082923003489947
97 14 0.00018890993742298168
97 15 0.00021917993260638154
97 16 0.00025163921558509877
97 17 0.00028628778635913366
97 18 0.00032312564492848606
97 19 0.000362152791293156
97 20 0.00040336922545314356
97 21 0.0004467749474084486
97 22 0.0004923699571590712
97 23 0.0005401542547050113
97 24 0.0005901278400462688
97 25 0.0006422907131828441
98 1 -5.222524175699977*^-6
98 2 -3.421328326602186*^-6
98 3 5.766053083794967*^-7
98 4 6.7712767292449954*^-6
98 5 0.000015162685935994458
98 6 0.000025750832928627843
98 7 0.00003853571770714505
98 8 0.000053517340271546226
98 9 0.00007069570062183132
98 10 0.00009007079875800022
98 11 0.00011164263468005309
98 12 0.0001354112083879898
98 13 0.00016137651988181042
98 14 0.00018953856916151493
98 15 0.00021989735622710338
98 16 0.0002524528810785757
98 17 0.0002872051437159319
98 18 0.00032415414413917195
98 19 0.000363299882348296
98 20 0.0004046423583433039
98 21 0.00044818157212419586
98 22 0.0004939175236909716
98 23 0.000541850213043631
98 24 0.0005919796401821746
98 25 0.0006443058051066019
99 1 -5.061125312595758*^-6
99 2 -3.268150235801869*^-6
99 3 7.299720442868888*^-7
99 4 6.933241527670437*^-6
99 5 0.000015341658214348742
99 6 0.000025955222104321955
99 7 0.00003877393319759001
99 8 0.00005379779149415288
99 9 0.00007102679699401048
99 10 0.00009046094969716298
99 11 0.00011210024960361031
99 12 0.00013594469671335252
99 13 0.0001619942910263895
99 14 0.00019024903254272129
99 15 0.00022070892126234794
99 16 0.0002533739571852694
99 17 0.00028824414031148563
99 18 0.00032531947064099663
99 19 0.00036459994817380267
99 20 0.00040608557290990337
99 21 0.00044977634484929906
99 22 0.0004956722639919894
99 23 0.0005437733303379744
99 24 0.0005940795438872547
99 25 0.0006465909046398296
100 1 -4.908940752701467*^-6
100 2 -3.123390609515677*^-6
100 3 8.75761144154138*^-7
100 4 7.088514508308022*^-6
100 5 0.00001551486948294593
100 6 0.000026154826068067863
100 7 0.00003900838426367385
100 8 0.000054075544069763885
100 9 0.00007135630548633786
100 10 0.0000908506685133959
100 11 0.00011255863315093803
100 12 0.00013648019939896405
100 13 0.00016261536725747426
100 14 0.00019096413672646843
100 15 0.0002215265078059467
100 16 0.0002543024804959089
100 17 0.00028929205479635525
100 18 0.00032649523070728547
100 19 0.00036591200822869987
100 20 0.00040754238736059824
100 21 0.0004513863681029806
100 22 0.000497443950455847
100 23 0.0005457151344191976
100 24 0.000596199919993032
100 25 0.0006488983071773505
101 1 -4.764388966402104*^-6
101 2 -2.9855752960913483*^-6
101 3 1.0153786480464516*^-6
101 4 7.238472866011571*^-6
101 5 0.000015683707357803884
101 6 0.000026351082123423393
101 7 0.00003924059716287013
101 8 0.00005435225247614406
101 9 0.0000716860480632452
101 10 0.00009124198392417361
101 11 0.00011302006005892922
101 12 0.000137020276467512
101 13 0.00016324263314992202
101 14 0.00019168713010615928
101 15 0.00022235376733622378
101 16 0.0002552425448401154
101 17 0.0002903534626178343
101 18 0.0003276865206693803
101 19 0.0003672417189947536
101 20 0.0004090190575939541
101 21 0.00045301853646698186
101 22 0.0004992401556138369
101 23 0.000547683915034519
101 24 0.0005983498147290284
101 25 0.0006512378546973649
102 1 -4.615493974149081*^-6
102 2 -2.843275404282216*^-6
102 3 1.160431504550381*^-6
102 4 7.395626752348559*^-6
102 5 0.000015862310339112323
102 6 0.00002656048226484178
102 7 0.0000394901425295369
102 8 0.00005465129113319764
102 9 0.00007204392807582413
102 10 0.0000916680533574162
102 11 0.00011352366697797389
102 12 0.00013761076893749723
102 13 0.00016392935923598625
102 14 0.00019247943787344091
102 15 0.00022326100484986125
102 16 0.00025627406016524715
102 17 0.00029151860381959886
102 18 0.0003289946358129161
102 19 0.0003687021561451989
102 20 0.00041064116481644755
102 21 0.0004548116618266617
102 22 0.0005012136471758417
102 23 0.0005498471208639871
102 24 0.0006007120828910983
102 25 0.000653808533257175
103 1 -4.479223881807303*^-6
103 2 -2.712717870454508*^-6
103 3 1.2943518989314405*^-6
103 4 7.5419854263505796*^-6
103 5 0.0000160301827118029
103 6 0.000026758943755288342
103 7 0.00003972826855680698
103 8 0.00005493815711635881
103 9 0.0000723886094339438
103 10 0.00009207962550956191
103 11 0.00011401120534321325
103 12 0.00013818334893489771
103 13 0.00016459605628461538
103 14 0.0001932493273923662
103 15 0.00022414316225815022
103 16 0.0002572775608819674
103 17 0.00029265252326381765
103 18 0.0003302680494037012
103 19 0.0003701241393016179
103 20 0.00041222079295756775
103 21 0.00045655801037155076
103 22 0.0005031357915435671
103 23 0.0005519541364736162
103 24 0.0006030130451616988
103 25 0.0006563125176078145
104 1 -4.353878975229398*^-6
104 2 -2.5923419379379527*^-6
104 3 1.418565950129048*^-6
104 4 7.678844688971634*^-6
104 5 0.000016188494278589797
104 6 0.000026947514718983494
104 7 0.00003995590601015279
104 8 0.00005521366815209763
104 9 0.00007272080114481797
104 10 0.00009247730498831398
104 11 0.0001144831796825855
104 12 0.00013873842522763266
104 13 0.00016524304162345528
104 14 0.0001939970288700535
104 15 0.00022500038696742733
104 16 0.0002582531159155767
104 17 0.00029375521571450164
104 18 0.00033150668636420204
104 19 0.00037150752786467816
104 20 0.00041375774021592984
104 21 0.0004582573234179571
104 22 0.0005050062774707598
104 23 0.0005540046023743381
104 24 0.000605252298128692
104 25 0.0006587493647338214
105 1 -4.225586290733121*^-6
105 2 -2.4688415751858256*^-6
105 3 1.5467602141068325*^-6
105 4 7.821219077144758*^-6
105 5 0.000016354535013928047
105 6 0.000027146708024456593
105 7 0.00004019773810873056
105 8 0.000055507625266749735
105 9 0.00007307636949851424
105 10 0.00009290397080402407
105 11 0.00011499042918327923
105 12 0.00013933574463627975
105 13 0.00016593991716302558
105 14 0.00019480294676351673
105 15 0.00022592483343775312
105 16 0.0002593055771857349
105 17 0.0002949451780074621
105 18 0.00033284363590293435
105 19 0.0003730009508721522
105 20 0.00041541712291511516
105 21 0.00046009215203182354
105 22 0.0005070260382222774
105 23 0.0005562187814864763
105 24 0.0006076703818244205
105 25 0.0006613808392361102
106 1 -4.103738392455904*^-6
106 2 -2.351263318824526*^-6
106 3 1.6695319122270014*^-6
106 4 7.958647300698737*^-6
106 5 0.000016516082846590603
106 6 0.000027341838549902643
106 7 0.000040435914410634887
106 8 0.00005579831042878723
106 9 0.00007342902660435968
106 10 0.00009332806293735242
106 11 0.00011549541942776526
106 12 0.00013993109607559817
106 13 0.00016663509288085128
106 14 0.0001956074098435246
106 15 0.00022684804696361806
106 16 0.0002603570042411317
106 17 0.00029613428167606554
106 18 0.00033417987926841945
106 19 0.00037449379701819346
106 20 0.0004170760349253877
106 21 0.00046192659299000214
106 22 0.0005090454712120367
106 23 0.0005584326695914915
106 24 0.0006100881881283662
106 25 0.0006640120268226613
107 1 -3.978647947041863*^-6
107 2 -2.2302658316286237*^-6
107 3 1.7966182088206505*^-6
107 4 8.1020041743059*^-6
107 5 0.00001668589206482714
107 6 0.00002754828188038444
107 7 0.000040689173620977685
107 8 0.00005610856728660697
107 9 0.0000738064628772722
107 10 0.0000937828603929735
107 11 0.00011603775983371075
107 12 0.000140571161199484
107 13 0.00016738306449029332
107 14 0.00019647346970613855
107 15 0.00022784237684701986
107 16 0.00026148978591293716
107 17 0.00029741569690389043
107 18 0.0003356201098198797
107 19 0.00037610302466090496
107 20 0.0004188644414269663
107 21 0.0004639043601180637
107 22 0.0005112227807341969
107 23 0.0005608197032753663
107 24 0.0006126951277415714
107 25 0.0006668490541328127
108 1 -3.856253175988694*^-6
108 2 -2.111589522756429*^-6
108 3 1.9219988147757015*^-6
108 4 8.244511836607715*^-6
108 5 0.000016855949542739695
108 6 0.000027756311933171496
108 7 0.000040945599007903245
108 8 0.00005642381076693491
108 9 0.00007419094721026642
108 10 0.00009424700833789786
108 11 0.00011659199414982923
108 12 0.00014122590464606046
108 13 0.0001681487398265916
108 14 0.00019736049969142262
108 15 0.00022886118424055358
108 16 0.00026265079347398445
108 17 0.00029872932739171527
108 18 0.0003370967859937459
108 19 0.00037775316928007643
108 20 0.000420698477250707
108 21 0.0004659327099056373
108 22 0.0005134558672448676
108 23 0.0005632679492683977
108 24 0.0006153689559762278
108 25 0.0006697588873683577
109 1 -3.734284873002114*^-6
109 2 -1.993046412804152*^-6
109 3 2.047953962638063*^-6
109 4 8.388716253324493*^-6
109 5 0.000017029240459255283
109 6 0.0000279695265804303
109 7 0.000041209574616849624
109 8 0.000056749384568513185
109 9 0.00007458895643542101
109 10 0.00009472829021757316
109 11 0.00011716738591496955
109 12 0.00014190624352761013
109 13 0.00016894486305549518
109 14 0.00019828324449862436
109 15 0.0002299213878569978
109 16 0.00026385929313061556
109 17 0.00030009696031947766
109 18 0.0003386343894235839
109 19 0.00037947158044293453
109 20 0.0004226085333775294
109 21 0.0004680452482273685
109 22 0.000515781724992452
109 23 0.0005658179636727795
109 24 0.0006181539642683516
109 25 0.0006727897267791679
110 1 -3.6202896452534326*^-6
110 2 -1.882003375470768*^-6
110 3 2.1665741994155466*^-6
110 4 8.525443079405411*^-6
110 5 0.00001719460326449881
110 6 0.00002817405475469585
110 7 0.00004146379754999647
110 8 0.000057063831650400665
110 9 0.00007497415705590836
110 10 0.00009519477376651971
110 11 0.0001177256817822346
110 12 0.00014256688110305304
110 13 0.00016971837172897512
110 14 0.00019918015366000074
110 15 0.00023095222689612996
110 16 0.0002650345914373627
110 17 0.00030142724728369905
110 18 0.000340130194435139
110 19 0.0003811434328916825
110 20 0.00042446696265332963
110 21 0.0004701007837200802
110 22 0.0005180448960919344
110 23 0.0005682992997688922
110 24 0.0006208639947509537
110 25 0.0006757389810381186
111 1 -3.5046043022873767*^-6
111 2 -1.7690742299849608*^-6
111 3 2.2878182253673754*^-6
111 4 8.66607306376964*^-6
111 5 0.000017365690285221897
111 6 0.000028386669889724088
111 7 0.000041729011877276153
111 8 0.00005739271624787817
111 9 0.00007537778300153018
111 10 0.00009568421213823211
111 11 0.00011831200365798402
111 12 0.00014326115756078584
111 13 0.00017053167384663758
111 14 0.00020012355251553936
111 15 0.000232036793567491
111 16 0.00026627139700249257
111 17 0.00030282736282054415
111 18 0.0003417046910216456
111 19 0.0003829033816057969
111 20 0.00042642343457299835
111 21 0.00047226484992324974
111 22 0.0005204276276565509
111 23 0.0005709117677729019
111 24 0.0006237172702723032
111 25 0.0006788441351547542
112 1 -3.3831532312537807*^-6
112 2 -1.6502662459414457*^-6
112 3 2.4160087904091565*^-6
112 4 8.815671877798195*^-6
112 5 0.00001754872301622546
112 6 0.000028615162205691078
112 7 0.00004201498944619501
112 8 0.00005774820473773723
112 9 0.00007581480808031772
112 10 0.00009621479947393669
112 11 0.00011894817891859382
112 12 0.0001440149464142893
112 13 0.00017141510196102308
112 14 0.00020114864555879515
112 15 0.00023321557720760557
112 16 0.00026761589690745425
112 17 0.0003043496046583413
112 18 0.0003434167004602666
112 19 0.0003848171843132303
112 20 0.0004285510562172322
112 21 0.0004746183161722725
112 22 0.0005230189641783511
112 23 0.000573753000235468
112 24 0.0006268204243436232
112 25 0.0006822212365028166
113 1 -3.2765784946677947*^-6
113 2 -1.5458091246401159*^-6
113 3 2.5292253665231256*^-6
113 4 8.948524978821933*^-6
113 5 0.000017712089712256462
113 6 0.000028819919566826524
113 7 0.000042272014542532256
113 8 0.000058068374639373574
113 9 0.00007620899985735052
113 10 0.0000966938901964631
113 11 0.00011952304565671124
113 12 0.00014469646623809515
113 13 0.00017221415194061454
113 14 0.00020207610276426954
113 15 0.0002342823187090602
113 16 0.0002688327997749864
113 17 0.00030572754596204824
113 18 0.0003449665572702458
113 19 0.00038654983369957886
113 20 0.0004304773752500475
113 21 0.0004767491819216519
113 22 0.0005253652537143918
113 23 0.0005763255906282675
113 24 0.0006296301926632785
113 25 0.0006852790598194254
114 1 -3.165796066220197*^-6
114 2 -1.4370389746743182*^-6
114 3 2.6475935975795317*^-6
114 4 9.088101650541224*^-6
114 5 0.00001788448518421097
114 6 0.00002903674419858872
114 7 0.000042544878693674345
114 8 0.000058408888669468044
114 9 0.00007662877412596962
114 10 0.00009720453506317928
114 11 0.00012013617148109684
114 12 0.0001454236833797223
114 13 0.00017306707075905592
114 14 0.00020306633361909742
114 15 0.0002354214719598469
114 16 0.00027013248578130436
114 17 0.0003071993750834698
114 18 0.00034662213986634305
114 19 0.00038840078012992454
114 20 0.0004325352958742138
114 21 0.0004790256870992112
114 22 0.0005278719538049165
114 23 0.0005790740959913297
114 24 0.0006326321136584509
114 25 0.0006885460068062801
115 1 -3.0516637165160146*^-6
115 2 -1.324790982879491*^-6
115 3 2.7702222453017024*^-6
115 4 9.233375968027576*^-6
115 5 0.000018064670185298098
115 6 0.000029264104897113344
115 7 0.00004283168010347323
115 8 0.00005876739580437772
115 9 0.00007707125199982687
115 10 0.00009774324868982075
115 11 0.00012078338587435925
115 12 0.00014619166355344244
115 13 0.00017396808172707027
115 14 0.00020411264039524283
115 15 0.00023662533955795997
115 16 0.0002715061792152218
115 17 0.0003087551593670283
115 18 0.0003483722800133794
115 19 0.0003903575411542753
115 20 0.00043471094278971586
115 21 0.00048143248491970097
115 22 0.0005305221675442308
115 23 0.0005819799906633052
115 24 0.0006358059542769244
115 25 0.0006920000583850882
116 1 -2.933694392606909*^-6
116 2 -1.2085829356624236*^-6
116 3 2.8976461734685474*^-6
116 4 9.384992934785837*^-6
116 5 0.000018253457348289546
116 6 0.000029503039413979745
116 7 0.0000431337391318563
116 8 0.0000591455565019193
116 9 0.00007753849152416867
116 10 0.0000983125441986046
116 11 0.00012146771452522689
116 12 0.00014700400250403553
116 13 0.0001749214081350306
116 14 0.00020521993141821217
116 15 0.00023789957235358013
116 16 0.00027296033094113457
116 17 0.0003104022071808753
116 18 0.00035022520107280247
116 19 0.00039242931261691615
116 20 0.0004370145418132162
116 21 0.0004839808886617027
116 22 0.0005333283531623757
116 23 0.0005850569353152348
116 24 0.0006391666351202806
116 25 0.0006956574525775127
117 1 -2.829743373531701*^-6
117 2 -1.10603960407041*^-6
117 3 3.0104489505524797*^-6
117 4 9.519722290336858*^-6
117 5 0.00001842178041528271
117 6 0.000029716623325390033
117 7 0.00004340425102065888
117 8 0.000059484663501089264
117 9 0.00007795786076668108
117 10 0.0000988238428174344
117 11 0.0001220826096533493
117 12 0.0001477341612744257
117 13 0.0001757784976806635
117 14 0.00020621561887206288
117 15 0.0002390455248486237
117 16 0.0002742682156103461
117 17 0.00031188369115722997
117 18 0.00035189195148927524
117 19 0.0003942929966064822
117 20 0.0004390868265088505
117 21 0.0004862734411963803
117 22 0.0005358528406690718
117 23 0.0005878250249269246
117 24 0.0006421899939699387
117 25 0.0006989477477981147
118 1 -2.7191526405038833*^-6
118 2 -9.968112042326934*^-7
118 3 3.1309449036319555*^-6
118 4 9.66411568309014*^-6
118 5 0.00001860270113414181
118 6 0.000029946701256787008
118 7 0.00004369611605102568
118 8 0.0000598509455168579
118 9 0.00007841118965428356
118 10 0.0000993768484633028
118 11 0.00012274792194391548
118 12 0.0001485244100961217
118 13 0.00017670631291992142
118 14 0.00020729363041531462
118 15 0.00024028636258230138
118 16 0.0002756845094208816
118 17 0.00031348807093105536
118 18 0.0003536970471128226
118 19 0.00039631143796618333
118 20 0.00044133124349113756
118 21 0.0004887564636876854
118 22 0.0005385870985558267
118 23 0.0005908231480955614
118 24 0.0006454646123068894
118 25 0.0007025114911898112
119 1 -2.6065106240550202*^-6
119 2 -8.854269807207771*^-7
119 3 3.2541442393890375*^-6
119 4 9.812203036274356*^-6
119 5 0.000018788749409935197
119 6 0.00003018378336037155
119 7 0.00004399730488758346
119 8 0.00006022931399157092
119 9 0.0000788798106723339
119 10 0.00009994879492987237
119 11 0.0001234362667641864
119 12 0.00014934222617527597
119 13 0.00017766667316314105
119 14 0.0002084096077277817
119 15 0.00024157102986919788
119 16 0.0002771509395873896
119 17 0.0003151493368823568
119 18 0.00035556622175409954
119 19 0.0003984015942026178
119 20 0.0004436554542279117
119 21 0.000491327801829981
119 22 0.0005414186370088259
119 23 0.0005939279597644461
119 24 0.0006488557700968422
119 25 0.0007062020680060136
120 1 -2.499824923538452*^-6
120 2 -7.798241108841217*^-7
120 3 3.3712203197092255*^-6
120 4 9.953308368241584*^-6
120 5 0.000018966440034712923
120 6 0.00003041061531912321
120 7 0.000044285834221472534
120 8 0.0000605920967417609
120 9 0.0000793294028799882
120 10 0.0001004977526361545
120 11 0.00012409714601025986
120 12 0.00015012758300230416
120 13 0.00017858906361228741
120 14 0.0002094815878402097
120 15 0.000242805155686071
120 16 0.0002785597671498713
120 17 0.0003167454222316106
120 18 0.00035736212093128887
120 19 0.0004004098632489061
120 20 0.00044588864918446234
120 21 0.0004937984787379577
120 22 0.0005441393519093918
120 23 0.000596911268698765
120 24 0.0006521142291060773
120 25 0.0007097482331313286
121 1 -2.3865053711480275*^-6
121 2 -6.67551821605434*^-7
121 3 3.4959476161505506*^-6
121 4 0.000010103992942120027
121 5 0.00001915658415630295
121 6 0.00003065372125869928
121 7 0.000044595404249309085
121 8 0.000060981633128132316
121 9 0.00007981240789516899
121 10 0.00010108772855041913
121 11 0.00012480759509388262
121 12 0.00015097200752555966
121 13 0.00017958096584545013
121 14 0.0002106344700535541
121 15 0.0002441325201498714
121 16 0.0002800751161344022
121 17 0.00031846225800714634
121 18 0.00035929394576810414
121 19 0.0004025701794172752
121 20 0.0004482909589546597
121 21 0.0004964562843802578
121 22 0.0005470661556940694
121 23 0.0006001205728960941
121 24 0.0006556195359863324
121 25 0.0007135630449647841
122 1 -2.271465140235535*^-6
122 2 -5.534789447093806*^-7
122 3 3.622914511312122*^-6
122 4 0.000010257715227829153
122 5 0.00001935092320484161
122 6 0.000030902538442349596
122 7 0.00004491256094035297
122 8 0.0000613809906988518
122 9 0.0000803078277178461
122 10 0.00010169307199733587
122 11 0.00012553672353732108
122 12 0.00015183878233780178
122 13 0.00018059924839877796
122 14 0.00021181812172024956
122 15 0.0002454954023022166
122 16 0.00028163109014467906
122 17 0.0003202251852476371
122 18 0.0003612776876110905
122 19 0.00040478859723503937
122 20 0.00045075791411948386
122 21 0.0004991856382644237
122 22 0.000550071769669859
122 23 0.0006034163083357895
122 24 0.0006592192542622157
122 25 0.0007174806074491376
123 1 -2.152051587007295*^-6
123 2 -4.3498033846458423*^-7
123 3 3.7550299092229048*^-6
123 4 0.000010417979156055072
123 5 0.000019553867402031878
123 6 0.00003116269464715345
123 7 0.00004524446089141977
123 8 0.00006179916613483081
123 9 0.00008082681037738656
123 10 0.00010232739361908698
123 11 0.0001263009158599321
123 12 0.00015274737709992201
123 13 0.0001816667773390566
123 14 0.00021305911657733593
123 15 0.0002469243948147599
123 16 0.0002832626120513287
123 17 0.00032207376828704214
123 18 0.00036335786352190033
123 19 0.0004071148977559032
123 20 0.00045334487098905085
123 21 0.0005020477832213432
123 22 0.0005532236344527802
123 23 0.0006068724246833621
123 24 0.0006629941539130883
123 25 0.0007215888221419597
124 1 -2.0301142261313617*^-6
124 2 -3.138962178304185*^-7
124 3 3.890229988659722*^-6
124 4 0.00001058226439333898
124 5 0.00001976220699620728
124 6 0.00003143005779726474
124 7 0.00004558581679651139
124 8 0.00006222948399394703
124 9 0.00008136105938957195
124 10 0.00010298054298338584
124 11 0.000127087934775389
124 12 0.00015368323476558121
124 13 0.00018276644295396258
124 14 0.00021433755934053297
124 15 0.00024839658392529257
124 16 0.0002849435167082413
124 17 0.0003239783576893791
124 18 0.0003655011068687061
124 19 0.0004095117642462223
124 20 0.00045601032982192744
124 21 0.0005049968035958217
124 22 0.0005564711855679051
124 23 0.0006104334757381779
124 24 0.0006668836741066394
124 25 0.0007258217806732903
125 1 -1.896904652529213*^-6
125 2 -1.8153900582795037*^-7
125 3 4.038216088214498*^-6
125 4 0.000010762360629597964
125 5 0.00001999089461832259
125 6 0.00003172381805438834
125 7 0.00004596113093779523
125 8 0.00006270283326854317
125 9 0.00008194892504663227
125 10 0.00010369940627206244
125 11 0.00012795427694483388
125 12 0.0001547135370649463
125 13 0.00018397718663239985
125 14 0.0002157452256471945
125 15 0.0002500176541093303
125 16 0.00028679447201880717
125 17 0.0003260756793756252
125 18 0.00036786127617978437
125 19 0.00041215126243128463
125 20 0.000458945638130126
125 21 0.0005082444032763085
125 22 0.0005600475578698322
125 23 0.0006143551019106969
125 24 0.0006711670353989026
125 25 0.0007304833583344497
126 1 -1.7531839725383512*^-6
126 2 -3.8659777345103764*^-8
126 3 4.1981612974443785*^-6
126 4 0.000010957279251830214
126 5 0.000020238694085812312
126 6 0.00003204240579939071
126 7 0.000046368414392565354
126 8 0.00006321671986533641
126 9 0.00008258732221770366
126 10 0.00010448022144966719
126 11 0.00012889541756122701
126 12 0.0001558329105523832
126 13 0.00018529270042313566
126 14 0.00021727478717348446
126 15 0.00025177917080342944
126 16 0.00028880585131297074
126 17 0.0003283548287021084
126 18 0.00037042610297084234
126 19 0.00041501967411917257
126 20 0.000462135542147099
126 21 0.0005117737070546219
126 22 0.000563934168841741
126 23 0.0006186169275084563
126 24 0.0006758219830547681
126 25 0.000735549335480676
127 1 -1.6010214749027275*^-6
127 2 1.1268422944446435*^-7
127 3 4.367762493716643*^-6
127 4 0.000011164213317913779
127 5 0.000020502036702035858
127 6 0.000032381232646082826
127 7 0.000046801801150054827
127 8 0.00006376374221395178
127 9 0.00008326705583777368
127 10 0.0001053117420215206
127 11 0.0001298978007651924
127 12 0.00015702523206878922
127 13 0.00018669403593231097
127 14 0.00021890421235575772
127 15 0.00025365576133912936
127 16 0.00029094868288242603
127 17 0.0003307829769856476
127 18 0.00037315864364879405
127 19 0.0004180756828718657
127 20 0.000465534094654862
127 21 0.0005155338789977834
127 22 0.0005680750359006298
127 23 0.0006231575653634011
127 24 0.0006807814673860974
127 25 0.0007409467419687188
128 1 -1.413630465055905*^-6
128 2 2.991480866020678*^-7
128 3 4.576921255439962*^-6
128 4 0.000011419689041457875
128 5 0.000020827451444655644
128 6 0.00003280020846503338
128 7 0.000047337960102591096
128 8 0.00006444070635732863
128 9 0.00008410844722924627
128 10 0.00010634118271834377
128 11 0.0001311389128246212
128 12 0.00015850163754807859
128 13 0.00018842935688871592
128 14 0.0002209220708465332
128 15 0.0002559797794215305
128 16 0.0002936024826137076
128 17 0.0003337901804230647
128 18 0.0003765428728496018
128 19 0.00042186055989331886
128 20 0.0004697432415542158
128 21 0.0005201909178322926
128 22 0.0005732035887275496
128 23 0.0006287812542399864
128 24 0.000686923914369603
128 25 0.0007476315691163997
129 1 -1.160637996314988*^-6
129 2 5.509933687029013*^-7
129 3 4.8596790884050204*^-6
129 4 0.00001176541916279161
129 5 0.000021268213591862357
129 6 0.00003336806237561738
129 7 0.000048064965514056726
129 8 0.00006535892300718027
129 9 0.00008524993485498818
129 10 0.00010773800105748029
129 11 0.00013282312161465675
129 12 0.00016050529652651747
129 13 0.00019078452579306249
129 14 0.0002236608094142917
129 15 0.0002591341473902053
129 16 0.00029720453972080307
129 17 0.0003378719864060851
129 18 0.0003811364874460516
129 19 0.00042699804284070217
129 20 0.00047545665259003726
129 21 0.0005265123166940564
129 22 0.00058016503515276
129 23 0.0006364148079661476
129 24 0.0006952616351342198
129 25 0.0007567055166569761
130 1 3.4801104803179597*^-7
130 2 2.0537320881105334*^-6
130 3 6.549183196791549*^-6
130 4 0.000013834364374074665
130 5 0.000023909275619959867
130 6 0.00003677391693444716
130 7 0.000052428288317536614
130 8 0.0000708723897692282
130 9 0.00009210622128952195
130 10 0.00011612978287841779
130 11 0.00014294307453591575
130 12 0.00017254609626201584
130 13 0.00020493884805671805
130 14 0.00024012132992002247
130 15 0.00027809354185192887
130 16 0.0003188554838524376
130 17 0.0003624071559215484
130 18 0.00040874855805926125
130 19 0.0004578796902655762
130 20 0.0005098005525404934
130 21 0.0005645111448840127
130 22 0.0006220114672961341
130 23 0.0006823015197768575
130 24 0.0007453813023261832
130 25 0.0008112508149441109
