1 1 -45.970017070826984
1 2 -45.98309609841166
1 3 -46.0213863197949
1 4 -46.091602703364586
1 5 -46.20197955104731
1 6 -46.36250895114908
1 7 -46.585136203281984
1 8 -46.88383897299644
1 9 -47.274471332155166
1 10 -47.77419642504413
1 11 -48.400274810817756
1 12 -49.16795267311114
1 13 -50.087268136463265
1 14 -51.15885311619853
1 15 -52.36932049544376
1 16 -53.68753180927013
1 17 -55.06361791577013
1 18 -56.43249829848283
1 19 -57.722342753457625
1 20 -58.866209696877654
1 21 -59.813229053758214
1 22 -60.535596941089544
1 23 -61.02955545250955
1 24 -61.311152205790556
1 25 -61.40926654013587
2 1 -45.1893127840488
2 2 -45.191019265443316
2 3 -45.195985253855106
2 4 -45.20510665000817
2 5 -45.21951635240801
2 6 -45.240647057409056
2 7 -45.27030847260918
2 8 -45.31077955845195
2 9 -45.364913449637946
2 10 -45.43624646195448
2 11 -45.52909064380855
2 12 -45.6485682787051
2 13 -45.80051293268813
2 14 -45.99111424402558
2 15 -46.22613272956431
2 16 -46.50949284290485
2 17 -46.84115821821466
2 18 -47.21451985495678
2 19 -47.61414105059317
2 20 -48.01536396423477
2 21 -48.38728887578291
2 22 -48.69924749391518
2 23 -48.92850090208303
2 24 -49.0654968441607
2 25 -49.11430425859353
3 1 -44.74885722076386
3 2 -44.728872375844816
3 3 -44.67011842446734
3 4 -44.56183989624631
3 5 -44.39032067986607
3 6 -44.138020322991096
3 7 -43.782456751929224
3 8 -43.2947743938958
3 9 -42.63793989761735
3 10 -41.7645351212909
3 11 -40.61419762002579
3 12 -39.11094633501304
3 13 -37.161017327727
3 14 -34.65256134459747
3 15 -31.459779226073884
3 16 -27.45581125529234
3 17 -22.54038155769551
3 18 -16.68778677664971
3 19 -10.013994236427537
3 20 -2.8435819047206206
3 21 4.268505079731711
3 22 10.614280323935876
3 23 15.518675092724877
3 24 18.55415330781579
3 25 19.65697510533578
4 1 -44.56331176827274
4 2 -44.522614458176236
4 3 -44.40304329054875
4 4 -44.182830062862585
4 5 -43.8343504986421
4 6 -43.32250647741387
4 7 -42.60269175321716
4 8 -41.61828339867592
4 9 -40.29764894959403
4 10 -38.55077735626086
4 11 -36.265892258557265
4 12 -33.30688799096662
4 13 -29.5132791902646
4 14 -24.705705869672464
4 15 -18.701850493500835
4 16 -11.349285039783698
4 17 -2.5813497229713622
4 18 7.504162888580375
4 19 18.560366673031194
4 20 29.942922883769736
4 21 40.75640908993696
4 22 50.02812329788579
4 23 56.9632707043413
4 24 61.158953143544004
4 25 62.66536239939626
5 1 -44.44923954160632
5 2 -44.38026641922012
5 3 -44.17781882037966
5 4 -43.80565714024144
5 5 -43.21850749640863
5 6 -42.36003403146024
5 7 -41.16058184665605
5 8 -39.53487304212293
5 9 -37.38005134557532
5 10 -34.574823482485755
5 11 -30.980981495019066
5 12 -26.449310115689876
5 13 -20.832650737595426
5 14 -14.009270949402195
5 15 -5.918748790286056
5 16 3.391068103166176
5 17 13.714911582704485
5 18 24.657618758984224
5 19 35.64369116623247
5 20 45.987329004376086
5 21 55.01589715425073
5 22 62.20700853590476
5 23 67.28480442664997
5 24 70.2403877030037
5 25 71.28103539019645
6 1 -44.42025388842687
6 2 -44.31707510492284
6 3 -44.01468218575791
6 4 -43.46049021939052
6 5 -42.5905923348547
6 6 -41.328384885027525
6 7 -39.58380769292273
6 8 -37.253867152766524
6 9 -34.2254413143604
6 10 -30.3817121621399
6 11 -25.61376972467247
6 12 -19.838667140826352
6 13 -13.024003734465989
6 14 -5.2165335215675634
6 15 3.4315753328368337
6 16 12.649041282630428
6 17 22.055495420998422
6 18 31.201384395782807
6 19 39.63268663381842
6 20 46.96301267082864
6 21 52.93031126511186
6 22 57.42161341085637
6 23 60.46323516584779
6 24 62.18666438169274
6 25 62.78548825887292
7 1 -44.46010362741623
7 2 -44.32227637186454
7 3 -43.91905031736543
7 4 -43.182776199814924
7 5 -42.03408985952446
7 6 -40.38243728964264
7 7 -38.12847962593757
7 8 -35.169375476734835
7 9 -31.408013768710124
7 10 -26.76698381222951
7 11 -21.20713473402977
7 12 -14.748783657779214
7 13 -7.4911465013184015
7 14 0.3767188139562227
7 15 8.580597102753517
7 16 16.785525802563832
7 17 24.637490119403935
7 18 31.812605773306295
7 19 38.06009307382216
7 20 43.22762441759059
7 21 47.26481387283922
7 22 50.20842712199557
7 23 52.15743479232817
7 24 53.24626361143025
7 25 53.62200266642379
8 1 -44.546261787858136
8 2 -44.37304784168035
8 3 -43.86730053286427
8 4 -42.947651480436
8 5 -41.52265845046245
8 6 -39.49434349593968
8 7 -36.764919218450025
8 8 -33.247518872015426
8 9 -28.881141220219657
8 10 -23.648743010268873
8 11 -17.595491255971062
8 12 -10.842159606358738
8 13 -3.587669797726909
8 14 3.90380662007515
8 15 11.331456129353787
8 16 18.396561485953555
8 17 24.841401696524805
8 18 30.47810045117327
8 19 35.201333235218534
8 20 38.98482961228532
8 21 41.86635080110283
8 22 43.927565692730354
8 23 45.27431287280957
8 24 46.020536392019565
8 25 46.27703347870427
9 1 -44.630633607651355
9 2 -44.431324534853
9 3 -43.85028782474408
9 4 -42.79715334900078
9 5 -41.17398393075587
9 6 -38.88155979178703
9 7 -35.829591870397756
9 8 -31.951104469715187
9 9 -27.219987974256256
9 10 -21.6688644420899
9 11 -15.402462169546256
9 12 -8.600770814278523
9 13 -1.5076157187891839
9 14 5.595627137534042
9 15 12.425993598143345
9 16 18.735345733379354
9 17 24.33780923807702
9 18 29.1225718106247
9 19 33.05184537120959
9 20 36.148099145515445
9 21 38.476295882063
9 22 40.126097155884125
9 23 41.197088799862556
9 24 41.788172182923134
9 25 41.99095871741826
10 1 -44.6920233472996
10 2 -44.47598014089157
10 3 -43.84680563136908
10 4 -42.708862063832896
10 5 -40.96111249394328
10 6 -38.50533386355763
10 7 -35.25856102978605
10 8 -31.16943218500445
10 9 -26.236477665482543
10 10 -20.524363365092356
10 11 -14.17255065407978
10 12 -7.391071610470672
10 13 -0.44106633256122446
10 14 6.397154687990983
10 15 12.860799988901258
10 16 18.73633695254879
10 17 23.878788166589572
10 18 28.216085033341322
10 19 31.740927538162165
10 20 34.49533311440978
10 21 36.55318441463946
10 22 38.00456238025078
10 23 38.943720660180574
10 24 39.46102923167459
10 25 39.638339304995185
11 1 -44.73251724266108
11 2 -44.50610496808166
11 3 -43.84715951124943
11 4 -42.65697796789844
11 5 -40.83301484223954
11 6 -38.27833790478391
11 7 -34.91541825615176
11 8 -30.70349821920927
11 9 -25.65694099910657
11 10 -19.859932383763965
11 11 -13.471763091975857
11 12 -6.717988591343791
11 13 0.13340264412219854
11 14 6.806267748703763
11 15 13.052230981643714
11 16 18.67885488146223
11 17 23.564069301798856
11 18 27.656145016624617
11 19 30.96283208959246
11 20 33.535079316129696
11 21 35.4501869503786
11 22 36.797484267417225
11 23 37.66779775511083
11 24 38.146684045312426
11 25 38.31074286406768
12 1 -44.76389640147335
12 2 -44.5297349759443
12 3 -43.848569349773115
12 4 -42.619505387331444
12 5 -40.7390739164862
12 6 -38.111633409344954
12 7 -34.66413762833055
12 8 -30.364159015768777
12 9 -25.238082934111343
12 10 -19.38440998093773
12 11 -12.976341475409976
12 12 -6.249543462681075
12 13 0.5245976866275077
12 14 7.074454991473502
12 15 13.163017795300947
12 16 18.613205786487836
12 17 23.318838877618965
12 18 27.241753855006227
12 19 30.399350672807913
12 20 32.847999811940596
12 21 34.66677166416554
12 22 35.944096285049376
12 23 36.76824582233302
12 24 37.22140843401004
12 25 37.37660217268234
13 1 -44.786385146380255
13 2 -44.546802029009896
13 3 -43.850104699318656
13 4 -42.5939165156215
13 5 -40.67422483626188
13 6 -37.996453362947015
13 7 -34.490896013929124
13 8 -30.131140235657718
13 9 -24.95205027630726
13 10 -19.061972928426673
13 11 -12.643366769794397
13 12 -5.938239313010432
13 13 0.7804462546321427
13 14 7.2448281034905
13 15 13.226046878125132
13 16 18.55750452431994
13 17 23.143524126595768
13 18 26.954670054525113
13 19 30.014376848978007
13 20 32.382264662492055
13 21 34.13831526607983
13 22 35.37020019609726
13 23 36.16442325047835
13 24 36.60092759731796
13 25 36.75038330863066
14 1 -44.80467619931153
14 2 -44.56075641173525
14 3 -43.851644372761434
14 4 -42.57380759577371
14 5 -40.62285925786974
14 6 -37.90516961259456
14 7 -34.3538208528967
14 8 -29.947314187594234
14 9 -24.727324069292923
14 10 -18.80996106098576
14 11 -12.384803067955298
14 12 -5.698508826168884
14 13 0.9751396365812128
14 14 7.371607920652575
14 15 13.268636872731738
14 16 18.50783940536645
14 17 23.00158372422332
14 18 26.72699117884516
14 19 29.711936226195835
14 20 32.018351926213626
14 21 33.72678168768872
14 22 34.92422873309967
14 23 35.6957984936733
14 24 36.119702338150546
14 25 36.26481924753355
15 1 -44.81989199867652
15 2 -44.57241082959934
15 3 -43.85310931372561
15 4 -42.557525671024386
15 5 -40.581005819767
15 6 -37.830759334916536
15 7 -34.24223356575109
15 8 -29.798029128970814
15 9 -24.54542621108568
15 10 -18.60683144545098
15 11 -12.17747856459488
15 12 -5.5075730534418685
15 13 1.1287088824333984
15 14 7.469755010435041
15 15 13.298762638225407
15 16 18.463965258394985
15 17 22.884106154043327
15 18 26.541423646258103
15 19 29.4671988018044
15 20 31.72508993585512
15 21 33.39600221154656
15 22 34.566355585053145
15 23 35.32011977304494
15 24 35.73412517994299
15 25 35.87583462076789
16 1 -44.83306931549533
16 2 -44.58253572788557
16 3 -43.85450509308819
16 4 -42.54373343259343
16 5 -40.54536620752666
16 6 -37.7673763688209
16 7 -34.14729125459684
16 8 -29.671268716741302
16 9 -24.391399679918887
16 10 -18.435426955009394
16 11 -12.003294574593372
16 12 -5.348056279484683
16 13 1.2559645002756927
16 14 7.549784866041855
16 15 13.321295633835627
16 16 18.42431339870798
16 17 22.78288230366164
16 18 26.383442195374755
16 19 29.260031741643772
16 20 31.47767174949963
16 21 33.11751231313275
16 22 34.2654521650475
16 23 35.00449765171294
16 24 35.410324407784614
16 25 35.549219015901066
17 1 -44.84348842367753
17 2 -44.59056123706764
17 3 -43.85568822610638
17 4 -42.53302126217992
17 5 -40.517567021005995
17 6 -37.71792521942912
17 7 -34.073287713520685
17 8 -29.57262880480331
17 9 -24.27181413714145
17 10 -18.302730722929102
17 11 -11.868927567379638
17 12 -5.225570515668823
17 13 1.353019902767491
17 14 7.609997471886461
17 15 13.336939882258653
17 16 18.3919813270189
17 17 22.703219164061405
17 18 26.260273152970193
17 19 29.099244587973484
17 20 31.286152023636717
17 21 32.90229863937419
17 22 34.033162314490184
17 23 34.76100086324486
17 24 35.16060260612035
17 25 35.297355133871775
18 1 -44.85332106118985
18 2 -44.598150466744116
18 3 -43.856866567894414
18 4 -42.52306235145771
18 5 -40.49162905900366
18 6 -37.6717761352554
18 7 -34.004281771942395
18 8 -29.480780722552915
18 9 -24.1606772497218
18 10 -18.17970950485206
18 11 -11.744734522591946
18 12 -5.112802464411551
18 13 1.4418601371040152
18 14 7.664465674029622
18 15 13.350049622001729
18 16 18.360743730085158
18 17 22.62836290711884
18 18 26.145418457034783
18 19 28.94986845172183
18 20 31.108612997581762
18 21 32.70306959886059
18 22 33.81831303407932
18 23 34.53590531799869
18 24 34.92981739190097
18 25 35.064612338101036
19 1 -44.86159459068449
19 2 -44.604547545863596
19 3 -43.85790299609957
19 4 -42.51479192656308
19 5 -40.47001987919044
19 6 -37.633322745109695
19 7 -33.94682481055602
19 8 -29.40440100450024
19 9 -24.068415281907132
19 10 -18.077801909141737
19 11 -11.642132329231965
19 12 -5.019963039188036
19 13 1.5146239225644125
19 14 7.708602170064786
19 15 13.359899352552516
19 16 18.333953916215492
19 17 22.565630621857288
19 18 26.049795020247274
19 19 28.825903393351958
19 20 30.961555060378988
19 21 32.53824264401727
19 22 33.64069792592774
19 23 34.34990535691636
19 24 34.73916262017683
19 25 34.87235623816574
20 1 -44.86832364131149
20 2 -44.6097577842368
20 3 -43.85877535274209
20 4 -42.50813702908089
20 5 -40.452586211738236
20 6 -37.602295811347574
20 7 -33.90049232568547
20 8 -29.342873546838792
20 9 -23.994198575419162
20 10 -17.995971601243223
20 11 -11.559926138161474
20 12 -4.9457919891175735
20 13 1.5725085866517796
20 14 7.743399721405862
20 15 13.367149072150394
20 16 18.311846654160902
20 17 22.51478652401572
20 18 25.972697830850006
20 19 28.726214016160082
20 20 30.843475837047663
20 21 32.40602367713461
20 22 33.49830813016043
20 23 34.20084918409508
20 24 34.58640643275437
20 25 34.71832731681024
21 1 -44.87460643199498
21 2 -44.614628290631295
21 3 -43.859613089202234
21 4 -42.5019801044472
21 5 -40.436420736157565
21 6 -37.573522976012505
21 7 -33.857548289729976
21 8 -29.28589702932926
21 9 -23.92555483328973
21 10 -17.920401691760436
21 11 -11.484153494716487
21 12 -4.877594598506324
21 13 1.6255349335611655
21 14 7.775027213748133
21 15 13.373324421604442
21 16 18.29096204045447
21 17 22.46746184550472
21 18 25.901252848507475
21 19 28.634035309393518
21 20 30.734434388227616
21 21 32.284024830098424
21 22 33.36699311411682
21 23 34.0634298118976
21 24 34.445599599145915
21 25 34.576355362260735
22 1 -44.88016339906734
22 2 -44.618940698940065
22 3 -43.86037235186362
22 4 -42.49657911062657
22 5 -40.4222111654682
22 6 -37.548229222891734
22 7 -33.819814765925614
22 8 -29.235874404429122
22 9 -23.865355223300153
22 10 -17.85421964673932
22 11 -11.417908137143396
22 12 -4.818105530106662
22 13 1.6716350102321804
22 14 7.802325874704003
22 15 13.378324024624797
22 16 18.27230382500414
22 17 22.425725526674356
22 18 25.83849018743615
22 19 28.55321649045919
22 20 30.63894166065617
22 21 32.177262976310104
22 22 33.252132193224426
22 23 33.943263465384604
22 24 34.322489617655414
22 25 34.45223299270679
23 1 -44.88559718305536
23 2 -44.62316157996328
23 3 -43.86113108049735
23 4 -42.491337611403445
23 5 -40.40839535361056
23 6 -37.52363446914586
23 7 -33.78314017385708
23 8 -29.187292227876853
23 9 -23.806948532169194
23 10 -17.790090764525445
23 11 -11.353819957595013
23 12 -4.760672772965424
23 13 1.7160030881407933
23 14 7.828422094681709
23 15 13.382805616854142
23 16 18.25389787066323
23 17 22.385026234516353
23 18 25.777503353506148
23 19 28.47482381461175
23 20 30.546413413830095
23 21 32.07388463217228
23 22 33.14095880444733
23 23 33.82698506590248
23 24 34.203379202134485
23 25 34.33214864644435
24 1 -44.89071500962552
24 2 -44.627140641194536
24 3 -43.86186016556779
24 4 -42.48643622833379
24 5 -40.39545292685709
24 6 -37.50059286374437
24 7 -33.74879608955475
24 8 -29.141830053701767
24 9 -23.752345894282293
24 10 -17.730211855563883
24 11 -11.294069975613404
24 12 -4.707233743010302
24 13 1.7571626420178723
24 14 7.8524734004100525
24 15 13.386668587191643
24 16 18.236422563660263
24 17 22.346796073750482
24 18 25.72040668853927
24 19 28.401554473755642
24 20 30.460018628350703
24 21 31.977420019108386
24 22 33.03726223621477
24 23 33.718553363314896
24 24 34.09232104350336
24 25 34.220187309612484
25 1 -44.89540421283673
25 2 -44.630789474935256
25 3 -43.86254030995313
25 4 -42.48197494993821
25 5 -40.38365315669249
25 6 -37.47958421680484
25 7 -33.71749448018083
25 8 -29.100422988826214
25 9 -23.702658417883196
25 10 -17.675784660269855
25 11 -11.239836340033994
25 12 -4.658817399302878
25 13 1.7943501723129962
25 14 7.874071004328244
25 15 13.38991104305746
25 16 18.220296822909965
25 17 22.311856193045525
25 18 25.668381881919235
25 19 28.334895797232544
25 20 30.38149055352477
25 21 31.889789836922855
25 22 32.9430971854271
25 23 33.62011051363043
25 24 33.99150571664779
25 25 34.11855619214494
26 1 -44.899916766502926
26 2 -44.63430353800752
26 3 -43.86320560720007
26 4 -42.477708067747095
26 5 -40.37235014893855
26 6 -37.459458873749924
26 7 -33.6875199887814
26 8 -29.060796300232965
26 9 -23.655147349483443
26 10 -17.623796461290375
26 11 -11.188101101112936
26 12 -4.612710721117083
26 13 1.8296715313193332
26 14 7.894466367530992
26 15 13.39276969374342
26 16 18.204679608034905
26 17 22.278313291735625
26 18 25.618576243765254
26 19 28.27117076252094
26 20 30.306481951057552
26 21 31.80613197028837
26 22 32.853231408357786
26 23 33.526181775185826
26 24 33.89532392037203
26 25 34.0215997123662
27 1 -44.9042023067306
27 2 -44.63764322230675
27 3 -43.86384707783737
27 4 -42.47367941579246
27 5 -40.36166256262023
27 6 -37.440428312816564
27 7 -33.65918603928741
27 8 -29.023360784799024
27 9 -23.61029940501924
27 10 -17.574771726146007
27 11 -11.139375977536666
27 12 -4.5693577171126405
27 13 1.8628007257594807
27 14 7.913489561776329
27 15 13.395252341636162
27 16 18.18976149050256
27 17 22.246531838634304
27 18 25.571509537005667
27 19 28.21103038860171
27 20 30.23574920518286
27 21 31.727282977267517
27 22 32.76855870249214
27 23 33.43769827354407
27 24 33.80472743505539
27 25 33.93027674519302
28 1 -44.90852864350491
28 2 -44.64101704025263
28 3 -43.864504050443486
28 4 -42.46963539420366
28 5 -40.350918877501265
28 6 -37.42129692249404
28 7 -33.630711787025234
28 8 -28.985761820939725
28 9 -23.565290878356404
28 10 -17.525619739180758
28 11 -11.090584019263911
28 12 -4.526014573571903
28 13 1.8958417420663736
28 14 7.932358134337817
28 15 13.397534231433552
28 16 18.174618892852216
28 17 22.2145215829499
28 18 25.52422335770639
28 19 28.150687318360372
28 20 30.164832784116445
28 21 31.648267965648216
28 22 32.68373422196824
28 23 33.34907300856008
28 24 33.713994968358726
28 25 33.83881982226005
29 1 -44.91260442841646
29 2 -44.64419759230145
29 3 -43.86513149594206
29 4 -42.4658464240913
29 5 -40.34083882100776
29 6 -37.40334643777118
29 7 -33.6040041223138
29 8 -28.950515561931912
29 9 -23.523130799234963
29 10 -17.47962236214743
29 11 -11.044977768161958
29 12 -4.4855643375448855
29 13 1.9266042073425025
29 14 7.949830879677454
29 15 13.399482090273075
29 16 18.16028009557572
29 17 22.184433436302026
29 18 25.479884005587117
29 19 28.094174860662157
29 20 30.09846754266252
29 21 31.57435881955824
29 22 32.60441492301099
29 23 33.26621479435256
29 24 33.629174943529705
29 25 33.75332536053213
30 1 -44.91627161955337
30 2 -44.647061034165276
30 3 -43.86570301610575
30 4 -42.462454370918174
30 5 -40.33180322671556
30 6 -37.38725526850772
30 7 -33.58007026160142
30 8 -28.918946385424576
30 9 -23.48539548979859
30 10 -17.438488574950558
30 11 -11.004238227183242
30 12 -4.449482234940126
30 13 1.9539846220484751
30 14 7.965304910624232
30 15 13.40107064586811
30 16 18.14732011555405
30 17 22.157418605100148
30 18 25.440160999443062
30 19 28.043603219833617
30 20 30.039119103050755
30 21 31.50829256911612
30 22 32.53353210759671
30 23 33.192181848484445
30 24 33.55339587987118
30 25 33.67694603896984
31 1 -44.9199088937239
31 2 -44.649902721986315
31 3 -43.866276323454905
31 4 -42.4591057848169
31 5 -40.322872756524895
31 6 -37.37135072393619
31 7 -33.556420897411336
31 8 -28.88776778427291
31 9 -23.448151554402514
31 10 -17.397923883132584
31 11 -10.964103530663385
31 12 -4.413983629384544
31 13 1.9808666262489023
31 14 7.98042515580015
31 15 13.40249565504571
31 16 18.13441273653238
31 17 22.130677813105606
31 18 25.400921191467827
31 19 27.99369925196696
31 20 29.980591228710825
31 21 31.443165976474866
31 22 32.46367539290325
31 23 33.119232001341295
31 24 33.47873166355774
31 25 33.60169250410248
32 1 -44.9234861102665
32 2 -44.65269903076275
32 3 -43.866846359237364
32 4 -42.455827665424096
32 5 -40.31411993690453
32 6 -37.35576201548403
32 7 -33.53324785644177
32 8 -28.85723194355275
32 9 -23.411699052442486
32 10 -17.358253423636466
32 11 -10.924893231872812
32 12 -4.379348604455958
32 13 2.0070411652135416
32 14 7.995078019128536
32 15 13.403753485070444
32 16 18.121668444431908
32 17 22.104430946961088
32 18 25.362482773873843
32 19 27.944864656304045
32 20 29.923352919198496
32 21 31.379499404818787
32 22 32.39540189264716
32 23 33.04794636855324
32 24 33.405776703185985
32 25 33.528163732365044
33 1 -44.92688978737545
33 2 -44.65536108783201
33 3 -43.867394382517844
33 4 -42.452722400463486
33 5 -40.305819254232354
33 6 -37.340978076291485
33 7 -33.51127726211133
33 8 -28.828294141767177
33 9 -23.377175831359988
33 10 -17.320711990780605
33 11 -10.887823430258532
33 12 -4.346646218257066
33 13 2.03170637299965
33 14 8.008822504009837
33 15 13.40482034819868
33 16 18.109497716566466
33 17 22.07950584473755
33 18 25.326049410429974
33 19 27.898622899664414
33 20 29.869185732450465
33 21 31.319271594136314
33 22 32.33083153786226
33 23 32.98053714154229
33 24 33.336794302888244
33 25 33.45864059431457
34 1 -44.93036563718017
34 2 -44.65808098963509
34 3 -43.86795964313064
34 4 -42.44956506020901
34 5 -40.2973699785937
34 6 -37.325929018856485
34 7 -33.48891882359574
34 8 -28.798859049173398
34 9 -23.3420809236763
34 10 -17.28257827089639
34 11 -10.850204850231144
34 12 -4.313501476785779
34 13 2.0566565843789504
34 14 8.02266247576177
34 15 13.405781298530584
34 16 18.09702526846874
34 17 22.05410121134936
34 18 25.288983740500075
34 19 27.851623694318715
34 20 29.814163095410525
34 21 31.258115155207
34 22 32.265281021260286
34 23 32.91211445751661
34 24 33.26678012656636
34 25 33.3880794050231
35 1 -44.93394554681923
35 2 -44.66088378009796
35 3 -43.86854769696909
35 4 -42.44632759214048
35 5 -40.288696425518104
35 6 -37.3104800272557
35 7 -33.46597267482991
35 8 -28.76866445469131
35 9 -23.306103119567236
35 10 -17.24351598741388
35 11 -10.81170800370203
35 12 -4.279626612627943
35 13 2.0821055208623047
35 14 8.036712734909708
35 15 13.406637561038202
35 16 18.084134684350527
35 17 22.027987976490117
35 18 25.25095552193529
35 19 27.803450878225487
35 20 29.75779960666332
35 21 31.195491842730497
35 22 32.1981742863804
35 23 32.84207756433235
35 24 33.195119744434265
35 25 33.315861034599806
36 1 -44.93710940307244
36 2 -44.66336205378732
36 3 -43.8690723156822
36 4 -42.44347841920623
36 5 -40.281054895548834
36 6 -37.296868852415386
36 7 -33.44576165586154
36 8 -28.742080937678878
36 9 -23.27444702639097
36 10 -17.20917172820124
36 11 -10.777892503803589
36 12 -4.249907620357732
36 13 2.1043897019079423
36 14 8.048960104459587
36 15 13.407283452681552
36 16 18.072705545597
36 17 22.004953651635503
36 18 25.21747034656593
36 19 27.761072068247085
36 20 29.708242832073402
36 21 31.140450740860356
36 22 32.139205965081
36 23 32.780542932899564
36 24 33.132163331858116
36 25 33.252415978591856
37 1 -44.94068932957752
37 2 -44.666167605208706
37 3 -43.8696714216788
37 4 -42.44026804673245
37 5 -40.272435335247934
37 6 -37.28151518584618
37 7 -33.42296938111393
37 8 -28.71211574283042
37 9 -23.238785323895698
37 10 -17.170510672633426
37 11 -10.739862124855959
37 12 -4.216525343860662
37 13 2.1293729661778413
37 14 8.062628425880357
37 15 13.407890946855343
37 16 18.059733113872667
37 17 21.97894017200305
37 18 25.17972036111607
37 19 27.713339234250945
37 20 29.652455932837462
37 21 31.07851182183432
37 22 32.07286256741
37 23 32.71132172919984
37 24 33.06134789885519
37 25 33.18105265503662
38 1 -44.944239232080896
38 2 -44.668951044894776
38 3 -43.870271206252944
38 4 -42.437098599374536
38 5 -40.26391598523403
38 6 -37.26633960538574
38 7 -33.4004478886769
38 8 -28.682520561640015
38 9 -23.203586204188095
38 10 -17.132381226983338
38 11 -10.702391527909645
38 12 -4.183677005245351
38 13 2.153907026361299
38 14 8.0759860114436
38 15 13.408366191782846
38 16 18.04682850967218
38 17 21.953197481446324
38 18 25.142431447531816
38 19 27.666234351439666
38 20 29.597434707870256
38 21 31.01744552017305
38 22 32.00746924055493
38 23 32.64310159188017
38 24 32.991561912305954
38 25 33.11072855251685
39 1 -44.947665611994026
39 2 -44.67163895658669
39 3 -43.870855450788035
39 4 -42.43405252559074
39 5 -40.255719188330076
39 6 -37.25173821819524
39 7 -33.37878457185606
39 8 -28.654066257084523
39 9 -23.16976483765486
39 10 -17.09577245366434
39 11 -10.66644981624165
39 12 -4.152208783577777
39 13 2.1773638726592988
39 14 8.08869620751424
39 15 13.408706853406066
39 16 18.034335431397853
39 17 21.928400385893664
39 18 25.1065755456547
39 19 27.620981528367892
39 20 29.544606361586634
39 21 30.95883397319106
39 22 31.94471894223564
39 23 32.577647841775814
39 24 32.92461076528869
39 25 33.04326283332985
40 1 -44.95142790468517
40 2 -44.67459186643561
40 3 -43.87150294044224
40 4 -42.43072248284446
40 5 -40.24674805822127
40 6 -37.23575706921762
40 7 -33.355080979648164
40 8 -28.622946896980306
40 9 -23.1327991527621
40 10 -17.055791890490433
40 11 -10.627236419814052
40 12 -4.11792071698846
40 13 2.202870648384367
40 14 8.102448813130877
40 15 13.408949646247043
40 16 18.020576467371786
40 17 21.90122882267726
40 18 25.067356681242053
40 19 27.571530996114422
40 20 29.48691054631987
40 21 30.894845459396997
40 22 31.87622797133467
40 23 32.506216245799024
40 24 32.85155053994485
40 25 32.969642960331335
41 1 -44.95527283633436
41 2 -44.67761122305366
41 3 -43.872171036537004
41 4 -42.427334985138124
41 5 -40.23761120335776
41 6 -37.21948028744127
41 7 -33.33094622931645
41 8 -28.591277401883815
41 9 -23.095205125409542
41 10 -17.01516570039973
41 11 -10.587431211755371
41 12 -4.083162959620169
41 13 2.2286711113522033
41 14 8.116286445748843
41 15 13.409058313341543
41 16 18.006472286074235
41 17 21.87352178425417
41 18 25.027439850108827
41 19 27.521250023665463
41 20 29.428280924373865
41 21 30.829846163907355
41 22 31.80667211618104
41 23 32.433684856111256
41 24 32.77737132883427
41 25 32.89489752974335
42 1 -44.959160984346774
42 2 -44.68066612849847
42 3 -43.872853131894026
42 4 -42.423925368035604
42 5 -40.22840352307831
42 6 -37.20307693548018
42 7 -33.30663131022681
42 8 -28.559387747569428
42 9 -23.0573754085201
42 10 -16.97431942310466
42 11 -10.547452541814275
42 12 -4.04830236173145
42 13 2.25449120736058
42 14 8.130059855698534
42 15 13.409027464413537
42 16 17.99216688251097
42 17 21.84556655623935
42 18 24.987241162907623
42 19 27.47066420323318
42 20 29.369331354830702
42 21 30.764517331052815
42 22 31.736780845697844
42 23 32.36081464210725
42 24 32.70285154887829
42 25 32.81981095421988
43 1 -44.9634080524681
43 2 -44.68400486666808
43 3 -43.87360556440846
43 4 -42.42021913596077
43 5 -40.21838210339623
43 6 -37.185223488119085
43 7 -33.28017548305063
43 8 -28.52470879692754
43 9 -23.016266085519074
43 10 -16.929971435965324
43 11 -10.50409452065228
43 12 -4.0105503176702335
43 13 2.2823884230880074
43 14 8.144856131101017
43 15 13.40883511410819
43 16 17.976493628439115
43 17 21.815103587382687
43 18 24.94352187648419
43 19 27.415704794557158
43 20 29.305325225618578
43 21 30.693613193322033
43 22 31.66094437127239
43 23 32.28175819045812
43 24 32.62201222224791
43 25 32.738359052967766
44 1 -44.96768939424539
44 2 -44.68737245919736
44 3 -43.874371767618264
44 4 -42.41650193719678
44 5 -40.20831768375171
44 6 -37.167293010572216
44 7 -33.253614547370645
44 8 -28.48991155295084
44 9 -22.97504719871013
44 10 -16.885546520816625
44 11 -10.460711472218371
44 12 -3.9728342663173235
44 13 2.310191624490835
44 14 8.159513350797628
44 15 13.408476832409907
44 16 17.96064578128685
44 17 21.78447194327409
44 18 24.899649169955914
44 19 27.360611437180157
44 20 29.241204818345825
44 21 30.62261203075421
44 22 31.58502435486135
44 23 32.20262749979082
44 24 32.541103974725885
44 25 32.65684008530598
45 1 -44.97213411021562
45 2 -44.69087056193793
45 3 -43.87517528615994
45 4 -42.41266277477734
45 5 -40.19790898264184
45 6 -37.148748752962426
45 7 -33.2261539582762
45 8 -28.45395623741075
45 9 -22.932488826313506
45 10 -16.83972134957646
45 11 -10.41601374534332
45 12 -3.9340359568447076
45 13 2.3387218103039826
45 14 8.174459937046754
45 15 13.407933831427528
45 16 17.944144105687087
45 17 21.752753545942674
45 18 24.85431233708195
45 19 27.303740972218826
45 20 29.175059672600028
45 21 30.549399722507438
45 22 31.50676112797929
45 23 32.12106791727676
45 24 32.457719572562965
45 25 32.572828753115786
46 1 -44.97701825631488
46 2 -44.69471683103455
46 3 -43.87606761315863
46 4 -42.4084671215393
46 5 -40.186517390286056
46 6 -37.12845291358726
46 7 -33.19611077669295
46 8 -28.41464339831624
46 9 -22.885993948720223
46 10 -16.789707992940077
46 11 -10.36729213438734
46 12 -3.8918152992311508
46 13 2.369686371457908
46 14 8.190572636076713
46 15 13.407140481147291
46 16 17.92595573909234
46 17 21.717995969583768
46 18 24.804737846063905
46 19 27.241625679272957
46 20 29.102864580103528
46 21 30.46952667700941
46 22 31.42140200064631
46 23 32.03212903457159
46 24 32.36679918347197
46 25 32.481227635664396
47 1 -44.98225270688364
47 2 -44.698841629083795
47 3 -43.877034682737765
47 4 -42.403997013184025
47 5 -40.174361763594526
47 6 -37.10679535468844
47 7 -33.16406481492731
47 8 -28.37273748718667
47 9 -22.836475590174356
47 10 -16.73650041308052
47 11 -10.315529159102807
47 12 -3.8470399397065096
47 13 2.4024301340230427
47 14 8.207485491674506
47 15 13.406066797854146
47 16 17.906401553090273
47 17 21.680858076603887
47 18 24.751889434910087
47 19 27.175489049402128
47 20 29.02605285017659
47 21 30.384586608126472
47 22 31.33065559445265
47 23 31.93759458085241
47 24 32.27016815380911
47 25 32.38387638347282
48 1 -44.9877895567428
48 2 -44.70320767594406
48 3 -43.87806954241082
48 4 -42.399298052076055
48 5 -40.161562780618446
48 6 -37.083991053763036
48 7 -33.13033653052623
48 8 -28.328662519243895
48 9 -22.784442446541593
48 10 -16.680655318692928
48 11 -10.261278496776987
48 12 -3.8002025290494807
48 13 2.436576933162042
48 14 8.224983064061545
48 15 13.404685600639032
48 16 17.885652091261697
48 17 21.64170167492409
48 18 24.696301962799783
48 19 27.106013712364287
48 20 28.945426671790624
48 21 30.295473214578376
48 22 31.23548121584478
48 23 31.838466769109882
48 24 32.168852478758005
48 25 32.281809167097144
49 1 -44.994229733349854
49 2 -44.708289795862946
49 3 -43.87928841421003
49 4 -42.39386990081579
49 5 -40.146750725046154
49 6 -37.057599463009005
49 7 -33.09132113653559
49 8 -28.27771812106819
49 9 -22.724361302949067
49 10 -16.616255154623932
49 11 -10.198816758419428
49 12 -3.7463905020537966
49 13 2.475674851532794
49 14 8.244838843303105
49 15 13.402769974613655
49 16 17.861437210873795
49 17 21.5963214401332
49 18 24.632047247490927
49 19 27.025818279552936
49 20 28.85243966061764
49 21 30.192754416771027
49 22 31.12581479634146
49 23 31.72426952368556
49 24 32.05214814892288
49 25 32.16424369296049
50 1 -45.00065520670595
50 2 -44.71336427482208
50 3 -43.880520498542964
50 4 -42.38849362307529
50 5 -40.13205169717595
50 6 -37.0314087666625
50 7 -33.052622546976814
50 8 -28.22722941545671
50 9 -22.664883030755668
50 10 -16.552588484775182
50 11 -10.137171768066542
50 12 -3.693402870011556
50 13 2.5140326179017967
50 14 8.264129378450104
50 15 13.400536788127459
50 16 17.837196832120966
50 17 21.551221258341318
50 18 24.56836481389703
50 19 26.946454838778113
50 20 28.760500905884978
50 21 30.09125282573378
50 22 31.017488438942742
50 23 31.61149343669897
50 24 31.93691017708761
50 25 32.048160155220586
51 1 -45.0081545714835
51 2 -44.71929176435653
51 3 -43.88197833978733
51 4 -42.382267807029336
51 5 -40.11499440271659
51 6 -37.00101561029014
51 7 -33.00773938640838
51 8 -28.168724445081192
51 9 -22.596042819195777
51 10 -16.47900926164329
51 11 -10.066059879437267
51 12 -3.6324277715319075
51 13 2.5579971579046186
51 14 8.286003695101773
51 15 13.397536286379541
51 16 17.808810008097883
51 17 21.49880651941948
51 18 24.494569864371247
51 19 26.85463359308815
51 20 28.654233182970685
51 21 29.974004757472006
51 22 30.89240670316487
51 23 31.48130536600811
51 24 31.803897342426943
51 25 31.914177184043936
52 1 -45.015883782401566
52 2 -44.72540635126192
52 3 -43.88350279561985
52 4 -42.375905394316106
52 5 -40.09752327239445
52 6 -36.96988463747425
52 7 -32.96179446901117
52 8 -28.10889404251272
52 9 -22.525733819880184
52 10 -16.403980724576613
52 11 -9.993692306085073
52 12 -3.570541931394086
52 13 2.602424130249737
52 14 8.307845890982014
52 15 13.394014162872068
52 16 17.779453823845195
52 17 21.44503680994724
52 18 24.419103353100894
52 19 26.760891151207126
52 20 28.545854718263328
52 21 29.85450777901828
52 22 30.76498047278681
52 23 31.348711797585384
52 24 31.668445697939326
52 25 31.777744033021236
53 1 -45.02501174569899
53 2 -44.73263443311737
53 3 -43.885331196994656
53 4 -42.36846101062957
53 5 -40.077030051402055
53 6 -36.93336837581311
53 7 -32.90793768709559
53 8 -28.0388362613539
53 9 -22.443523147426127
53 10 -16.316406525562755
53 11 -9.909409974461877
53 12 -3.4986796231476474
53 13 2.653764124302545
53 14 8.33274952748937
53 15 13.389313462081113
53 16 17.74466624778282
53 17 21.381865070183313
53 18 24.33073955769034
53 19 26.651329089052687
53 20 28.41932958044868
53 21 29.715103774185604
53 22 30.616395570091523
53 23 31.194145523869775
53 24 31.51057164941803
53 25 31.618734133547758
54 1 -45.03661121429173
54 2 -44.7418301778352
54 3 -43.88769744413383
54 4 -42.35910692245236
54 5 -40.05120138055418
54 6 -36.88734479898683
54 7 -32.84011462604954
54 8 -27.950727332078802
54 9 -22.340309445132284
54 10 -16.20669615289695
54 11 -9.80410752330104
54 12 -3.409218913137477
54 13 2.717296912771999
54 14 8.363050736927113
54 15 13.382530075129958
54 16 17.700292902063968
54 17 21.30210181867751
54 18 24.219616744766665
54 19 26.513850996106637
54 20 28.26078157133127
54 21 29.540569984435944
54 22 30.430471697216092
54 23 31.000803442532277
54 24 31.3131280197049
54 25 31.419882213186483
55 1 -45.049577458308
55 2 -44.75212306487463
55 3 -43.890397584065354
55 4 -42.348787186071945
55 5 -40.02260459519045
55 6 -36.836388975401135
55 7 -32.76509618482827
55 8 -27.853422533833836
55 9 -22.226556309681072
55 10 -16.086089751627423
55 11 -9.688713266724319
55 12 -3.3116023185164
55 13 2.7861318091262373
55 14 8.395210663944157
55 15 13.373927432841429
55 16 17.650498203538483
55 17 21.213618184875745
55 18 24.09691398068168
55 19 26.362431069033885
55 20 28.086428556129544
55 21 29.348831612316765
55 22 30.22635310932011
55 23 30.7886248702301
55 24 31.096494085817532
55 25 31.20171867186631
56 1 -45.064788800597526
56 2 -44.764215843455005
56 3 -43.89363693572899
56 4 -42.336858572220294
56 5 -39.98941565283774
56 6 -36.77725155108368
56 7 -32.67812961822982
56 8 -27.74082018583018
56 9 -22.09522578868743
56 10 -15.947248640461115
56 11 -9.556350630704376
56 12 -3.2001758437548213
56 13 2.864065467511531
56 14 8.430741836053622
56 15 13.362541862597585
56 16 17.591863193467717
56 17 21.11072297316393
56 18 23.954953405276832
56 19 26.187738990123528
56 20 27.885629453989946
56 21 29.128258821833224
56 22 29.991708346088696
56 23 30.544822635848814
56 24 30.847631127103675
56 25 30.95111848524686
57 1 -45.08507234901131
57 2 -44.78036946071281
57 3 -43.89807217243862
57 4 -42.32124020078733
57 5 -39.945742113013985
57 6 -36.699435450671245
57 7 -32.56385479972498
57 8 -27.59318783640341
57 9 -21.92353829517088
57 10 -15.766394858798392
57 11 -9.384709471130506
57 12 -3.0565625128731964
57 13 2.963477528896077
57 14 8.47463280546183
57 15 13.345337313825661
57 16 17.51338600701971
57 17 20.975035975954647
57 18 23.768899465264887
57 19 25.959567089932627
57 20 27.623913710674504
57 21 28.84116452774578
57 22 29.686567418438564
57 23 30.227943795085448
57 24 30.524267554246602
57 25 30.625529186332248
58 1 -45.11023710625916
58 2 -44.800453517875596
58 3 -43.90374990528994
58 4 -42.30229988929361
58 5 -39.89244378585877
58 6 -36.60447800843616
58 7 -32.42465708177826
58 8 -27.413863534563895
58 9 -21.715760282876282
58 10 -15.548517995554004
58 11 -9.179105385290585
58 12 -2.8858627701494974
58 13 3.0800714114733503
58 14 8.52391639590422
58 15 13.321052094095831
58 16 17.415697601763306
58 17 20.809086229655733
58 18 23.543041223788816
58 19 25.683733123765375
58 20 27.308350657888084
58 21 28.495583881765572
58 22 29.319661764968174
58 23 29.84717678136391
58 24 30.13584563796024
58 25 30.234480391203768
59 1 -45.14174436999316
59 2 -44.82566282065475
59 3 -43.911116349244836
59 4 -42.27923000319953
59 5 -39.82702194365903
59 6 -36.48793803985524
59 7 -32.254201689025024
59 8 -27.195032961781212
59 9 -21.46335099700893
59 10 -15.285316194425269
59 11 -8.932462558762847
59 12 -2.6830500365792913
59 13 3.216284877593213
59 14 8.578215429157927
59 15 13.286537955998787
59 16 17.293112152043932
59 17 20.604989743362975
59 18 23.267674393080465
59 19 25.349083447400545
59 20 26.926675615255977
59 21 28.07843547182131
59 22 28.877341125218955
59 23 29.388506497008272
59 24 29.668150429536404
59 25 29.763688834220122
60 1 -45.18646236245962
60 2 -44.86155392815412
60 3 -43.92202784188199
60 4 -42.24763206484757
60 5 -39.736506347833085
60 6 -36.32674006045553
60 7 -32.01912997261801
60 8 -26.894635643455583
60 9 -21.118920392191807
60 10 -14.928795056995813
60 11 -8.601446147684387
60 12 -2.41432103057871
60 13 3.3926612964712506
60 14 8.642615883382257
60 15 13.23076253956567
60 16 17.11908823684169
60 17 20.322187416501137
60 18 22.89020881246193
60 19 24.893163127359845
60 20 26.408693255811688
60 21 27.513731710422753
60 22 28.279530994588082
60 23 28.76921401429816
60 24 29.03700662928487
60 25 29.128480092595613
61 1 -45.25283726126456
61 2 -44.915044996695
61 3 -43.939117027091584
61 4 -42.20298434905903
61 5 -39.60677786441777
61 6 -36.09582848758913
61 7 -31.683847376783056
61 8 -26.468993152942577
61 9 -20.63500935367716
61 10 -14.433107563102828
61 11 -8.147236695280442
61 12 -2.0523302067572806
61 13 3.622199396153436
61 14 8.71459163918685
61 15 13.135938915812847
61 16 16.8618524649762
61 17 19.91676293475038
61 18 22.356642813316903
61 19 24.253915138036035
61 20 25.686153460662513
61 21 26.728658550579954
61 22 27.45023239039752
61 23 27.9112548198811
61 24 28.163248244610347
61 25 28.249304646291293
62 1 -45.36700528439681
62 2 -45.00757514735858
62 3 -43.97066847420062
62 4 -42.13167655138271
62 5 -39.39499736730297
62 6 -35.71929424902933
62 7 -31.140901168180324
62 8 -25.786848035129115
62 9 -19.869710680164626
62 10 -13.661872561641125
62 11 -7.4549819063709455
62 12 -1.5167329973691295
62 13 3.9424384676721895
62 14 8.785525883795511
62 15 12.948118581623627
62 16 16.425874962374728
62 17 19.257019154803974
62 18 21.50517129396828
62 19 23.245430036962823
62 20 24.554575237699726
62 21 25.505024386629092
62 22 26.1616725146477
62 23 26.580696552608547
62 24 26.809563820646346
62 25 26.88769510505266
63 1 -45.571381412094325
63 2 -45.174522690323826
63 3 -44.03260079486299
63 4 -42.018108622116095
63 5 -39.045445424777405
63 6 -35.099477526849384
63 7 -30.257820509056657
63 8 -24.69663592569245
63 9 -18.673367544974056
63 10 -12.488512197636066
63 11 -6.437745625980707
63 12 -0.7695534983093693
63 13 4.340343584847577
63 14 8.794796120061479
63 15 12.56560751954717
63 16 15.675954080377606
63 17 18.18152247488658
63 18 20.154453356315287
63 19 21.67163788957961
63 20 22.807252424670697
63 21 23.6286608290277
63 22 24.19466248490843
63 23 24.555206467578685
63 24 24.751923607724493
63 25 24.81904569414369
64 1 -45.97164187825614
64 2 -45.50481053228762
64 3 -44.1681356276956
64 4 -41.833636536526306
64 5 -38.44263619276751
64 6 -34.03783019922557
64 7 -28.7781316910615
64 8 -22.925382790147367
64 9 -16.802786283807023
64 10 -10.73812470012182
64 11 -5.011487815266072
64 12 0.17704554362750805
64 13 4.715363138251827
64 14 8.56837101447821
64 15 11.757630702892982
64 16 14.33983246437037
64 17 16.388889029249356
64 18 17.983241819413646
64 19 19.198026907643914
64 20 20.10095962594156
64 21 20.750715670912577
64 22 21.196812558943204
64 23 21.480288661864805
64 24 21.634731451096915
64 25 21.68739279212088
65 1 -46.622450181294546
65 2 -46.04720599315567
65 3 -44.412791391146804
65 4 -41.602574138133704
65 5 -37.61793198514635
65 6 -32.607077174802626
65 7 -26.85529075268077
65 8 -20.733281473673408
65 9 -14.622096850356778
65 10 -8.844282754119407
65 11 -3.6237475178097758
65 12 0.9209617704166635
65 13 4.759602181835016
65 14 7.923316585373506
65 15 10.478485334615986
65 16 12.506515485214722
65 17 14.090543647913792
65 18 15.307914723651425
65 19 16.226712979441547
65 20 16.904799077690463
65 21 17.390222133656234
65 22 17.722275792870636
65 23 17.932768967102692
65 24 18.047282078233977
65 25 18.08630147353487
66 1 -47.46404287085655
66 2 -46.75297326507966
66 3 -44.75224164058236
66 4 -41.37848603552038
66 5 -36.73336657111096
66 6 -31.11126171926227
66 7 -24.940952559073427
66 8 -18.683601791896976
66 9 -12.733986239767125
66 10 -7.362879365942461
66 11 -2.7085690126968056
66 12 1.198340484194243
66 13 4.39837901836751
66 14 6.969842115828658
66 15 9.00466149397524
66 16 10.593691917788547
66 17 11.81917185693055
66 18 12.751811134058645
66 19 13.450497507963423
66 20 13.963289657198368
66 21 14.328908412841564
66 22 14.578304737585574
66 23 14.736104725085754
66 24 14.821855444977155
66 25 14.851058898664578
67 1 -48.380947783109974
67 2 -47.5229253711297
67 3 -45.133980613367974
67 4 -41.188091841466
67 5 -35.918350613196374
67 6 -29.78038118620261
67 7 -23.328760422800283
67 8 -17.071292326777467
67 9 -11.371074694004697
67 10 -6.421624535734861
67 11 -2.27549879976121
67 12 1.1071452870668206
67 13 3.813886803888023
67 14 5.94855775458378
67 15 7.612866911920293
67 16 8.89757859818671
67 17 9.879529395988078
67 18 10.621738732118306
67 19 11.174905628339285
67 20 11.579347827261412
67 21 11.866917331913188
67 22 12.062695724139763
67 23 12.186411833052924
67 24 12.253589538242286
67 25 12.276459512397437
68 1 -49.22473997422661
68 2 -48.229305594405226
68 3 -45.48469859744092
68 4 -41.03629180665964
68 5 -35.25488543078359
68 6 -28.740746997325225
68 7 -22.135906675126577
68 8 -15.954605685691373
68 9 -10.506785029380918
68 10 -5.91159751897479
68 11 -2.1551054173609336
68 12 0.8489942434761208
68 13 3.2146202539780506
68 14 5.056823592474742
68 15 6.479005335274131
68 16 7.568474086132175
68 17 8.396343558681192
68 18 9.019323149016152
68 19 9.482088004846469
68 20 9.819604747260781
68 21 10.059163844942482
68 22 10.222055145208557
68 23 10.32490527363202
68 24 10.380725561345015
68 25 10.399724668272112
69 1 -50.01122614698618
69 2 -48.882799008991434
69 3 -45.800517318305594
69 4 -40.893440586579715
69 5 -34.6745690929208
69 6 -27.87376342859111
69 7 -21.191445182491456
69 8 -15.123366535036684
69 9 -9.917986743253884
69 10 -5.62738464918673
69 11 -2.185814682645155
69 12 0.5248432792319897
69 13 2.6339055072912054
69 14 4.26100728804496
69 15 5.50807784600067
69 16 6.4581172969836524
69 17 7.176993758013801
69 18 7.716232004145296
69 19 8.115837864388086
69 20 8.406778537800161
69 21 8.613018340025663
69 22 8.753130181160078
69 23 8.841545820199054
69 24 8.889515356565964
69 25 8.905839701782101
70 1 -50.570505707417965
70 2 -49.34176482944617
70 3 -46.0089748097948
70 4 -40.77300709687638
70 5 -34.25787199533554
70 6 -27.282882382079748
70 7 -20.57704940817764
70 8 -14.610473993690897
70 9 -9.582723126751144
70 10 -5.49988206321941
70 11 -2.2642255299420526
70 12 0.26004065367170404
70 13 2.2095091261799764
70 14 3.7048605874684895
70 15 4.8459053017960585
70 16 5.712250183839288
70 17 6.366124420953104
70 18 6.855661307082696
70 19 7.21791584913559
70 20 7.481384334790625
70 21 7.668008249731082
70 22 7.794726813182378
70 23 7.874662950412936
70 24 7.918022952214129
70 25 7.93277719790476
71 1 -51.01840532625208
71 2 -49.70229717835556
71 3 -46.15428326765327
71 4 -40.643550975352326
71 5 -33.892505622602016
71 6 -26.792028254714086
71 7 -20.086214466068558
71 8 -14.216599797580841
71 9 -9.339827651167912
71 10 -5.4253163893663965
71 11 -2.3517175029736963
71 12 0.028744050908900295
71 13 1.8568309673434524
71 14 3.253024666852529
71 15 4.314892314824595
71 16 5.1190991779759125
71 17 5.724922604943382
71 18 6.177838097258906
71 19 6.512636942749695
71 20 6.755946866680912
71 21 6.928195070268986
71 22 7.0451067758784065
71 23 7.118837591346492
71 24 7.1588254742048925
71 25 7.172431289785846
72 1 -51.33761002972453
72 2 -49.95069344403945
72 3 -46.23033895744913
72 4 -40.505028397676085
72 5 -33.57775991702419
72 6 -26.392896455771957
72 7 -19.70048135142329
72 8 -13.915373063409703
72 9 -9.159599715717283
72 10 -5.375082643040028
72 11 -2.423830450671108
72 12 -0.1502702104890029
72 13 1.5885751340781409
72 14 2.9124522886897144
72 15 3.916918765021108
72 16 4.676276550322539
72 17 5.2475328669092285
72 18 5.6741679770909705
72 19 5.989299634291603
72 20 6.218188577485377
72 21 6.380162459576443
72 22 6.490069809692442
72 23 6.559370512109843
72 24 6.596951585102393
72 25 6.609737818726395
73 1 -51.538523799082
73 2 -50.097167096388965
73 3 -46.24569212023338
73 4 -40.360709018438705
73 5 -33.30766263655155
73 6 -26.069182187871696
73 7 -19.39612135883448
73 8 -13.680822222267134
73 9 -9.018832257564553
73 10 -5.332164686363958
73 11 -2.471378736464995
73 12 -0.2759175372850791
73 13 1.3982843853344564
73 14 2.6701012611985684
73 15 3.633432571290043
73 16 4.360758453108499
73 17 4.907388084555845
73 18 5.31533492616916
73 19 5.616500141421413
73 20 5.835158386081255
73 21 5.989848537968815
73 22 6.094792776176921
73 23 6.160955431232055
73 24 6.196831982058983
73 25 6.209037831874491
74 1 -51.65465364521974
74 2 -50.16830590710421
74 3 -46.20952382909262
74 4 -40.19663895605706
74 5 -33.04714910874842
74 6 -25.773343064597658
74 7 -19.124113428815686
74 8 -13.471730739145881
74 9 -8.889808018711953
74 10 -5.2845912129625905
74 11 -2.4979713728006883
74 12 -0.36589024502490064
74 13 1.2562231704872795
74 14 2.486304861869381
74 15 3.4167822993937516
74 16 4.118595232464649
74 17 4.645649959368239
74 18 5.038764485922349
74 19 5.32885722957187
74 20 5.539411205337424
74 21 5.688334859713134
74 22 5.789351392470024
74 23 5.853031312180815
74 24 5.88755950242332
74 25 5.899306272239429
75 1 -51.68958407415953
75 2 -50.17146214336058
75 3 -46.13763266152635
75 4 -40.03728544023203
75 5 -32.82512421582332
75 6 -25.53322124466093
75 7 -18.907378820616344
75 8 -13.304616211640045
75 9 -8.782827213354139
75 10 -5.237384307146661
75 11 -2.504449046104833
75 12 -0.4178324582231081
75 13 1.1671490130157187
75 14 2.367611415236431
75 15 3.274847739599034
75 16 3.958655235297329
75 17 4.4719192780094
75 18 4.854597731230067
75 19 5.1369071868738105
75 20 5.3417682487682345
75 21 5.486643158893741
75 22 5.584902924907743
75 23 5.646840656860867
75 24 5.680422798686367
75 25 5.691847483770138
76 1 -51.66909778518309
76 2 -50.12640387569104
76 3 -46.0351420174055
76 4 -39.86955236171983
76 5 -32.6136238999616
76 6 -25.31396476801451
76 7 -18.712665657608667
76 8 -13.15397134514691
76 9 -8.68323821359384
76 10 -5.187459530110094
76 11 -2.498564228790831
76 12 -0.4489372312015157
76 13 1.1060043247652707
76 14 2.282600034091931
76 15 3.171162824476649
76 16 3.8405337637523886
76 17 4.342757571904831
76 18 4.71709078119323
76 19 4.993181450144782
76 20 5.1934966483110285
76 21 5.335139968568471
76 22 5.431200014948512
76 23 5.4917478649776355
76 24 5.524575355469562
76 25 5.535743130697256
77 1 -51.60405427865667
77 2 -50.042926078629165
77 3 -45.909141358918056
77 4 -39.69688281520215
77 5 -32.41272188335744
77 6 -25.113615767472997
77 7 -18.53768132010217
77 8 -13.018564473797467
77 9 -8.591693993471917
77 10 -5.137657972341296
77 11 -2.4853036122383947
77 12 -0.4661134897868797
77 13 1.0642489450255583
77 14 2.221393768583023
77 15 3.0947811194487653
77 16 3.7524440306601132
77 17 4.245727703951891
77 18 4.613310583554646
77 19 4.884375041022554
77 20 5.081018284993097
77 21 5.220052353501334
77 22 5.314336813121117
77 23 5.37376297955137
77 24 5.405981508102149
77 25 5.416941981747937
78 1 -48.742408303283746
78 2 -47.3932875298277
78 3 -43.82518750512379
78 4 -38.47475556470653
78 5 -32.21897898307813
78 6 -25.96961276879777
78 7 -20.35583687255809
78 8 -15.65621704642829
78 9 -11.894528937262155
78 10 -8.964346301693746
78 11 -6.717137921666786
78 12 -5.008052071875512
78 13 -3.7136831567711015
78 14 -2.7355294542061137
78 15 -1.9975544033003407
78 16 -1.4420353460662854
78 17 -1.0254655806633832
78 18 -0.7151039375815503
78 19 -0.48626638160441643
78 20 -0.3202728194258029
78 21 -0.2029174599521077
78 22 -0.12333807381597053
78 23 -0.07318192686044292
78 24 -0.0459897665229576
78 25 -0.03673931491779453
79 1 -50.159233396468274
79 2 -48.745906588448236
79 3 -45.01181034638664
79 4 -39.42281680263915
79 5 -32.90381526883075
79 6 -26.40833417067231
79 7 -20.58777179772658
79 8 -15.725408966771584
79 9 -11.840247555815752
79 10 -8.818058166081185
79 11 -6.5027598724764175
79 12 -4.7433235194847745
79 13 -3.4116456893743607
79 14 -2.40576833691873
79 15 -1.647144976801014
79 16 -1.076234657681367
79 17 -0.648208995252071
79 18 -0.32935993023089755
79 19 -0.0942904620016742
79 20 0.07620973520679034
79 21 0.196744199703404
79 22 0.27847604182947894
79 23 0.32998742917972523
79 24 0.3579138843822093
79 25 0.36741405685369366
80 1 -57.42466409698558
80 2 -55.601036619980924
80 3 -50.78712483709154
80 4 -43.59335613249345
80 5 -35.21982013153018
80 6 -26.894938956099296
80 7 -19.45065203215266
80 8 -13.24313117478079
80 9 -8.290502971794933
80 10 -4.442459058471881
80 11 -1.4971375439665289
80 12 0.7395212285717887
80 13 2.431512593889138
80 14 3.7090458960315775
80 15 4.672262079458557
80 16 5.3969779640745505
80 17 5.940223688118861
80 18 6.344852492014505
80 19 6.6431345867324145
80 20 6.859469220035647
80 21 7.0123986341679725
80 22 7.116093248136575
80 23 7.181445167259269
80 24 7.216874666710239
80 25 7.228927182054008
81 1 -57.16690847050394
81 2 -55.317208403673526
81 3 -50.43789298057776
81 4 -43.15562672565755
81 5 -34.692993750351064
81 6 -26.29433448966519
81 7 -18.79654094680692
81 8 -12.553382246408493
81 9 -7.5781657782019565
81 10 -3.716147160560267
81 11 -0.7622393312093337
81 12 1.4797187235831937
81 13 3.175019073941484
81 14 4.4546516334602675
81 15 5.419223570973869
81 16 6.144830888680769
81 17 6.688672417878763
81 18 7.093704685998522
81 19 7.392262169273139
81 20 7.60878483369329
81 21 7.761841234646902
81 22 7.865619155972406
81 23 7.931022416742086
81 24 7.966479374205617
81 25 7.978541168969443
82 1 -56.8037870937676
82 2 -54.93293389513831
82 3 -50.001001053674145
82 4 -42.64878078032296
82 5 -34.11773316793754
82 6 -25.66483200500199
82 7 -18.130081271447672
82 8 -11.864385324925498
82 9 -6.876557479185011
82 10 -3.008015245114821
82 11 -0.051042253685253385
82 12 2.19212968035044
82 13 3.8877108716639777
82 14 5.1671922628511995
82 15 6.13144382731864
82 16 6.856693224570091
82 17 7.400200690290334
82 18 7.80494753460309
82 19 8.103274609161595
82 20 8.319619547384114
82 21 8.472544926378026
82 22 8.57623146976549
82 23 8.641576086949604
82 24 8.677000910277512
82 25 8.68905171749832
83 1 -56.426784755159
83 2 -54.54099783519244
83 3 -49.5722414339952
83 4 -42.17197255331474
83 5 -33.59542743655654
83 6 -25.108291088348192
83 7 -17.55210750244338
83 8 -11.275098092657059
83 9 -6.282483769328521
83 10 -2.412801849334859
83 11 0.5435280747029726
83 12 2.785337623898705
83 13 4.479388556789985
83 14 5.757430086026461
83 15 6.72043451761633
83 16 7.44465416292031
83 17 7.987338304934053
83 18 8.391443297668166
83 19 8.689281583923297
83 20 8.905263722389082
83 21 9.057928426403448
83 22 9.161436234909226
83 23 9.226667383574753
83 24 9.262030424771044
83 25 9.27406017060996
84 1 -56.04173213062091
84 2 -54.14443034207748
84 3 -49.14751186442974
84 4 -41.71114985771163
84 5 -33.101521341711155
84 6 -24.590876660570903
84 7 -17.02147768505289
84 8 -10.739007860810759
84 9 -5.74562157976164
84 10 -1.8775159186706787
84 11 1.0763311368221826
84 12 3.315519949814904
84 13 5.0071684425093546
84 14 6.283157140387462
84 15 7.2444782329291675
84 16 7.967354648087925
84 17 8.508988776952032
84 18 8.912287691417736
84 19 9.20951865182943
84 20 9.425053360672528
84 21 9.577398244564545
84 22 9.68068753528014
84 23 9.745780276031713
84 24 9.781068057615137
84 25 9.793072164103798
85 1 -55.63282869608984
85 2 -53.72577654993935
85 3 -48.70519303797704
85 4 -41.239017463297
85 5 -32.602937431159276
85 6 -24.074640283098432
85 7 -16.496627381493962
85 8 -10.21206807554718
85 9 -5.22029126618948
85 10 -1.3554214775540978
85 11 1.594785966678269
85 12 3.8305417703398685
85 13 5.519211455083065
85 14 6.79273395196311
85 15 7.752072480013751
85 16 8.47338759409067
85 17 9.013812227104342
85 18 9.416188494783865
85 19 9.712727412402206
85 20 9.927753894234572
85 21 10.07973630698658
85 22 10.182778314416
85 23 10.247714582247534
85 24 10.28291733117691
85 25 10.294892476866716
86 1 -55.24010199510796
86 2 -53.32523685350622
86 3 -48.28581199448673
86 4 -40.79624646495298
86 5 -32.14000963003843
86 6 -23.599059989745903
86 7 -16.01584441219372
86 8 -9.731276954784772
86 9 -4.742273556733622
86 10 -0.8812402897897584
86 11 2.0650469489301897
86 12 4.297260304359151
86 13 5.9829277748808
86 14 7.254000262466106
86 15 8.211387689383054
86 16 8.931176083697586
86 17 9.47042328344961
86 18 9.871904203937461
86 19 10.1677730716187
86 20 10.382308269076326
86 21 10.533940690731262
86 22 10.63674411409922
86 23 10.701529489984594
86 24 10.736650263715372
86 25 10.748597493814449
87 1 -54.864457269558116
87 2 -52.94305919052251
87 3 -47.887947040780304
87 4 -40.37909814166831
87 5 -31.70657282761264
87 6 -23.155849341598973
87 7 -15.569193016786492
87 8 -9.285503373236745
87 9 -4.2996016035897355
87 10 -0.4424287673407757
87 11 2.500056090835466
87 12 4.728895137262745
87 13 6.411732619523994
87 14 7.680510800528318
87 15 8.636079106173202
87 16 9.354448341126123
87 17 9.892603382928888
87 18 10.293255059318295
87 19 10.58850402033218
87 20 10.802585051254026
87 21 10.953894101463762
87 22 11.056477169716965
87 23 11.121123216628636
87 24 11.156168307920806
87 25 11.168089767000152
88 1 -54.53903830563554
88 2 -52.61247055085397
88 3 -47.54496586175132
88 4 -40.020942242638306
88 5 -31.335696613212296
88 6 -22.777470988436843
88 7 -15.188344286602169
88 8 -8.905586229089579
88 9 -3.922342097633637
88 10 -0.06838924394867618
88 11 2.870956711526828
88 12 5.097025083498417
88 13 6.777546197896736
88 14 8.044450291990977
88 15 8.998534701306035
88 16 9.715747402622997
88 17 10.253013001046831
88 18 10.652989676716828
88 19 10.947734213026989
88 20 11.16144577625867
88 21 11.312491807988227
88 22 11.41489566919783
88 23 11.479428413704277
88 24 11.514411962804813
88 25 11.526312466168244
89 1 -54.20997457927909
89 2 -52.27846155344507
89 3 -47.199093579133155
89 4 -39.66051489584264
89 5 -30.963010722444086
89 6 -22.397464172795747
89 7 -14.805793717567067
89 8 -8.523735722088858
89 9 -3.5428532510563033
89 10 0.3081778110816529
89 11 3.2446534295644542
89 12 5.468178440598034
89 13 7.14656854830795
89 14 8.41174616143394
89 15 9.364462316348284
89 16 10.080607958716756
89 17 10.617052572773831
89 18 11.016406011805444
89 19 11.310684705339334
89 20 11.524055007608755
89 21 11.67485807436312
89 22 11.777096379549462
89 23 11.841524447241538
89 24 11.876451137540347
89 25 11.888332279499094
90 1 -53.900181207600376
90 2 -51.96413721057295
90 3 -46.873867264926865
90 4 -39.32181515733459
90 5 -30.612782474784627
90 6 -22.040084908638256
90 7 -14.445560221337628
90 8 -8.16361415611526
90 9 -3.1844118906396384
90 10 0.6643556379185177
90 11 3.598540276003376
90 12 5.820005379316728
90 13 7.496655037746249
90 14 8.760415184639562
90 15 9.712004087629914
90 16 10.42726853383863
90 17 10.963034035628802
90 18 11.361871327593322
90 19 11.655763896720575
90 20 11.868851166359468
90 21 12.019452638866914
90 22 12.12155353789514
90 23 12.18589471057959
90 24 12.220774195413794
90 25 12.232639262041221
91 1 -53.615918538991025
91 2 -51.675721325234434
91 3 -46.57541113751981
91 4 -39.01081102309932
91 5 -30.290789043753822
91 6 -21.710913714423192
91 7 -14.11304474925804
91 8 -7.830471416416575
91 9 -2.8521472219089126
91 10 0.9951085470156125
91 11 3.9276528383170115
91 12 6.147595373087317
91 13 7.822935736136946
91 14 9.08561797605135
91 15 10.036343592579238
91 16 10.750929942654496
91 17 11.286171101872052
91 18 11.68460892951496
91 19 11.97820215696748
91 20 12.19106974184183
91 21 12.341514607832819
91 22 12.443508702131613
91 23 12.507782306286929
91 24 12.542625076307324
91 25 12.554477638534669
92 1 -53.35328689194028
92 2 -51.40917812516114
92 3 -46.29935756056854
92 4 -38.72271246442517
92 5 -29.991858556137114
92 6 -21.404514760599966
92 7 -13.802671879448074
92 8 -7.518684490431779
92 9 -2.5404426940702534
92 10 1.3060210664826397
92 11 4.237535282860192
92 12 6.456452801153179
92 13 8.13087970432868
92 14 9.392793958811474
92 15 10.342896222114256
92 16 11.056988540198345
92 17 11.591845320610862
92 18 11.989989040151288
92 19 12.283361195939635
92 20 12.496066183346793
92 21 12.646394960990776
92 22 12.748309800696891
92 23 12.81253323118337
92 24 12.847348727063247
92 25 12.85919199818177
93 1 -53.10324199017929
93 2 -51.15527797218017
93 3 -46.03602489982435
93 4 -38.447262049119644
93 5 -29.705210968196358
93 6 -21.109742453503646
93 7 -13.503096363699429
93 8 -7.216831662309413
93 9 -2.23787330170374
93 10 1.6084858755138467
93 11 4.539535157329175
93 12 6.757879225435833
93 13 8.431747041304734
93 14 9.693168133729655
93 15 10.64285836476859
93 16 11.356617972411067
93 17 11.891212607234383
93 18 12.289153988957295
93 19 12.582373120606343
93 20 12.794965073816028
93 21 12.945212906698245
93 22 13.047072371405113
93 23 13.11126069885927
93 24 13.14605709768176
93 25 13.157893860527283
94 1 -52.884371840164356
94 2 -50.93287980281013
94 3 -45.804941035835725
94 4 -38.20486483928047
94 5 -29.452093210041035
94 6 -20.848496470555077
94 7 -13.236651647086019
94 8 -6.947503428183901
94 9 -1.967168291729474
94 10 1.8797056398299017
94 11 4.810826059470661
94 12 7.029039335659257
94 13 8.702703169558477
94 14 9.963910706675328
94 15 10.913406225044648
94 16 11.627000306754685
94 17 12.161460181459313
94 18 12.5592952538939
94 19 12.852432777541441
94 20 13.06496382470868
94 21 13.215167731273876
94 22 13.316997000922635
94 23 13.381166127612568
94 24 13.41595206128029
94 25 13.427785254134058
95 1 -52.66662704562137
95 2 -50.71143983986781
95 3 -45.57434929739883
95 4 -37.962196662433094
95 5 -29.19771711733286
95 6 -20.584906526463907
95 7 -12.966805826497094
95 8 -6.673831204395836
95 9 -1.6913275208437475
95 10 2.1567002843305256
95 11 5.088395049600258
95 12 7.306867734736819
95 13 8.980627370072197
95 14 10.241850319672158
95 15 11.191325243840963
95 16 11.90488564449288
95 17 12.439310061733513
95 18 12.83711305151246
95 19 13.13022382850088
95 20 13.342733834899745
95 21 13.492922034929464
95 22 13.594740262262512
95 23 13.658902266447678
95 24 13.693684285433973
95 25 13.705516137047882
96 1 -52.45853719403503
96 2 -50.49960719427244
96 3 -45.35319278825255
96 4 -37.728582963477365
96 5 -28.951769792481358
96 6 -20.328933528647006
96 7 -12.703694855105548
96 8 -6.406048184711782
96 9 -1.4206308774597183
96 10 2.429172136112985
96 11 5.361941575706168
96 12 7.581067816374852
96 13 9.255229501475975
96 14 10.516703683034207
96 15 11.466338411684914
96 16 12.1800023300235
96 17 12.714494958521646
96 18 13.112343540239221
96 19 13.405485080591463
96 20 13.61801588921106
96 21 13.768218029305004
96 22 13.870045348077738
96 23 13.934212931926249
96 24 13.968997926793234
96 25 13.980830781948882
97 1 -52.250764066324564
97 2 -50.28785279553164
97 3 -45.13146532640594
97 4 -37.493375534292454
97 5 -28.70296012038588
97 6 -20.068755289817464
97 7 -12.435110245239025
97 8 -6.131685999731156
97 9 -1.142442317849331
97 10 2.7098636576451907
97 11 5.644275660472346
97 12 7.864492949344087
97 13 9.539391197183756
97 14 10.801371204877224
97 15 11.751358839110114
97 16 12.465272210520846
97 17 12.99994280717925
97 18 13.397918934071214
97 19 13.691151762145381
97 20 13.903747328034175
97 21 14.05399451024106
97 22 14.155852023367691
97 23 14.22003849247627
97 24 14.254833678521099
97 25 14.266669992044665
98 1 -52.07599983462011
98 2 -50.109523145180184
98 3 -44.944160694029364
98 4 -37.29381773617046
98 5 -28.490839176686258
98 6 -19.8458969514627
98 7 -12.204081194516997
98 8 -5.894845336566697
98 9 -0.9016014018427817
98 10 2.953430768296572
98 11 5.889707470161157
98 12 8.111213844132537
98 13 9.787015145884597
98 14 11.04963614274215
98 15 12.000083941904643
98 16 12.714330488462899
98 17 13.249243507366302
98 18 13.64739612953756
98 19 13.940756844483142
98 20 14.153443984691407
98 21 14.303755304608526
98 22 14.405656025152252
98 23 14.469869607918719
98 24 14.504679454887533
98 25 14.516520748882236
99 1 -51.88965421066036
99 2 -49.91913090612141
99 3 -44.74353770996675
99 4 -37.079103197957515
99 5 -28.26147717486624
99 6 -19.603782123881526
99 7 -11.952039335406969
99 8 -5.635559212899098
99 9 -0.6371921095031573
99 10 3.2214267259090716
99 11 6.160219792589119
99 12 8.383506163349859
99 13 10.060579641396334
99 14 11.324119063629388
99 15 12.275235488312873
99 16 12.989971649901126
99 17 13.52524413141471
99 18 13.923660298842771
99 19 14.21721300302955
99 20 14.430038172577955
99 21 14.580446451325232
99 22 14.682412625115042
99 23 14.746667337994927
99 24 14.781499443484634
99 25 14.79334830228559
100 1 -51.71290123180677
100 2 -49.738282284256144
100 3 -44.552291872151514
100 4 -36.873418616187706
100 5 -28.040596367415763
100 6 -19.369453415967573
100 7 -11.70703972621374
100 8 -5.382609260433165
100 9 -0.3785010431142365
100 10 3.4842173854581566
100 11 6.425938499418424
100 12 8.651328419906497
100 13 10.329925044665195
100 14 11.59457590587403
100 15 12.54650847347927
100 16 13.261846365461752
100 17 13.797562982410552
100 18 14.196306113218427
100 19 14.490097748337327
100 20 14.703095094112795
100 21 14.853624521995561
100 22 14.955672575660435
100 23 15.019978781371059
100 24 15.054838766653521
100 25 15.066697103100408
101 1 -51.544086465442525
101 2 -49.565301442350425
101 3 -44.36869666994281
101 4 -36.67497728331467
101 5 -27.826362889796574
101 6 -19.141053876606282
101 7 -11.467224335054935
101 8 -5.134150328012406
101 9 -0.12370213278013541
101 10 3.743608686350308
101 11 6.688651028584076
101 12 8.916452227905012
101 13 10.596809989765276
101 14 11.86275493017481
101 15 12.81564301245706
101 16 13.531688438185512
101 17 14.067929028964116
101 18 14.467058883196463
101 19 14.761133663056428
101 20 14.97433533692642
101 21 15.125008685546238
101 22 15.227154079796172
101 23 15.29152153065378
101 24 15.326414685546302
101 25 15.338284299631637
102 1 -51.36927060747769
102 2 -49.385890351442214
102 3 -44.17753888881316
102 4 -36.46728261503054
102 5 -27.60090992016187
102 6 -18.899481919601627
102 7 -11.212491552281294
102 8 -4.869319836916613
102 9 0.14862798790408566
102 10 4.0214318975169325
102 11 6.970484692853505
102 12 9.201220464630888
102 13 10.883735170052352
102 14 12.151273011089387
102 15 13.105341891668822
102 16 13.82226434287868
102 17 14.359155952711061
102 18 14.75876715515029
102 19 15.053194833086463
102 20 15.266651424074169
102 21 15.41750445493815
102 22 15.51977143784012
102 23 15.584215415717049
102 24 15.619150025003966
102 25 15.631033735051139
103 1 -51.208466703169776
103 2 -49.22059220555017
103 3 -44.00071806044362
103 4 -36.27414671993281
103 5 -27.390108376916324
103 6 -18.672482879261278
103 7 -10.972122281089147
103 8 -4.618580862633275
103 9 0.4071454459240334
103 10 4.2856961946997645
103 11 7.238975211203661
103 12 9.472821729456752
103 13 11.157633648030886
103 14 12.426874263601885
103 15 13.382209026078984
103 16 14.100073784557363
103 17 14.63766605894714
103 18 15.03779598196341
103 19 15.332604323303451
103 20 15.54633608295409
103 21 15.697383170016911
103 22 15.799781515201943
103 23 15.864308191134056
103 24 15.899287604056711
103 25 15.91118655008962
104 1 -51.05988539810832
104 2 -49.06762035222937
104 3 -43.836461172632866
104 4 -36.09383425795799
104 5 -27.192292179083992
104 6 -18.45848579804073
104 7 -10.744652118672228
104 8 -4.380572931061967
104 9 0.6531181998725015
104 10 4.537591889311495
104 11 7.495250109028461
104 12 9.732333948330288
104 13 11.419544737237736
104 14 12.690568228456948
104 15 13.647231158641215
104 16 14.366086155632312
104 17 14.904415623161874
104 18 15.305091807509807
104 19 15.600301296306615
104 20 15.81432317743323
104 21 15.965574939865245
104 22 16.068111870747575
104 23 16.132725806762632
104 24 16.16775249968603
104 25 16.179667524689314
105 1 -50.9071618381677
105 2 -48.910138152045974
105 3 -43.66672054132669
105 4 -35.90657889759398
105 5 -26.985828071584738
105 6 -18.234139071054482
105 7 -10.50530528352094
105 8 -4.129411364517749
105 9 0.9132656661214772
105 10 4.804456977000225
105 11 7.767103419301545
105 12 10.007887497788078
105 13 11.697847589733037
105 14 12.970918686926618
105 15 13.929109459555264
105 16 14.649104972065642
105 17 15.188284304390425
105 18 15.589590685398056
105 19 15.88526320397847
105 20 16.099620091771303
105 21 16.25110826138957
105 22 16.35380529482317
105 23 16.418520051966695
105 24 16.4536013769177
105 25 16.46553498194417
106 1 -50.761520644124
106 2 -48.75972239546262
106 3 -43.50398057382797
106 4 -35.726162988184974
106 5 -26.78592368609669
106 6 -18.015979240391488
106 7 -10.271734829181744
106 8 -3.8836300059010864
106 9 1.1683831614861542
106 10 5.06658467319587
106 11 8.034455153231281
106 12 10.27912533145673
106 13 11.971979176970441
106 14 13.24720912733479
106 15 14.207012852006287
106 16 14.928213611519212
106 17 15.46829172169057
106 18 15.870264948410448
106 19 16.16642763186786
106 20 16.381139269319984
106 21 16.532877834487817
106 22 16.635744470354968
106 23 16.70056604202191
106 24 16.735705250266687
106 25 16.747658541713832
107 1 -50.61142630248145
107 2 -48.60446371606251
107 3 -43.33536742087584
107 4 -35.53833079008125
107 5 -26.576801889857744
107 6 -17.786806478898463
107 7 -10.025542090311255
107 8 -3.623881886520251
107 9 1.4385416071530734
107 10 5.344588799615086
107 11 8.318323286014685
107 12 10.567365822278619
107 13 12.263481416825254
107 14 13.541148157768966
107 15 14.502774436317969
107 16 15.225338171537267
107 17 15.766433307196328
107 18 16.1691614626916
107 19 16.465879247972648
107 20 16.680992734108543
107 21 16.83301499082367
107 22 16.936073806201303
107 23 17.001016421470094
107 24 17.03622122714973
107 25 17.04819682924984
108 1 -50.46402249026509
108 2 -48.45174797627402
108 3 -43.16889288448603
108 4 -35.35199405366232
108 5 -26.368370051171933
108 6 -17.557464501999107
108 7 -9.778364467128762
108 8 -3.3624357273592778
108 9 1.7109879569640227
108 10 5.625351618699811
108 11 8.605317690278117
108 12 10.859015850244182
108 13 12.558609820339058
108 14 13.838878239890018
108 15 14.802452141078527
108 16 15.526473375077213
108 17 16.068656627520117
108 18 16.472192794717557
108 19 16.769504885006917
108 20 16.985048690738502
108 21 17.137374784712595
108 22 17.24063944860655
108 23 17.305711725942746
108 24 17.340986802661444
108 25 17.352986305523448
109 1 -50.31662162005819
109 2 -48.29880076702756
109 3 -43.00155852468021
109 4 -35.163833241736256
109 5 -26.156954973392384
109 6 -17.32394926246469
109 7 -9.525919024854906
109 8 -3.094787931240647
109 9 1.9903942969236768
109 10 5.913671584182189
109 11 8.900330900188775
109 12 11.159037881320053
109 13 12.862378896188332
109 14 14.145452689984825
109 15 15.111128266503739
109 16 15.83672317399191
109 17 16.38008177716549
109 18 16.784491014067388
109 19 17.082445413774426
109 20 17.298454379210305
109 21 17.45110895148685
109 22 17.554596177628078
109 23 17.619808652990237
109 24 17.655159713433353
109 25 17.667185060561508
110 1 -50.17841916016905
110 2 -48.15519053862089
110 3 -42.84390254061276
110 4 -34.98579637363198
110 5 -25.956087981710095
110 6 -17.10130663185491
110 7 -9.284557322804257
110 8 -2.838344743975575
110 9 2.258534576035394
110 10 6.1906986890312705
110 11 9.184042891931453
110 12 11.447759292005385
110 13 13.154851744932765
110 14 14.440736461503352
110 15 15.408519158654466
110 16 16.1356925486164
110 17 16.680230506888215
110 18 17.085516018015053
110 19 17.384115210531863
110 20 17.60059120102488
110 21 17.753575602803632
110 22 17.85728632272987
110 23 17.922639589596013
110 24 17.958066957603105
110 25 17.97011825954928
111 1 -50.0377606188279
111 2 -48.00882942934739
111 3 -42.68271322273183
111 4 -34.80304573159881
111 5 -25.749117094798198
111 6 -16.871161818264795
111 7 -9.034430093391364
111 8 -2.572073688117172
111 9 2.5373558459708985
111 10 6.479072907783411
111 11 9.479613731527609
111 12 11.748729222039978
111 13 13.459868492149607
111 14 14.74878749452027
111 15 15.718845910664395
111 16 16.447724742175
111 17 16.99353728378884
111 18 17.399770031777088
111 19 17.69906634707746
111 20 17.91604732551439
111 21 18.069388398056855
111 22 18.173340813923613
111 23 18.23884634487529
111 24 18.27435624043855
111 25 18.286435613200197
112 1 -49.88967892824956
112 2 -47.854538024145114
112 3 -42.51225790849733
112 4 -34.60904127804794
112 5 -25.528590982848257
112 6 -16.62518696011928
112 7 -8.766449786654492
112 8 -2.2862706717153913
112 9 2.837043315336458
112 10 6.78934677738991
112 11 9.797873336736108
112 12 12.07298606842329
112 13 13.788624016285777
112 14 15.080918121363364
112 15 16.0535090164573
112 16 16.78428635783058
112 17 17.331518141277392
112 18 17.738805836650293
112 19 18.03887865636691
112 20 18.256422185220618
112 21 18.41016061475119
112 22 18.51438231155388
112 23 18.580057490559152
112 24 18.6156593377794
112 25 18.62776998721878
113 1 -49.75941167599062
113 2 -47.718643348992565
113 3 -42.36170172276239
113 4 -34.4370890949481
113 5 -25.33248859782739
113 6 -16.405854636956747
113 7 -8.526982869193866
113 8 -2.030461874791447
113 9 3.1056053919640583
113 10 7.067646526758768
113 11 10.083526721419418
113 12 12.364166700857554
113 13 14.083953475271677
113 14 15.379361752324252
113 15 16.354290217222353
113 16 17.086820449676576
113 17 17.63536289711923
113 18 18.043624988172038
113 19 18.344415106786972
113 20 18.562478339059055
113 21 18.71658388364902
113 22 18.821054377890185
113 23 18.886886304788366
113 24 18.92257311307995
113 25 18.93471266167759
114 1 -49.62370487049318
114 2 -47.576921225426744
114 3 -42.20429527583612
114 4 -34.25676133334418
114 5 -25.126240091696403
114 6 -16.17462140260967
114 7 -8.274050656019712
114 8 -1.7598868603769489
114 9 3.3899692387284035
114 10 7.362551155659729
114 11 10.386398802941594
114 12 12.673031639299886
114 13 14.397319164730906
114 14 15.69610716099564
114 15 16.67357331074232
114 16 17.408006943220037
114 17 17.957972844310188
114 18 18.367293323187642
114 19 18.668862647940305
114 20 18.887490477883986
114 21 19.041994871192113
114 22 19.146735678825234
114 23 19.212737913203803
114 24 19.24851703351746
114 25 19.26068798191812
115 1 -49.48360402616129
115 2 -47.43045906412964
115 3 -42.041234630533516
115 4 -34.06941127238383
115 5 -24.9113742002192
115 6 -15.93318266280439
115 7 -8.009491261111101
115 8 -1.4764983149775512
115 9 3.688093568431206
115 10 7.671952221598009
115 11 10.704330716306362
115 12 12.99738428778903
115 13 14.726496263678504
115 14 16.028908395165317
115 15 17.0090965144157
115 16 17.745572202675238
115 17 18.29706549419752
115 18 18.707521777032927
115 19 19.009927377273844
115 20 19.22916119556091
115 21 19.384093697154544
115 22 19.489124657802204
115 23 19.555309703283616
115 24 19.59118791426528
115 25 19.603392568457135
116 1 -49.33851132855631
116 2 -47.278630809882706
116 3 -41.87181967278803
116 4 -33.87422943703087
116 5 -24.68695609951201
116 6 -15.680481012233066
116 7 -7.732139354734424
116 8 -1.1790421146697352
116 9 4.001302577158917
116 10 7.997227897214699
116 11 11.03874167451416
116 12 13.338674867663741
116 13 15.07295836086276
116 14 16.379256636014233
116 15 17.362364244548008
116 16 18.101030585966598
116 17 18.65416264771786
116 18 19.0658376893454
116 19 19.369140714618414
116 20 19.589024869672745
116 21 19.744416829235487
116 22 19.849759199380383
116 23 19.91614045239402
116 24 19.952125016662848
116 25 19.964365847265775
117 1 -49.21044502367031
117 2 -47.144506640209116
117 3 -41.72186926521402
117 4 -33.70106740702784
117 5 -24.48742130309097
117 6 -15.455395189145491
117 7 -7.484753362432561
117 8 -0.9134460636993728
117 9 4.281181727308594
117 10 8.288056761766963
117 11 11.337865415376324
117 12 13.644048337801836
117 13 15.383031566174319
117 14 16.692862442007414
117 15 17.67862449426809
117 16 18.419282925259175
117 17 18.97390539405936
117 18 19.386688954816197
117 19 19.69080828470939
117 20 19.911284019608768
117 21 20.067093940327243
117 22 20.172719601275627
117 23 20.23927934813071
117 24 20.275360665008403
117 25 20.287634406497464
118 1 -49.07399954596981
118 2 -47.00150282972134
118 3 -41.56172331475674
118 4 -33.515757364338995
118 5 -24.273486683894085
118 6 -15.213692782231982
118 7 -7.218786821328897
118 8 -0.6276448484545026
118 9 4.582553793900247
118 10 8.601373959987745
118 11 11.660236379003948
118 12 13.973243590732585
118 13 15.717360206635526
118 14 17.031050546683378
118 15 18.019713166070545
118 16 18.76254868649749
118 17 19.31880013591667
118 18 19.732795373601036
118 19 20.037807022427852
118 20 20.258929451512262
118 21 20.415196285996192
118 22 20.521131645842548
118 23 20.587886528196066
118 24 20.62407361916062
118 25 20.63638334040047
119 1 -48.93483391433432
119 2 -46.85554982362755
119 3 -41.39802139464686
119 4 -33.325978993737564
119 5 -24.054013791527833
119 6 -14.965380494205059
119 7 -6.945245988777107
119 8 -0.3334610249213191
119 9 4.892955905932587
119 10 8.924225711524342
119 11 11.992528881772518
119 12 14.312654723530587
119 13 16.06212765090504
119 14 17.379845919095178
119 15 18.37153620336291
119 16 19.116644486336178
119 17 19.67459665834545
119 18 20.089857023092
119 19 20.39580040063945
119 20 20.61759811066778
119 21 20.7743420692886
119 22 20.880600832759516
119 23 20.947559488211006
119 24 20.983857036136904
119 25 20.99620433019415
120 1 -48.80287010168047
120 2 -46.71706926462771
120 3 -41.242492794159936
120 4 -33.14538547027561
120 5 -23.8448506477357
120 6 -14.728442208078427
120 7 -6.68398669679326
120 8 -0.05228462775461237
120 9 5.189791060136486
120 10 9.233087528066951
120 11 12.310514534001396
120 12 14.637522250610331
120 13 16.39217460838075
120 14 17.713788508777153
120 15 18.708407422875823
120 16 19.455714356842805
120 17 20.015311922989802
120 18 20.43179632942815
120 19 20.738641216952363
120 20 20.961092327472727
120 21 21.118297961071157
120 22 21.22486966144688
120 23 21.292025497117617
120 24 21.32842992896461
120 25 21.34081358057151
121 1 -48.66255237233084
121 2 -46.56974734457667
121 3 -41.07684111853832
121 4 -32.95276698613373
121 5 -23.6214688755166
121 6 -14.475125579938629
121 7 -6.404435495588951
121 8 0.248766698418095
121 9 5.507755980682217
121 10 9.564049117223222
121 11 12.651339492749655
121 12 14.985789000053767
121 13 16.746043393191496
121 14 18.071871465399344
121 15 19.069658866597965
121 16 19.81934474238166
121 17 20.380722749460393
121 18 20.798531730248968
121 19 21.10635220782063
121 20 21.329510430828247
121 21 21.48721570093465
121 22 21.59412607442303
121 23 21.661495308574267
121 24 21.69801541630016
121 25 21.7104384162464
122 1 -48.519966357742625
122 2 -46.41997581276759
122 3 -40.90825911646987
122 4 -32.756494453620796
122 5 -23.393583019833216
122 6 -14.216452192853234
122 7 -6.118759103509208
122 8 0.5565879964744495
122 9 5.83300777475683
122 10 9.90270063699268
122 11 13.000163703396948
122 12 15.34229035797705
122 13 17.108325087121944
122 14 18.438502101014898
122 15 19.4395596822593
122 16 20.19170105828575
122 17 20.75491691977741
122 18 21.174093252601878
122 19 21.482920862509975
122 20 21.706809078695095
122 21 21.865030161986617
122 22 21.972290178241728
122 23 22.039879724734146
122 24 22.076519256715105
122 25 22.088982880166473
123 1 -48.37183176004084
123 2 -46.264314454402786
123 3 -40.73288808790642
123 4 -32.55209353003948
123 5 -23.156016476626736
123 6 -13.946562151740492
123 7 -5.820498848167055
123 8 0.8781286191840764
123 9 6.172881775471103
123 10 10.256673998053623
123 11 13.364844144456985
123 12 15.715053108312521
123 13 17.487174297156272
123 14 18.82193117661238
123 15 19.826432924615666
123 16 20.581160637834223
123 17 21.14631238986742
123 18 21.56692907379643
123 19 21.876817617213607
123 20 22.10147484056163
123 21 22.260239313265252
123 22 22.367867668987905
123 23 22.43568931050174
123 24 22.47245465432984
123 25 22.484961074208467
124 1 -48.220449660234365
124 2 -46.10518641621113
124 3 -40.55347095076978
124 4 -32.34277845937252
124 5 -22.91252247229701
124 6 -13.669734513845325
124 7 -5.514395750380348
124 8 1.2082681461905793
124 9 6.521958580115772
124 10 10.620319740342639
124 11 13.739556577289973
124 12 16.098121037837277
124 13 17.876535401463794
124 14 19.21602825497831
124 15 20.224091885806303
124 16 20.981494513334738
124 17 21.5486485578183
124 18 21.9707550539017
124 19 22.28174099362555
124 20 22.507193670176033
124 21 22.666520227661067
124 22 22.77452959951972
124 23 22.842591325402815
124 24 22.87948681240402
124 25 22.89203750216604
125 1 -48.05495795331893
125 2 -45.93117562914613
125 3 -40.35714037848597
125 4 -32.11354268888721
125 5 -22.645647946078288
125 6 -13.366129205042684
125 7 -5.178512493423042
125 8 1.5706664115573707
125 9 6.905255498779256
125 10 11.01969974388001
125 11 14.151156479824335
125 12 16.518948878084664
125 13 18.304314519858135
125 14 19.64903917628913
125 15 20.661037920682478
125 16 21.421395934844565
125 17 21.99076232027
125 18 22.414514972750553
125 19 22.726713503146765
125 20 22.953045148632068
125 21 23.112992813337925
125 22 23.22142321437824
125 23 23.289750239139668
125 24 23.32678953795288
125 25 23.33938914726705
126 1 -47.876293658408144
126 2 -45.74326653028703
126 3 -40.145004419188425
126 4 -31.865674844917855
126 5 -22.35688563349671
126 6 -13.037435599519963
126 7 -4.814709150118669
126 8 1.9633246074528055
126 9 7.320665328949363
126 10 11.452623964985683
126 11 14.597391203058384
126 12 16.97523689706281
126 13 18.76817656388993
126 14 20.118602304234756
126 15 21.134889460496485
126 16 21.89846838389325
126 17 22.47024597901318
126 18 22.8957928198154
126 19 23.209313015670773
126 20 23.436602711756024
126 21 23.597227373795285
126 22 23.706116694192882
126 23 23.774732894861106
126 24 23.81192894917096
126 25 23.824581881114785
127 1 -47.68702773367318
127 2 -45.54416603515419
127 3 -39.92012597633954
127 4 -31.602762073439592
127 5 -22.050421487264597
127 6 -12.688423127475463
127 7 -4.428267165357916
127 8 2.3805412045775647
127 9 7.762155768062275
127 10 11.91280574538093
127 11 15.071780946095561
127 12 17.46035950780997
127 13 19.26138616607057
127 14 20.617899667865316
127 15 21.638766416168878
127 16 22.405785125784572
127 17 22.98013788531083
127 18 23.407600969722324
127 19 23.722532772113645
127 20 23.950845731666004
127 21 24.11219348133911
127 22 24.22157296843358
127 23 24.290498036316603
127 24 24.32786152085542
127 25 24.340571406695627
128 1 -47.45382060447054
128 2 -45.29879940473479
128 3 -39.6428807673878
128 4 -31.278463683294778
128 5 -21.672218645524385
128 6 -12.257530269389402
128 7 -3.9510008888787134
128 8 2.8959515715343183
128 9 8.307662859858866
128 10 12.481494030405203
128 11 15.658093667936924
128 12 18.0599879981933
128 13 19.871048980899022
128 14 21.23511683153202
128 15 22.261666807181477
128 16 23.03295446991215
128 17 23.610503261887786
128 18 24.04034465983664
128 19 24.357028490342497
128 20 24.58661150184228
128 21 24.74885674166688
128 22 24.858844624072077
128 23 24.92815306012589
128 24 24.965724360884195
128 25 24.978504938642928
129 1 -47.13880826725088
129 2 -44.96731677649249
129 3 -39.26820853560992
129 4 -30.840018001568104
129 5 -21.160676694891233
129 6 -11.67450042021645
129 7 -3.3050215792868967
129 8 3.5937318622252294
129 9 9.046329886981905
129 10 13.25166163930875
129 11 16.452215932730283
129 12 18.872211605730314
129 13 20.696914823407557
129 14 22.071254183688442
129 15 23.105532073757946
129 16 23.88262485723834
129 17 24.464519932352705
129 18 24.897595692230546
129 19 25.216662226083137
129 20 25.44797249579812
129 21 25.611438327319856
129 22 25.722253637345712
129 23 25.792083463142152
129 24 25.829937399754733
129 25 25.84281412066971
130 1 -45.25854982381668
130 2 -42.988701047053375
130 3 -37.03155214890936
130 4 -28.222019103574674
130 5 -18.10511398713104
130 6 -8.190508942193013
130 7 0.556633618352147
130 8 7.766452517699715
130 9 13.46475951187255
130 10 17.859505030531846
130 11 21.204164060483187
130 12 23.7330897403105
130 13 25.639910217080747
130 14 27.076089337517967
130 15 28.156900066451776
130 16 28.968951644212147
130 17 29.5770224723145
130 18 30.029578578154524
130 19 30.36299663363888
130 20 30.60471089103192
130 21 30.775529026368066
130 22 30.89132847757193
130 23 30.964299011859428
130 24 31.00385548068901
130 25 31.017311347737646
