1 1 -0.2769645489591281
1 2 -0.29002703252176704
1 3 -0.32830129322578294
1 4 -0.39850276135379564
1 5 -0.5088663510477395
1 6 -0.66938495146005
1 7 -0.8920048942943934
1 8 -1.1907051512565074
1 9 -1.5813414089931848
1 10 -2.0810787464713463
1 11 -2.7071799416990667
1 12 -3.474893566080989
1 13 -4.394260069599744
1 14 -5.465913257604957
1 15 -6.676466964233014
1 16 -7.994782183612752
1 17 -9.37098730575304
1 18 -10.739997319386578
1 19 -12.029975900375309
1 20 -13.17397460681075
1 21 -14.121116897186987
1 22 -14.843593813039508
1 23 -15.337644330804787
1 24 -15.619314955869166
1 25 -15.717485566736624
2 1 0.5035086672740009
2 2 0.501816258660902
2 3 0.4968649323200534
2 4 0.4877587311437841
2 5 0.4733646576564875
2 6 0.45224985597521655
2 7 0.4226043736435462
2 8 0.3821488862528193
2 9 0.3280297307262098
2 10 0.2567098392592877
2 11 0.1638761134800973
2 12 0.04440483506926449
2 13 -0.10753947055764185
2 14 -0.2981488886253136
2 15 -0.5331869103635763
2 16 -0.8165813202737476
2 17 -1.148299000969905
2 18 -1.5217333286728187
2 19 -1.9214480203695763
2 20 -2.3227826379492083
2 21 -2.69483140743164
2 22 -3.006917263031431
2 23 -3.2362916994168045
2 24 -3.3733943485641036
2 25 -3.4222891182053248
3 1 0.9438596760103651
3 2 0.9638557297511823
3 3 1.0226215334764894
3 4 1.1309125707548198
3 5 1.30244494980142
3 6 1.5547590943745992
3 7 1.910337010666449
3 8 2.3980341454771748
3 9 3.0548836373443824
3 10 3.9283032881399698
3 11 5.078655018653922
3 12 6.581919101157091
3 13 8.531858322110523
3 14 11.040320291448667
3 15 14.23310190062161
3 16 18.23705988048506
3 17 23.152466446400474
3 18 29.005020971296666
3 19 35.678752672502306
3 20 42.84908207205
3 21 49.961066121361924
3 22 56.30672506277099
3 23 61.211000490139504
3 24 64.2463675655275
3 25 65.34909526622216
4 1 1.1293588566835744
4 2 1.1700653033951556
4 3 1.289646051247281
4 4 1.5098692863285723
4 5 1.8583592470226902
4 6 2.370213984047943
4 7 3.0900396278381868
4 8 4.074458924737259
4 9 5.395104065118623
4 10 7.14198569501894
4 11 9.426879592099663
4 12 12.385890598974283
4 13 16.179502943932786
4 14 20.987075096375158
4 15 26.990922649855776
4 16 34.34347129739733
4 17 43.11137830902023
4 18 53.19684887105934
4 19 64.25299564025984
4 20 75.6354805881359
4 21 86.4488846145961
4 22 95.72051154768734
4 23 102.65557371030752
4 24 106.85117953216692
4 25 108.3575252974653
5 1 1.2433930152572905
5 2 1.3123729465779508
5 3 1.5148274619831035
5 4 1.8869960820582101
5 5 2.4741525685384738
5 6 3.3326326094409433
5 7 4.532090869553423
5 8 6.157804930577792
5 9 8.312630639020416
5 10 11.117860710273217
5 11 14.711702385261747
5 12 19.243370041360794
5 13 24.860021229280292
5 14 31.683387188365863
5 15 39.773888710725984
5 16 49.08367720334365
5 17 59.40748406924122
5 18 70.35014680453558
5 19 81.33616840004457
5 20 91.67975157833925
5 21 100.70826446981405
5 22 107.8993233627051
5 23 112.977072366134
5 24 115.93261620215797
5 25 116.97323263758011
6 1 1.2723491510506912
6 2 1.3755323929845513
6 3 1.677929472585965
6 4 2.2321251357906524
6 5 3.1020260387320606
6 6 4.364235553761342
6 7 6.108813512423582
6 8 8.43875309564762
6 9 11.467175746173725
6 10 15.310898897324359
6 11 20.078831889961496
6 12 25.85392096008151
6 13 32.6685662519991
6 14 40.47601343251261
6 15 49.124094373019695
6 16 58.34152803882319
6 17 67.74794656246992
6 18 76.89379809769898
6 19 85.3250628561221
6 20 92.65535316454505
6 21 98.62261930408474
6 22 103.11389333086609
6 23 106.15549183671227
6 24 107.87890272815125
6 25 108.4777129009377
7 1 1.2324785285344209
7 2 1.3703082061260339
7 3 1.7735360045197237
7 4 2.5098109558600776
7 5 3.6584969369506997
7 6 5.3101476178886475
7 7 7.564101474790611
7 8 10.523199471639693
7 9 14.284552240191553
7 10 18.92557005866667
7 11 24.485403483451073
7 12 30.943735249548553
7 13 38.20134955810211
7 14 46.069188932470844
7 15 54.273038975551714
7 16 62.47793820404929
7 17 70.32987307005394
7 18 77.50496053681515
7 19 83.75242198533336
7 20 88.91993058980758
7 21 92.95710085215005
7 22 95.90069856421248
7 23 97.84969420494629
7 24 98.93851418083646
7 25 99.31424716572882
8 1 1.1463042761067828
8 2 1.3195188242654943
8 3 1.8252657072486753
8 4 2.744913027160943
8 5 4.169902698702816
8 6 6.198212319022486
8 7 8.927628926496697
8 8 12.445018931238199
8 9 16.811383307709093
8 10 22.043765183110203
8 11 28.09699762036406
8 12 34.850307302397226
8 13 42.10477309899189
8 14 49.596224307848686
8 15 57.023848412224886
8 16 64.08892919487316
8 17 70.53374658090857
8 18 76.17042496456264
8 19 80.89364026681851
8 20 84.67712221948624
8 21 87.55863198456584
8 22 89.61983823480844
8 23 90.96657924123386
8 24 91.71279869873739
8 25 91.96929347887338
9 1 1.0619227876337485
9 2 1.2612312537471813
9 3 1.8422660963889312
9 4 2.8953971440527115
9 5 4.518561248345867
9 6 6.810977857527477
9 7 9.862935732388069
9 8 13.74141034557597
9 9 18.472511223246094
9 10 24.023616412272844
9 11 30.289997960173608
9 12 37.09166680292454
9 13 44.1847984040222
9 14 51.28801771570056
9 15 58.11836151963377
9 16 64.42769271020727
9 17 70.03013760087501
9 18 74.81488426036658
9 19 78.74414473725467
9 20 81.84038818562811
9 21 84.16857714110324
9 22 85.81837288339777
9 23 86.8893609166549
9 24 87.48044228286366
9 25 87.6832280912303
10 1 1.0005275731093652
10 2 1.2165694487367222
10 3 1.8457412279835146
10 4 2.9836803583233946
10 5 4.7314234635761565
10 6 7.187193296238869
10 7 10.433954749903679
10 8 14.523069492726767
10 9 19.456007217422616
10 10 25.168102277941298
10 11 31.5198937947944
10 12 38.30135040477608
10 13 45.25133288014883
10 14 52.08953164819885
10 15 58.55315609378501
10 16 64.42867427336857
10 17 69.57110921690965
10 18 73.90839252791176
10 19 77.43322418262953
10 20 80.18762144840575
10 21 82.2454667133284
10 22 83.69684060731524
10 23 84.6359964595748
10 24 85.15330394479437
10 25 85.3306140019875
11 1 0.9600305220157842
11 2 1.1864410353483632
11 3 1.8453832495308309
11 4 3.0355597588957584
11 5 4.859515744804086
11 6 7.414183150223456
11 7 10.77709066165388
11 8 14.988995872871834
11 9 20.035535681764042
11 10 25.83252463229654
11 11 32.220672576111745
11 12 38.97442481768012
11 13 45.825793772511574
11 14 52.49863746725872
11 15 58.74458094102699
11 16 64.37118731354853
11 17 69.2563867817527
11 18 73.34845023271211
11 19 76.65512765431025
11 20 79.22736763391308
11 21 81.14247014149667
11 22 82.48976413819489
11 23 83.36007580118891
11 24 83.83896147531075
11 25 84.00302063362324
12 1 0.9286491105574511
12 2 1.1628084617363759
12 3 1.843970472911766
12 4 3.073028968968639
12 5 4.953452813664433
12 6 7.5808832645314235
12 7 11.028366375409668
12 8 15.328329663877854
12 9 20.454387925620253
12 10 26.308040954937837
12 11 32.71608805672271
12 12 39.44286399222911
12 13 46.21698328540042
12 14 52.766819820463894
12 15 58.85536366723756
12 16 64.3055350275006
12 17 69.01115408868898
12 18 72.93405769205542
12 19 76.09164567397244
12 20 78.54028828239557
12 21 80.35905561478656
12 22 81.63637741356357
12 23 82.46052552357479
12 24 82.9136878273057
12 25 83.06888213723882
13 1 0.90615883961835
13 2 1.1457396677936778
13 3 1.8424331271792942
13 4 3.098615548679406
13 5 5.018299270545764
13 6 7.6960603329148425
13 7 11.201604655070025
13 8 15.561344781261452
13 9 20.740416659693
13 10 26.630473930071645
13 11 33.04905867313954
13 12 39.75416420263211
13 13 46.47282822518028
13 14 52.93718975440697
13 15 58.91839012280185
13 16 64.24983174329047
13 17 68.83583793022265
13 18 72.64697307104849
13 19 75.70667156297664
13 20 78.07455331099757
13 21 79.83059978665564
13 22 81.06248221476287
13 23 81.8567040961672
13 24 82.2932083313913
13 25 82.4426647609315
14 1 0.8878665941953784
14 2 1.1317839231631093
14 3 1.8408918906266942
14 4 3.11872267269939
14 5 5.069662793279546
14 6 7.787341750935309
14 7 11.338677207751171
14 8 15.745167970491615
14 9 20.965139813262052
14 10 26.88248263661486
14 11 33.3076192195522
14 12 39.99389166605447
14 13 46.66751883947148
14 14 53.06396716428032
14 15 58.96097814396927
14 16 64.20016512205213
14 17 68.6938964996976
14 18 72.41929361670823
14 19 75.40423076759458
14 20 77.71064075457421
14 21 79.41906668381978
14 22 80.61651146806435
14 23 81.38808024624463
14 24 81.81198412578473
14 25 81.95710186281578
15 1 0.872649833518158
15 2 1.1201284064479957
15 3 1.8394256875436188
15 4 3.1350031467630113
15 5 5.111514570721076
15 6 7.861750145327317
15 7 11.450262391006005
15 8 15.894450727210579
15 9 21.14703521884764
15 10 27.085609721109456
15 11 33.514941205716354
15 12 40.18482503737614
15 13 46.82108589796232
15 14 53.16211236236825
15 15 58.99110236934688
15 16 64.15628981334561
15 17 68.5764181458836
15 18 72.23372565691399
15 19 75.15949323649647
15 20 77.41737893463629
15 21 79.08828760985172
15 22 80.25863891034487
15 23 81.01240226450979
15 24 81.42640782051781
15 25 81.56811817382521
16 1 0.8594717052828084
16 2 1.1100025799842328
16 3 1.838028841459959
16 4 3.1487941586586263
16 5 5.147152778870102
16 6 7.925131519768588
16 7 11.545202925712077
16 8 16.021209198679713
16 9 21.301059686432097
16 10 27.257012087555538
16 11 33.689123089976555
16 12 40.34433980977363
16 13 46.948339700233454
16 14 53.24214065536155
16 15 59.01363410018149
16 16 64.11663700710632
16 17 68.4751936651311
16 18 72.0757438723495
16 19 74.95232610843678
16 20 77.16996090947859
16 21 78.80979806371664
16 22 79.95773599739076
16 23 80.69678077217596
16 24 81.10260777076668
16 25 81.24150336067814
17 1 0.8490519686921639
17 2 1.1019763515492085
17 3 1.8368448814359706
17 4 3.1595053778981437
17 5 5.174950876524418
17 6 7.974581435285655
17 7 11.619205090733171
17 8 16.119847609143182
17 9 21.42064363543397
17 10 27.389706682745526
17 11 33.82348847857423
17 12 40.46682403967497
17 13 47.04539371612183
17 14 53.30235207254459
17 15 59.02927739118708
17 16 64.08430422364235
17 17 68.39553005671075
17 18 71.95257458826171
17 19 74.79153891594244
17 20 76.97844131921012
17 21 78.59458467071659
17 22 79.72544654495057
17 23 80.45328447412912
17 24 80.85288653009954
17 25 80.98964009190776
18 1 0.8392187483528528
18 2 1.0943864544662523
18 3 1.8356657719517149
18 4 3.1694634054585147
18 5 5.200887827530881
18 6 8.020729374191227
18 7 11.688209755936214
18 8 16.2116943001639
18 9 21.53177904825394
18 10 27.512726389125287
18 11 33.94768003184295
18 12 40.579590681079175
18 13 47.13423267973215
18 14 53.35681918907002
18 15 59.04238626017222
18 16 64.05306598309336
18 17 68.32067337995873
18 18 71.83771968110881
18 19 74.64216275429895
18 20 76.8009024271995
18 21 78.39535589670325
18 22 79.51059763795374
18 23 80.22818938625974
18 24 80.62210183735563
18 25 80.75689786499333
19 1 0.8309447358538251
19 2 1.0879888220137404
19 3 1.8346287070456362
19 4 3.177733097745699
19 5 5.222496168711229
19 6 8.059181814601578
19 7 11.745665659508758
19 8 16.288072866312863
19 9 21.624039796726404
19 10 27.61463273687132
19 11 34.050280996316395
19 12 40.67242894734473
19 13 47.20699542332485
19 14 53.40095479771366
19 15 59.0522352816362
19 16 64.02627564784756
19 17 68.2579407576628
19 18 71.74209607863645
19 19 74.51819768255477
19 20 76.65384460706142
19 21 78.23052916711882
19 22 79.3329828422685
19 23 80.04218980603893
19 24 80.43144749863488
19 25 80.56464223654206
20 1 0.8242152972276174
20 2 1.082778138992148
20 3 1.8337558386188706
20 4 3.184387406261611
20 5 5.239929161975041
20 6 8.090207985047261
20 7 11.79199729463026
20 8 16.349599399373055
20 9 21.698255525536503
20 10 27.696462045500343
20 11 34.13248620498873
20 12 40.746599072658036
20 13 47.26487925787241
20 14 53.43575164428738
20 15 59.05948443983829
20 16 64.00416797482167
20 17 68.20709639617867
20 18 71.66499876224337
20 19 74.41850829961228
20 20 76.53576548165772
20 21 78.09831038404973
20 22 79.19059329946117
20 23 79.89313394034812
20 24 80.27869165959292
20 25 80.41061369396874
21 1 0.817932148094081
21 2 1.077907221691404
21 3 1.832917629098912
21 4 3.190543786422481
21 5 5.256094014313558
21 6 8.118980114901023
21 7 11.834940545568378
21 8 16.406575063300565
21 9 21.76689836592617
21 10 27.77203103441012
21 11 34.20825794467095
21 12 40.814795613912395
21 13 47.317904844295505
21 14 53.46737849193761
21 15 59.06565927714822
21 16 63.98328298763984
21 17 68.15977147969717
21 18 71.59355366737704
21 19 74.32632959145876
21 20 76.4267241263627
21 21 77.97631170907563
21 22 79.05927851864665
21 23 79.75571485281878
21 24 80.13788514826227
21 25 80.26864208938323
22 1 0.8123748669861475
22 2 1.073594453295126
22 3 1.8321579517952062
22 4 3.1959443029515895
22 5 5.270303038674807
22 6 8.144273249727878
22 7 11.872673381650788
22 8 16.456596940878924
22 9 21.82709718710078
22 10 27.83821227499923
22 11 34.27450251350478
22 12 40.87428394214407
22 13 47.36400425936309
22 14 53.494676593140085
22 15 59.07065843660487
22 16 63.96462444986823
22 17 68.1180349567794
22 18 71.53079091149364
22 19 74.24551077438913
22 20 76.33123148312345
22 21 77.86955000779092
22 22 78.94441780503858
22 23 79.63554875642853
22 24 80.01477544945323
22 25 80.14452002645305
23 1 0.80694077859529
23 2 1.0693732231449469
23 3 1.8313988210622507
23 4 3.201185339273483
23 5 5.28411832068971
23 6 8.168867403950054
23 7 11.909347307126732
23 8 16.50517839349005
23 9 21.885503114696384
23 10 27.90234037932924
23 11 34.338589931240996
23 12 40.931715985358736
23 13 47.408371700121876
23 14 53.52077227504505
23 15 59.07513960343731
23 16 63.94621818742994
23 17 68.07733547069878
23 18 71.46980398900378
23 19 74.16711810307945
23 20 76.23870332016514
23 21 77.76617181303851
23 22 78.83324461825158
23 23 79.51927060004036
23 24 79.89566530824034
23 25 80.0244359774292
24 1 0.8018226676923924
24 2 1.065393835730426
24 3 1.8306693602486297
24 4 3.2060862897413505
24 5 5.297060252295008
24 6 8.191908449188002
24 7 11.943690768826173
24 8 16.550639891875047
24 9 21.940105040370067
24 10 27.962218563379277
24 11 34.39833920408774
24 12 40.98515435161904
24 13 47.44953066256615
24 14 53.54482308219061
24 15 59.0790021804769
24 16 63.928742596490515
24 17 68.03910513225583
24 18 71.41270724427625
24 19 74.09384876887707
24 20 76.15230861490028
24 21 77.66970734088903
24 22 78.72954823963134
24 23 79.41083912508728
24 24 79.78460740609407
24 25 79.91247491825591
25 1 0.7971332059441933
25 2 1.0617447053362423
25 3 1.8299888740791952
25 4 3.2105471745985277
25 5 5.308859572035109
25 6 8.212916586647793
25 7 11.974991812122541
25 8 16.59204634263316
25 9 21.98979187000587
25 10 28.01664510095583
25 11 34.452572196935655
25 12 41.03357009450658
25 13 47.48671765820182
25 14 53.566420236126184
25 15 59.08224428211977
25 16 63.91261660078179
25 17 68.00416509288434
25 18 71.36068236760325
25 19 74.02719010041913
25 20 76.07378061457626
25 21 77.58207728798259
25 22 78.63538336203689
25 23 79.31239648285887
25 24 79.68379231267281
25 25 79.8108440532713
26 1 0.7926204052413363
26 2 1.0582303587505641
26 3 1.829323250136437
26 4 3.2148136805941236
26 5 5.3201621492261815
26 6 8.233041442768169
26 7 12.004965762666732
26 8 16.631672444757285
26 9 22.037302321165946
26 10 28.068632672756962
26 11 34.50430682356752
26 12 41.07967620097683
26 13 47.52203850911046
26 14 53.58681517235989
26 15 59.08510259735621
26 16 63.89699914514719
26 17 67.97062204253042
26 18 71.31087666470317
26 19 73.96346507519911
26 20 75.99877208468246
26 21 77.49841954589358
26 22 78.54551775115
26 23 79.21846794306121
26 24 79.58761073964132
26 25 79.7138878147575
27 1 0.7883346319790421
27 2 1.0548904069577643
27 3 1.8286814712177992
27 4 3.218841977531198
27 5 5.3308493292317
27 6 8.252071544264268
27 7 12.033299202003802
27 8 16.669107407266953
27 9 22.08214968406039
27 10 28.117656817430536
27 11 34.55303137122826
27 12 41.12302866780914
27 13 47.55516722674593
27 14 53.60583796652267
27 15 59.08758493151253
27 16 63.88208080305602
27 17 67.93884045112331
27 18 71.2638098988224
27 19 73.90332471182555
27 20 75.92803940850295
27 21 77.41957067126543
27 22 78.46084520266531
27 23 79.12998462918036
27 24 79.49701446508789
27 25 79.62256507518596
28 1 0.7840080614845167
28 2 1.051516320682843
28 3 1.828024189323649
28 4 3.222885642917566
28 5 5.341592606693591
28 6 8.27120247370104
28 7 12.06177294265439
28 8 16.706705816878152
28 9 22.12715762811873
28 10 28.166808213327535
28 11 34.60182275352789
28 12 41.1663712746902
28 13 47.588207767281794
28 14 53.624706140444395
28 15 59.08986650928052
28 16 63.86693798267221
28 17 67.90683005895326
28 18 71.21652366212777
28 19 73.84298165370721
28 20 75.85712305853593
28 21 77.34055577926684
28 22 78.37602088058469
28 23 79.04135955287192
28 24 79.40628220994199
28 25 79.53110838053561
29 1 0.7799320577769417
29 2 1.0483355173952924
29 3 1.8273964541963907
29 4 3.2266742794461893
29 5 5.351672281427449
29 6 8.289152526882974
29 7 12.088480128469488
29 8 16.741951557310514
29 9 22.169317162459482
29 10 28.21280503807847
29 11 34.647428466929455
29 12 41.20682101023208
29 13 47.61896978938245
29 14 53.642178514978056
29 15 59.09181407840023
29 16 63.852598979136765
29 17 67.8767417865507
29 18 71.17218425799621
29 19 73.78646920875552
29 20 75.79075788472478
29 21 77.26664674595374
29 22 78.2967017304945
29 23 78.95850151561896
29 24 79.32146238330606
29 25 79.4456141325234
30 1 0.7762646709141978
30 2 1.0454718507479555
30 3 1.8268246748693493
30 4 3.2300660341060414
30 5 5.360707534105121
30 6 8.30524331004023
30 7 12.112413560822446
30 8 16.773520270156872
30 9 22.207051985073033
30 10 28.25393833208787
30 11 34.688167528134315
30 12 41.242902666690696
30 13 47.64634980946036
30 14 53.65765221616694
30 15 59.09340237677662
30 16 63.8396388164464
30 17 67.84972684450132
30 18 71.13246120672754
30 19 73.73589758047055
30 20 75.73140950650756
30 21 77.20058059704525
30 22 78.22581904869192
30 23 78.8844687283137
30 24 79.24568349706604
30 25 79.36923500215046
31 1 0.7726272036642837
31 2 1.0426299411497342
31 3 1.8262511117931675
31 4 3.23341432563541
31 5 5.36963766720113
31 6 8.321147473665453
31 7 12.136062502486073
31 8 16.804698414138382
31 9 22.244295440710648
31 10 28.294502538189647
31 11 34.728301752511506
31 12 41.27840083358689
31 13 47.673231426053505
31 14 53.672772137848135
31 15 59.09482713401877
31 16 63.82673125892737
31 17 67.82298594467865
31 18 71.09322135553244
31 19 73.68599362602998
31 20 75.6728816935471
31 21 77.13545410516228
31 22 78.15596246621043
31 23 78.81151903783523
31 24 79.17101945588574
31 25 79.29398165589511
32 1 0.7690497982377902
32 2 1.039833415383461
32 3 1.825680825775397
32 4 3.2366921567663662
32 5 5.37839015695742
32 6 8.336735809392305
32 7 12.159235130152556
32 8 16.83523380783914
32 9 22.280747473805043
32 10 28.33417252330061
32 11 34.767511590523334
32 12 41.31303543078948
32 13 47.69940558745489
32 14 53.687424686445645
32 15 59.09608471931593
32 16 63.813986793840456
32 17 67.79673897450681
32 18 71.05478289689809
32 19 73.63715904450896
32 20 75.61564344486064
32 21 77.07178763264666
32 22 78.08768909568248
32 23 78.74023355854247
32 24 79.09806466694997
32 25 79.2204530686783
33 1 0.7656459423250697
33 2 1.0371711528756031
33 3 1.8251325655548545
33 4 3.2397971487665154
33 5 5.386690527284128
33 6 8.351519395700477
33 7 12.181205333277246
33 8 16.86417118666208
33 9 22.315270251474264
33 10 28.371713507800145
33 11 34.804580956960024
33 12 41.34573741336948
33 13 47.72407043930674
33 14 53.70116887497316
33 15 59.09715135235531
33 16 63.80181590370547
33 17 67.77181377513307
33 18 71.01834949573127
33 19 73.5909173021719
33 20 75.56147631640097
33 21 77.01155991633298
33 22 78.02311886405593
33 23 78.67282447704872
33 24 79.02908242903779
33 25 79.15093010530786
34 1 0.7621699108374441
34 2 1.0344510422972983
34 3 1.8245670641281015
34 4 3.2429542115837195
34 5 5.395139485464037
34 6 8.366568094520403
34 7 12.203563374330804
34 8 16.89360584968597
34 9 22.350364709037887
34 10 28.409846772822863
34 11 34.84219909581404
34 12 41.37888174600201
34 13 47.74902029049656
34 14 53.715008547174584
34 15 59.09811207046473
34 16 63.789343292202446
34 17 67.74640904434774
34 18 70.9812837885908
34 19 73.5439181122679
34 20 75.50645373929137
34 21 76.95040357380721
34 22 77.95756847294604
34 23 78.60440194109508
34 24 78.959068417814
34 25 79.0803690935157
35 1 0.7585898150290933
35 2 1.0316480378739588
35 3 1.8239787634680527
35 4 3.2461913952793067
35 5 5.403812713154763
35 6 8.382016718601397
35 7 12.2265091158671
35 8 16.923800004206587
35 9 22.386342052368946
35 10 28.44890859096332
35 11 34.880695491337626
35 12 41.4127561925666
35 13 47.77446885944142
35 14 53.72905850102233
35 15 59.09896809665695
35 16 63.776452542185886
35 17 67.72029571106069
35 18 70.94325553306416
35 19 73.49574531294496
35 20 75.45009031268708
35 21 76.88778036065129
35 22 77.89046186702208
35 23 78.53436519985961
35 24 78.88740820495859
35 25 79.00815090498153
36 1 0.7554257950391288
36 2 1.0291695759804949
36 3 1.8234539276232018
36 4 3.2490403180356693
36 5 5.411453956874516
36 6 8.395627570166464
36 7 12.246719776716738
36 8 16.95038313445436
36 9 22.41799774067469
36 10 28.48325244153803
36 11 34.91451059546676
36 12 41.44247481868638
36 13 47.79675271852965
36 14 53.74130560343764
36 15 59.0996137818321
36 16 63.76502325881212
36 17 67.69726130078573
36 18 70.90977032616088
36 19 73.45336651850617
36 20 75.40053359336325
36 21 76.83273934658142
36 22 77.83149365944445
36 23 78.47283070225026
36 24 78.82445194134691
36 25 78.94470600895164
37 1 0.7518456841555708
37 2 1.026363812600906
37 3 1.8228545770650086
37 4 3.25225040871388
37 5 5.420073194759696
37 6 8.41098087266302
37 7 12.269511648247722
37 8 16.98034789398897
37 9 22.453658987695274
37 10 28.52191303766561
37 11 34.95254052975552
37 12 41.47585668413721
37 13 47.82173562170617
37 14 53.75497362559154
37 15 59.100221045045124
37 16 63.752050665676464
37 17 67.6712477262467
37 18 70.87202030629005
37 19 73.40563370289087
37 20 75.34474675704259
37 21 76.77080052692358
37 22 77.76515039017124
37 23 78.40360964944955
37 24 78.7536366761824
37 25 78.87334286554851
38 1 0.7482955997439735
38 2 1.0235801637675357
38 3 1.822254551146927
38 4 3.2554195779704265
38 5 5.428592226595443
38 6 8.426156093885062
38 7 12.292032742923219
38 8 17.009942645917665
38 9 22.488857658487408
38 10 28.56004203077548
38 11 34.9900106890463
38 12 41.508704618528064
38 13 47.84626932714307
38 14 53.76833091750073
38 15 59.10069606369947
38 16 63.739145903720434
38 17 67.6455049433833
38 18 70.8347313598727
38 19 73.35852883912726
38 20 75.28972559485344
38 21 76.70973432381551
38 22 77.69975719034488
38 23 78.33538966121904
38 24 78.68385085532071
38 25 78.80301894077371
39 1 0.7448690451152398
39 2 1.0208920511711037
39 3 1.8216700747557877
39 4 3.258465384573479
39 5 5.436788717826119
39 6 8.440757136002203
39 7 12.31369567776179
39 8 17.038396538393215
39 9 22.522678594286457
39 10 28.596650370148293
39 11 35.02595198134571
39 12 41.54017245318667
39 13 47.86972583413403
39 14 53.78104083302788
39 15 59.10103650948507
39 16 63.726652675322285
39 17 67.6207077604132
39 18 70.7988754275115
39 19 73.31327603520111
39 20 75.23689730952334
39 21 76.65112287197117
39 22 77.6370070143588
39 23 78.26993605450645
39 24 78.61689986753096
39 25 78.73555339230977
40 1 0.7411065615453445
40 2 1.0179389218016397
40 3 1.8210223317349978
40 4 3.261795135337634
40 5 5.44575951389934
40 6 8.456737907941005
40 7 12.337398852710178
40 8 17.069515448532915
40 9 22.559643809084598
40 10 28.636630460020584
40 11 35.06516492071295
40 12 41.57446009834826
40 13 47.89523224074668
40 14 53.79479313382716
40 15 59.101279068187
40 16 63.7128935488431
40 17 67.59353610307716
40 18 70.75965653096816
40 19 73.26382552481462
40 20 75.17920156158284
40 21 76.58713446265288
40 22 77.56851617747323
40 23 78.19850461540692
40 24 78.54383981624656
40 25 78.66193370583494
41 1 0.7372614358568921
41 2 1.0149193419963098
41 3 1.820353978013259
41 4 3.265182336137899
41 5 5.454896029107506
41 6 8.473014306392216
41 7 12.361533178941215
41 8 17.10118448647262
41 9 22.59723735908549
41 10 28.677256169823284
41 11 35.10496966533056
41 12 41.60921742879606
41 13 47.921032330188254
41 14 53.80863045837853
41 15 59.10138749904705
41 16 63.69878920406811
41 17 67.56582897045479
41 18 70.71973966842452
41 19 73.21354457560828
41 20 75.12057200886052
41 21 76.52213527394112
41 22 77.49896045894299
41 23 78.12597338542862
41 24 78.46966078218567
41 25 78.58718846486612
42 1 0.7333730926727924
42 2 1.0118642120291872
42 3 1.8196716234596617
42 4 3.268591654511171
42 5 5.4641033676600586
42 6 8.489417272748854
42 7 12.385847671526859
42 8 17.133073681228872
42 9 22.63506659637808
42 10 28.718101964897762
42 11 35.14494787033852
42 12 41.64407759878707
42 13 47.94685205221933
42 14 53.82240356029234
42 15 59.10135641431608
42 16 63.68448363776434
42 17 67.53787364919124
42 18 70.67954095089945
42 19 73.16295877958154
42 20 75.06162250973802
42 21 76.45680654906735
42 22 77.42906932627454
42 23 78.05310333230388
42 24 78.3951411804224
42 25 78.51210208007573
43 1 0.7291258125534575
43 2 1.0085252299436667
43 3 1.8189189093276554
43 4 3.2722975620003663
43 5 5.47412441605369
43 6 8.507270301215485
43 7 12.412303035513808
43 8 17.167752133000594
43 9 22.67617539905509
43 10 28.762449429238394
43 11 35.188305387868034
43 12 41.68182917978567
43 13 47.97474886369481
43 14 53.83719950318014
43 15 59.10116380993337
43 16 63.66881020883952
43 17 67.50741058074705
43 18 70.63582163297639
43 19 73.10799939857836
43 20 74.99761645791534
43 21 76.3859025292828
43 22 77.35323300199107
43 23 77.97404705567277
43 24 78.31430204747122
43 25 78.43065038600855
44 1 0.7248442583092627
44 2 1.0051573929207007
44 3 1.818152423799675
44 4 3.276014435354955
44 5 5.484188463485344
44 6 8.525200358896143
44 7 12.438863507072805
44 8 17.202548877330813
44 9 22.71739376504402
44 10 28.806873821479456
44 11 35.23168793300814
44 12 41.71954476885958
44 13 48.00255166200947
44 14 53.85185639179779
44 15 59.10080527574044
44 16 63.65296218844752
44 17 67.47677883860258
44 18 70.59194889637678
44 19 73.05290607014616
44 20 74.93349612913715
44 21 76.31490148560452
44 22 77.2773131365177
44 23 77.89491654069013
44 24 78.23339399418572
44 25 78.34913162599838
45 1 0.7203993230666623
45 2 1.001659037814969
45 3 1.8173486138155874
45 4 3.2798532618315073
45 5 5.494596780353171
45 6 8.543744183145975
45 7 12.466323617281454
45 8 17.238503677569195
45 9 22.759951600632608
45 10 28.852698454169772
45 11 35.276385142000265
45 12 41.75834260314889
45 13 48.03108143398612
45 14 53.86680263864225
45 15 59.10026201642465
45 16 63.63646033615428
45 17 67.44506034195003
45 18 70.5466120340356
45 19 72.99603563632297
45 20 74.86735106537657
45 21 76.24168930076873
45 22 77.19905006589259
45 23 77.81335713978031
45 24 78.15000979261573
45 25 78.26512050812008
46 1 0.7155149375253965
46 2 0.9978124930932
46 3 1.816455968472483
46 4 3.2840485480981707
46 5 5.505987953000641
46 6 8.564039549250133
46 7 12.496366276051711
46 8 17.27781595437436
46 9 22.806445892854274
46 10 28.90271122401193
46 11 35.32510618922219
46 12 41.80056274408413
46 13 48.06204554574998
46 14 53.88291496969183
46 15 59.09946838665458
46 16 63.61827177903877
46 17 67.41030265927985
46 18 70.49703751265177
46 19 72.93392037884264
46 20 74.79515606353448
46 21 76.1618163908572
46 22 77.11369110974906
46 23 77.72441845572139
46 24 78.0590896227246
46 25 78.17351962470418
47 1 0.7102802320700242
47 2 0.9936874015872855
47 3 1.8154885599078954
47 4 3.2885182656670082
47 5 5.518143132773922
47 6 8.585696604298679
47 7 12.528411681428679
47 8 17.319721267426765
47 9 22.855963629215356
47 10 28.955918180723028
47 11 35.37686856646963
47 12 41.84533755615146
47 13 48.094788832825
47 14 53.89982743660682
47 15 59.098394408829755
47 16 63.59871739300331
47 17 67.37316465558538
47 18 70.4441890712443
47 19 72.86778378839617
47 20 74.71834443139709
47 21 76.07687646724662
47 22 77.0229448864254
47 23 77.62988421384645
47 24 77.96245882657796
47 25 78.07616862165565
48 1 0.704743114516075
48 2 0.9893210464654756
48 3 1.8144533440969077
48 4 3.293216816192411
48 5 5.530941646223838
48 6 8.608500376002194
48 7 12.562139381653049
48 8 17.363795607783256
48 9 22.907996120459703
48 10 29.011762622322525
48 11 35.43111860300531
48 12 41.89217439467945
48 13 48.12893513578997
48 14 53.917324604147
48 15 59.097012905593346
48 16 63.577967724164715
48 17 67.33400814034322
48 18 70.38860156965006
48 19 72.79830849461096
48 20 74.63771835713736
48 21 75.98776322730929
48 22 76.92777070058183
48 23 77.5307566250184
48 24 77.86114339697343
48 25 77.97410166695558
49 1 0.698302628978126
49 2 0.9842385707256968
49 3 1.813234061150134
49 4 3.298644493423036
49 5 5.5457531597563126
49 6 8.634891355951599
49 7 12.60115410170738
49 8 17.41473928240624
49 9 22.96807651253817
49 10 29.076162035197182
49 11 35.49357962211922
49 12 41.94598576504144
49 13 48.16803248564895
49 14 53.937179920466185
49 15 59.09509693061623
49 16 63.55375260878404
49 17 67.28862777794211
49 18 70.32434682321866
49 19 72.71811311405524
49 20 74.54473146793202
49 21 75.88504460808974
49 22 76.81810450442866
49 23 77.4165596373843
49 24 77.74443935064164
49 25 77.85653649481965
50 1 0.6918768499630662
50 2 0.9791637396363925
50 3 1.8120015698676244
50 4 3.3040203019455743
50 5 5.5604516511347635
50 6 8.661081447906385
50 7 12.639852024719751
50 8 17.46522727289094
50 9 23.02755404264056
50 10 29.139827964096163
50 11 35.555223903970074
50 12 41.998972751243436
50 13 48.20638969385141
50 14 53.956470002114756
50 15 59.092863403306154
50 16 63.52951200163403
50 17 67.24352747351108
50 18 70.26066436187915
50 19 72.63874972743764
50 20 74.45279283576434
50 21 75.7835431951268
50 22 76.70977836894959
50 23 77.30378380602103
50 24 77.62920165956693
50 25 77.74045325589914
51 1 0.6843771316210805
51 2 0.9732358426870371
51 3 1.8105432577004252
51 4 3.310245574978107
51 5 5.577508324786015
51 6 8.691473905102756
51 7 12.68473441460426
51 8 17.523731417027687
51 9 23.096393397645812
51 10 29.21340633301862
51 11 35.62633497695698
51 12 42.05994710744361
51 13 48.25035359358145
51 14 53.978343799800335
51 15 59.08986251280665
51 16 63.501124918496636
51 17 67.19111259720063
51 18 70.1868693840206
51 19 72.54692854742095
51 20 74.34652525695326
51 21 75.66629533454645
51 22 76.58469689102412
51 23 77.17359603171073
51 24 77.49618914998959
51 25 77.6064706303962
52 1 0.676647559813426
52 2 0.9671208398203348
52 3 1.8090183209770714
52 4 3.31660743314862
52 5 5.594978821187715
52 6 8.722604164204132
52 7 12.730678545733603
52 8 17.58356097733671
52 9 23.16670152473079
52 10 29.28843400138428
52 11 35.69870172211473
52 12 42.1218321952354
52 13 48.294779918344275
52 14 54.000185472165114
52 15 59.086339998553754
52 16 63.4717684753612
52 17 67.13734275241768
52 18 70.11140284796883
52 19 72.4531861759031
52 20 74.2381469418937
52 21 75.54679856994198
52 22 76.45727092510555
52 23 77.04100276657087
52 24 77.36073783767162
52 25 77.47003783223207
53 1 0.6675191748030351
53 2 0.9598922717645246
53 3 1.8071893573954672
53 4 3.324051168479738
53 5 5.615471301110553
53 6 8.759119591813512
53 7 12.784534409383582
53 8 17.653617775726044
53 9 23.2489111806457
53 10 29.376007189439687
53 11 35.782983091567885
53 12 42.1936936311676
53 13 48.34611916331073
53 14 54.0250885048619
53 15 59.0816388489022
53 16 63.43698060392552
53 17 67.07417086080943
53 18 70.0230390288652
53 19 72.34362420020285
53 20 74.11162198219927
53 21 75.40739481736868
53 22 76.30868633304677
53 23 76.88643684821969
53 24 77.2028641777487
53 25 77.31102834511637
54 1 0.6559191771423858
54 2 0.9506959168724675
54 3 1.8048224045259638
54 4 3.3334044427250915
54 5 5.641299041782808
54 6 8.805142122221234
54 7 12.85235631924082
54 8 17.741725474313874
54 9 23.352123611808715
54 10 29.485716300199392
54 11 35.888284344239764
54 12 42.28315325726376
54 13 48.40965102366597
54 14 54.05538896886941
54 15 59.07485491059097
54 16 63.39260689847624
54 17 66.99440742830666
54 18 69.91191619418481
54 19 72.20614622211856
54 20 73.9530742014581
54 21 75.23286134767237
54 22 76.12276285231009
54 23 76.69309521417057
54 24 77.0054210362312
54 25 77.11217694213028
55 1 0.6429523504925186
55 2 0.9404023576237486
55 3 1.8021214869005024
55 4 3.3437232821061977
55 5 5.669894802241277
55 6 8.856096793437239
55 7 12.927373493875244
55 8 17.839028920287177
55 9 23.465875352945435
55 10 29.606321320181134
55 11 36.00367729219636
55 12 42.38076867178269
55 13 48.47848491299581
55 14 54.08754809054479
55 15 59.066251676222954
55 16 63.34281181767884
55 17 66.90592360733343
55 18 69.78921341631516
55 19 72.05472642969954
55 20 73.77872144401576
55 21 75.04112333256658
55 22 75.9186446993415
55 23 76.48091713630038
55 24 76.78878764082282
55 25 76.89401397062315
56 1 0.6277403360836138
56 2 0.9283088032594772
56 3 1.7988812374438194
56 4 3.3556508603542947
56 5 5.70308256159997
56 6 8.915232888462802
56 7 13.014338600971925
56 8 17.95162971240851
56 9 23.59720427283482
56 10 29.745160849011636
56 11 36.136038433370715
56 12 42.49219380295591
56 13 48.55641742934498
56 14 54.12307835386353
56 15 59.05486544255386
56 16 63.28417638458365
56 17 66.80302819539456
56 18 69.64725283812793
56 19 71.88003451663639
56 20 73.5779226472801
56 21 74.82055095978765
56 22 75.68400044180382
56 23 76.23711547467681
56 24 76.53992530439129
56 25 76.64341444140531
57 1 0.6074559097863653
57 2 0.9121541721923493
57 3 1.7944448270569806
57 4 3.3712678778430964
57 5 5.7467545552667385
57 6 8.99304725289239
57 7 13.12861151599671
57 8 18.099260036520644
57 9 23.768889687314186
57 10 29.92601258219743
57 11 36.30767766460361
57 12 42.63580540780209
57 13 48.65582803087292
57 14 54.16696816888244
57 15 59.03766005871674
57 16 63.20569867436641
57 17 66.66734096173018
57 18 69.46119891540319
57 19 71.65186284980494
57 20 73.31620731567955
57 21 74.53345722059262
57 22 75.37886018096252
57 23 75.9202373858065
57 24 76.2165625460688
57 25 76.31782600126503
58 1 0.5822900910884979
58 2 0.8920688884550202
58 3 1.788765673596725
58 4 3.3902065504122474
58 5 5.800051011625826
58 6 9.088002596832577
58 7 13.267806937163266
58 8 18.27858190053916
58 9 23.976665205012925
58 10 30.143886996955537
58 11 36.51327945598681
58 12 42.80650310766237
58 13 48.77242019660439
58 14 54.21625041281312
58 15 59.01337387662305
58 16 63.108009678921945
58 17 66.50139096699772
58 18 69.23534072602389
58 19 71.37602919070866
58 20 73.0006447797457
58 21 74.18787725936058
58 22 75.01195534308256
58 23 75.5394712868221
58 24 75.82814161722551
58 25 75.9267782446509
59 1 0.5507815389711939
59 2 0.8668580957576968
59 3 1.781397503175651
59 4 3.4132744446210133
59 5 5.86547058142806
59 6 9.204540020060833
59 7 13.438259549835784
59 8 18.497409531518173
59 9 24.229071492363406
59 10 30.407085869014455
59 11 36.75991955312266
59 12 43.00931342714387
59 13 48.90863165006049
59 14 54.27054788394029
59 15 58.978858639466786
59 16 62.985423575474925
59 17 66.29729423341801
59 18 68.9599740036071
59 19 71.04137992297663
59 20 72.61897039187679
59 21 73.77072970043497
59 22 74.56963570672333
59 23 75.0808021208411
59 24 75.36044761107048
59 25 75.4559879484549
60 1 0.5060617894664491
60 2 0.8309649545032127
60 3 1.7704836525026661
60 4 3.4448696624339643
60 5 5.955983076161572
60 6 9.365734532236441
60 7 13.673327490435733
60 8 18.79780287078354
60 9 24.57349806269082
60 10 30.763603090466816
60 11 37.09093234255363
60 12 43.278039258202206
60 13 49.08500545052432
60 14 54.33494633502668
60 15 58.923081844981525
60 16 62.81139887774671
60 17 66.01449166333097
60 18 68.58250864847341
60 19 70.58546022205789
60 20 72.10098897248092
60 21 73.20602713372818
60 22 73.97182696749795
60 23 74.46151117714976
60 24 74.72930545678275
60 25 74.82078092665346
61 1 0.43968442189330187
61 2 0.7774710249806149
61 3 1.7533911477634152
61 4 3.4895135489234588
61 5 6.0857072004248165
61 6 9.596641244749273
61 7 14.008604816357503
61 8 19.22343984094292
61 9 25.0574035465122
61 10 31.259285242396906
61 11 37.54513690812937
61 12 43.6400258531729
61 13 49.31454011838471
61 14 54.406919522718354
61 15 58.8282565170094
61 16 62.55416221431505
61 17 65.60906701818394
61 18 68.04894311309678
61 19 69.94621321905937
61 20 71.3784505866206
61 21 72.42095571644043
61 22 73.14253036143593
61 23 73.60355417103554
61 24 73.85554939671125
61 25 73.94160789761698
62 1 0.32551248566046626
62 2 0.6849363323885886
62 3 1.7218344264634975
62 4 3.5608152658039463
62 5 6.297480792174301
62 6 9.97316782011055
62 7 14.551542775617682
62 8 19.90557640138046
62 9 25.822693714792035
62 10 32.03051218497341
62 11 38.23738445361519
62 12 44.175616926252076
62 13 49.63477434361285
62 14 54.477850279737055
62 15 58.640434023946405
62 16 62.11818377982549
62 17 64.94932338878797
62 18 67.19747266415995
62 19 68.93772994572691
62 20 70.24687479759488
62 21 71.19732445879883
62 22 71.85397374992631
62 23 72.27299943055488
62 24 72.50186868414544
62 25 72.58000218966865
63 1 0.12113018517676968
63 2 0.5179816115797015
63 3 1.6598937662631648
63 4 3.674373597381488
63 5 6.647021889963796
63 6 10.592972613357453
63 7 15.43461075960199
63 8 20.995775588132545
63 9 27.019024280619984
63 10 33.20386094569605
63 11 39.25461062656173
63 12 44.922788190054625
63 13 50.032673291343954
63 14 54.48711643399668
63 15 58.25792085407141
63 16 61.36826256297498
63 17 63.87382790129663
63 18 65.84675718992605
63 19 67.36394128830412
63 20 68.49955628107931
63 21 69.32096581412894
63 22 69.88696908994463
63 23 70.24751504106179
63 24 70.44423438675119
63 25 70.51135883005361
64 1 -0.2791402261970239
64 2 0.1876821977562045
64 3 1.5243455105562116
64 4 3.858830324332464
64 5 7.2498139668940125
64 6 11.654601414083107
64 7 16.914280392014927
64 8 22.767009805251757
64 9 28.889587885553894
64 10 34.95423294660692
64 11 40.680855765423516
64 12 45.86937775200015
64 13 50.40768663298156
64 14 54.26068822862913
64 15 57.44994373942977
64 16 60.03214306158765
64 17 62.08119857306624
64 18 63.67555138148296
64 19 64.89033729383543
64 20 65.79327142555711
64 21 66.44302930151774
64 22 66.88912830470154
64 23 67.17260670501237
64 24 67.32705189708466
64 25 67.37971568931637
65 1 -0.9299610546167121
65 2 -0.35472775102157045
65 3 1.2796730984126257
65 4 4.0898739768383
65 5 8.07449776241638
65 6 13.085333188497136
65 7 18.837100380625824
65 8 24.959091724639826
65 9 31.070260604655182
65 10 36.84806167857371
65 11 42.068586767860246
65 12 46.61328864240771
65 13 50.451924047936636
65 14 53.61563544808797
65 15 56.170802786053024
65 16 58.198832745254656
65 17 59.782861621245104
65 18 61.00023406014617
65 19 61.919034129610424
65 20 62.59712233981429
65 21 63.08254769197061
65 22 63.41460374754491
65 23 63.625099357276
65 24 63.739614899448945
65 25 63.77863669078374
66 1 -1.7715662731691044
66 2 -1.0605092074829094
66 3 0.940206963027184
66 4 4.313944802892798
66 5 8.959045245936382
66 6 14.581131152474704
66 7 20.751422758230223
66 8 27.008758372530902
66 9 32.958361722660506
66 10 38.329459440774485
66 11 42.98376344597955
66 12 46.89066898148804
66 13 50.09070546380529
66 14 52.66216796628697
66 15 54.6969878174939
66 16 56.28601946872908
66 17 57.51150114714122
66 18 58.4441424934985
66 19 59.14283113328184
66 20 59.65562564919346
66 21 60.02124680461759
66 22 60.27064551535087
66 23 60.4284478433205
66 24 60.51420083738565
66 25 60.54340648601514
67 1 -2.688482305259716
67 2 -1.8304733644245388
67 3 0.5584551487070348
67 4 4.504325867914773
67 5 9.774048642978041
67 6 15.912000729002997
67 7 22.363606490757768
67 8 28.621062617427253
67 9 34.321271451595784
67 10 39.27071571277225
67 11 43.41683797171083
67 12 46.799480466950456
67 13 49.50622178520854
67 14 51.64089352121103
67 15 53.305204128948915
67 16 54.589917692836764
67 17 55.57187062336085
67 18 56.31408222572665
67 19 56.86725143759796
67 20 57.27169594466704
67 21 57.55926771243547
67 22 57.75504829889002
67 23 57.87876651882065
67 24 57.94594624408148
67 25 57.96881814412271
68 1 -3.5322834800635032
68 2 -2.5368627109737263
68 3 0.20772816419904686
68 4 4.656117560120992
68 5 10.437506870109612
68 6 16.95163007162406
68 7 23.556457998051222
68 8 29.73774978352709
68 9 35.185564252583774
68 10 39.780748116344526
68 11 43.537238542237276
68 12 46.54133796416023
68 13 48.90696473049128
68 14 50.74916948008882
68 15 52.17135304100077
68 16 53.26082384154466
68 17 54.088695474626455
68 18 54.71167725522055
68 19 55.17444427790427
68 20 55.51196313008684
68 21 55.75152426012078
68 22 55.91441750404852
68 23 56.01726948223839
68 24 56.07309152462477
68 25 56.09209229252379
69 1 -4.318777558222549
69 2 -3.1903635119207934
69 3 -0.10809708105330108
69 4 4.79896363026403
69 5 11.017819995798872
69 6 17.81861279069684
69 7 24.500921150229146
69 8 30.568992957941447
69 9 35.77436857763175
69 10 40.06496860326714
69 11 43.50653803889029
69 12 46.21719652795079
69 13 48.32625997231325
69 14 49.95336339095582
69 15 51.2004358220908
69 16 52.150477255699734
69 17 52.86935572603273
69 18 53.40859595523944
69 19 53.80820373975302
69 20 54.099146259697385
69 21 54.30538782082284
69 22 54.44550132923826
69 23 54.533918543742075
69 24 54.581889565927604
69 25 54.59821531090274
70 1 -4.878062798884549
70 2 -3.64933417550927
70 3 -0.3165582751576685
70 4 4.9193949097530485
70 5 11.43451667286732
70 6 18.409495333928785
70 7 25.115320249999332
70 8 31.081890392244375
70 9 36.10963830856968
70 10 40.19247817416154
70 11 43.42813473914756
70 12 45.95240176612084
70 13 47.901871585742555
70 14 49.39722468262867
70 15 50.53827117595101
70 16 51.40461788546539
70 17 52.05849393822633
70 18 52.54803259123418
70 19 52.91028882995282
70 20 53.17375893076389
70 21 53.3603843745985
70 22 53.487104380074285
70 23 53.56704187440602
70 24 53.61040315183864
70 25 53.6251585959675
71 1 -5.325967305323365
71 2 -4.009870334482873
71 3 -0.461869175006161
71 4 5.048850221685783
71 5 11.799884017536368
71 6 18.900352181482873
71 7 25.606159450811123
71 8 31.475770068181216
71 9 36.352540142101624
71 10 40.26705077357231
71 11 43.340650007628184
71 12 45.721112531602515
71 13 47.54920078724306
71 14 48.94539602296343
71 15 50.00726529122319
71 16 50.811473786879034
71 17 51.41729881436766
71 18 51.87021584927868
71 19 52.20501616536327
71 20 52.44832748140926
71 21 52.62057699693607
71 22 52.737489935544424
71 23 52.81122190803835
71 24 52.851210875868944
71 25 52.864817708742706
72 1 -5.645176024741896
72 2 -4.25826946380271
72 3 -0.5379263235530378
72 4 5.187372920308163
72 5 12.114631455768672
72 6 19.299487190336183
72 7 25.991896990773604
72 8 31.77700212766128
72 9 36.532773999808725
72 10 40.3172907855239
72 11 43.26854347547469
72 12 45.54210469758867
72 13 47.28095129979384
72 14 48.60482984905505
72 15 49.609297767957486
72 16 50.368656988356605
72 17 50.93991469945624
72 18 51.36655114491894
72 19 51.68168406876481
72 20 51.91057420637502
72 21 52.07254921063569
72 22 52.182457612785754
72 23 52.25175930041393
72 24 52.28934129571611
72 25 52.30212839290893
73 1 -5.84609298703047
73 2 -4.404745214724758
73 3 -0.5532802847775674
73 4 5.331692905156924
73 5 12.38473070626078
73 6 19.623204615208344
73 7 26.29626106503944
73 8 32.0115576949202
73 9 36.67354657889152
73 10 40.36021406046234
73 11 43.221000561449095
73 12 45.416462697723304
73 13 47.090665769574464
73 14 48.36248389310118
73 15 49.32581647743505
73 16 50.05314361622289
73 17 50.59977446178318
73 18 51.007722460778254
73 19 51.30888877019128
73 20 51.52754804387397
73 21 51.682239160490575
73 22 51.78718430157893
73 23 51.853347800974994
73 24 51.88922514131436
73 25 51.90143172963934
74 1 -5.9622256084661025
74 2 -4.475885720256951
74 3 -0.5171124279482968
74 4 5.495763854956219
74 5 12.645246359323277
74 6 19.919046897102042
74 7 26.568272923155007
74 8 32.220653614239446
74 9 36.802575541400515
74 10 40.407792377676486
74 11 43.19441277167552
74 12 45.32649476190484
74 13 46.94860920404784
74 14 48.17869199303831
74 15 49.10917054106594
74 16 49.81098456265756
74 17 50.33804033619967
74 18 50.7311558571087
74 19 51.02124953835164
74 20 51.23180439409114
74 21 51.38072887211126
74 22 51.48174617468678
74 23 51.545426813520656
74 24 51.5799556755821
74 25 51.59170307334277
75 1 -5.9971581293293195
75 2 -4.479043155363738
75 3 -0.4452214308842144
75 4 5.655118255428418
75 5 12.867273097861538
75 6 20.15917133948912
75 7 26.785010711390758
75 8 32.3877716731056
75 9 36.90956006196837
75 10 40.45500305959891
75 11 43.18793885160605
75 12 45.27455622553472
75 13 46.85953861506935
75 14 48.06000198933656
75 15 48.967239291070655
75 16 49.65104774074158
75 17 50.164312697922234
75 18 50.54699201794333
75 19 50.8293022894665
75 20 51.034164116037736
75 21 51.17903974109507
75 22 51.27730017471593
75 23 51.339238529848394
75 24 51.37282125350146
75 25 51.38424648213484
76 1 -5.97667359011199
76 2 -4.433985839626563
76 3 -0.34273082856161985
76 4 5.82285221138946
76 5 13.078775111248566
76 6 20.378430160665815
76 7 26.97972667015329
76 8 32.53841960881792
76 9 37.009152264063864
76 10 40.504931071496
76 11 43.193826869323814
76 12 45.24345457675717
76 13 46.79839695073267
76 14 47.97499351953878
76 15 48.8635571700697
76 16 49.53292894620216
76 17 50.035153554689764
76 18 50.40948752126701
76 19 50.685578902056214
76 20 50.885894766675534
76 21 51.02753870949791
76 22 51.123599336827894
76 23 51.18414772883592
76 24 51.216975725102635
76 25 51.22814397264237
77 1 -5.911631533193294
77 2 -4.350508797049321
77 3 -0.21673013724978718
77 4 5.995522576251176
77 5 13.279678635678447
77 6 20.57878120250737
77 7 27.154713412295603
77 8 32.67382909771348
77 9 37.100699198416116
77 10 40.55473535845116
77 11 43.207090176605995
77 12 45.22628093785957
77 13 46.756644101393775
77 14 47.91378968634637
77 15 48.78717779649077
77 16 49.444841444610695
77 17 49.93812582139496
77 18 50.30570936575847
77 19 50.576774447439846
77 20 50.77341827534614
77 21 50.91245288897652
77 22 51.006737857007174
77 23 51.06616449753391
77 24 51.09838346834917
77 25 51.109344354871595
78 1 -3.0499867273584953
78 2 -1.700870835043831
78 3 1.8672237861689494
78 4 7.217650545156227
78 5 13.4734228166804
78 6 19.72278591034893
78 7 25.33655985527802
78 8 30.036178683578893
78 9 33.79786648254663
78 10 36.72804926157997
78 11 38.97525806246123
78 12 40.6843444888307
78 13 41.97871405678218
78 14 42.95686843862636
78 15 43.69484416511621
78 16 44.2503638768183
78 17 44.666934266170124
78 18 44.97729649824924
78 19 45.20613460686199
78 20 45.37212868569533
78 21 45.48948452724095
78 22 45.569064362800724
78 23 45.619220928706135
78 24 45.64641347975511
78 25 45.65566429602421
79 1 -4.466812839635969
79 2 -3.0534903894758316
79 3 0.6806010360010913
79 4 6.26958997408231
79 5 12.788587691802654
79 6 19.28406604111417
79 7 25.104626707270548
79 8 29.966988676340158
79 9 33.85214983160669
79 10 36.87433936357643
79 11 39.1896380413628
79 12 40.949074913334854
79 13 42.28075332754085
79 14 43.286631285676684
79 15 44.04525524686267
79 16 44.6161661473789
79 17 45.044192363478274
79 18 45.36304195071649
79 19 45.59811190860524
79 20 45.76861256335705
79 21 45.8891474545944
79 22 45.97087969442613
79 23 46.02239145241216
79 24 46.05031825318875
79 25 46.05981874813344
80 1 -11.732244439329893
80 2 -9.908620846830628
80 3 -5.094713351517169
80 4 2.0990512631515954
80 5 10.472583886802687
80 6 18.79746264012429
80 7 26.241748069289002
80 8 32.44926818012717
80 9 37.401896171072956
80 10 41.249940221699624
80 11 44.1952620848905
80 12 46.43192132310583
80 13 48.123913209921916
80 14 49.40144705130574
80 15 50.364663768890246
80 16 51.08938016952428
80 17 51.632626384520684
80 18 52.037255651152165
80 19 52.335538179519595
80 20 52.55187321785457
80 21 52.70480300961962
80 22 52.80849797542736
80 23 52.87385022236455
80 24 52.90928002740434
80 25 52.92133282786246
81 1 -11.474489549043557
81 2 -9.624792971256387
81 3 -4.7454813950657755
81 4 2.53678119735747
81 5 10.999411156479797
81 6 19.398068261642727
81 7 26.895860480738204
81 8 33.13901852593766
81 9 38.11423481485283
81 10 41.97625356318479
81 11 44.93016171006319
81 12 47.17212018523583
81 13 48.86742100455373
81 14 50.14705404791965
81 15 51.11162646403459
81 16 51.8372342436294
81 17 52.38107621195826
81 18 52.78610889374229
81 19 53.08466676451311
81 20 53.301189790734426
81 21 53.45424652892243
81 22 53.55802476437799
81 23 53.62342831777419
81 24 53.65888554798258
81 25 53.67094759718463
82 1 -11.111368865094681
82 2 -9.240518777037172
82 3 -4.308589361768553
82 4 3.0436276554132498
82 5 11.574672592903282
82 6 20.027571850402246
82 7 27.562321419066603
82 8 33.82801679385885
82 9 38.81584448875325
82 10 42.68438684525276
82 11 45.64136012323472
82 12 47.8845324337201
82 13 49.580114043537705
82 14 50.859595865658925
82 15 51.82384785583903
82 16 52.54909766356658
82 17 53.09260551928132
82 18 53.49735273078777
82 19 53.795680149177834
82 20 54.01202540833344
82 21 54.16495108639445
82 22 54.26863790830326
82 23 54.333982784899476
82 24 54.36940784998089
82 25 54.381458882702404
83 1 -10.734367087830993
83 2 -8.848582967384457
83 3 -3.879829647330326
83 4 3.5204363092314783
83 5 12.096979028607947
83 6 20.584113673453622
83 7 28.14029622176037
83 8 34.41730512573391
83 9 39.40991931963093
83 10 43.27960135396088
83 11 46.235931538318866
83 12 48.47774142747595
83 13 50.17179273729484
83 14 51.449834654054676
83 15 52.412839468087306
83 16 53.13705948188656
83 17 53.67974397382773
83 18 54.083849295901935
83 19 54.38168789044946
83 20 54.59767031660653
83 21 54.7503352886589
83 22 54.85384334674906
83 23 54.91907472784462
83 24 54.95443798562552
83 25 54.96646793346981
84 1 -10.349314949692474
84 2 -8.452015688043735
84 3 -3.45509998961786
84 4 3.981259382675348
84 5 12.59088574242952
84 6 21.101528894890723
84 7 28.670926942086982
84 8 34.95339631642279
84 9 39.94678248544753
84 10 43.814888252881076
84 11 46.76873554517027
84 12 49.00792466588304
84 13 50.69957349899478
84 14 51.97556254640645
84 15 52.93688398360771
84 16 53.659760730659826
84 17 54.201395174556815
84 18 54.60469438542323
84 19 54.901925623221935
84 20 55.11746059086341
84 21 55.26980571583489
84 22 55.37309523100226
84 23 55.438188180755674
84 24 55.47347615707479
84 25 55.485480445176684
85 1 -9.940411970529002
85 2 -8.03336209348717
85 3 -3.012781075673616
85 4 4.453392137408659
85 5 13.089470239593167
85 6 21.617766022166347
85 7 29.19577809690994
85 8 35.48033700429573
85 9 40.47211371698481
85 10 44.336983603676686
85 11 47.28719126203406
85 12 49.52294734272184
85 13 51.21161733330599
85 14 52.48514014384787
85 15 53.444478980948794
85 16 54.16579439246826
85 17 54.706219307702334
85 18 55.108595840830844
85 19 55.4051350068119
85 20 55.62016172032038
85 21 55.772144348854255
85 22 55.87518655715823
85 23 55.94012301201845
85 24 55.975325935195606
85 25 55.98730124337989
86 1 -9.547685664723007
86 2 -7.632822566556985
86 3 -2.5933999524443463
86 4 4.896163453489514
86 5 13.55239855523938
86 6 22.09334697139166
86 7 29.67656180948287
86 8 35.961128912126945
86 9 40.95013222611609
86 10 44.81116558331307
86 11 47.7574530159891
86 12 49.98966662141949
86 13 51.675334367474974
86 14 52.946407137359415
86 15 53.9037948422442
86 16 54.62358350396422
86 17 55.16283095735162
86 18 55.56431211634143
86 19 55.86018120712858
86 20 56.074716612669796
86 21 56.22634922810804
86 22 56.32915283185312
86 23 56.39393837566827
86 24 56.429059305841946
86 25 56.4410066818229
87 1 -9.17204128742138
87 2 -7.250645051465094
87 3 -2.195534925589167
87 4 5.313312060585557
87 5 13.985835815198847
87 6 22.536558201424445
87 7 30.123213863304738
87 8 36.406903190109745
87 9 41.39280488626279
87 10 45.249977805427804
87 11 48.192462839415086
87 12 50.42130211173687
87 13 52.10413984259812
87 14 53.372918278088775
87 15 54.32848683417511
87 16 55.04685630995831
87 17 55.58501158012371
87 18 55.98566347120308
87 19 56.28091263301367
87 20 56.49499385118659
87 21 56.646303075759775
87 22 56.74888630629923
87 23 56.8135325042871
87 24 56.84857773631277
87 25 56.86049932661834
88 1 -8.846622605801173
88 2 -6.9200565306808075
88 3 -1.8525536853184392
88 4 5.671468192252155
88 5 14.356712403262629
88 6 22.91493702891017
88 7 30.504063129516283
88 8 36.78682090071638
88 9 41.77006496688029
88 10 45.62401789722381
88 11 48.56336401355175
88 12 50.78943259168022
88 13 52.46995393269333
88 14 53.73685825861069
88 15 54.690942895962664
88 16 55.40815581649658
88 17 55.945421622740824
88 18 56.34539849375426
88 19 56.640143212741755
88 20 56.85385494630902
88 21 57.00490113663697
88 22 57.10730514544921
88 23 57.171838027354475
88 24 57.20682170444121
88 25 57.21872232713983
89 1 -8.517559149052742
89 2 -6.586047645985569
89 3 -1.5066813426123813
89 4 6.031895763335479
89 5 14.729398653167289
89 6 23.294944299701356
89 7 30.886614212355585
89 8 37.16867195026599
89 9 42.149554363540155
89 10 46.000585496106474
89 11 48.9370612609513
89 12 51.16058645913131
89 13 52.83897677233522
89 14 54.10415459554432
89 15 55.05687095702429
89 16 55.77301679791055
89 17 56.30946160012429
89 18 56.7088152159871
89 19 57.00309407486524
89 20 57.216464531292566
89 21 57.36726774157063
89 22 57.46950618032111
89 23 57.533934372337136
89 24 57.5688611784377
89 25 57.58074242836654
90 1 -8.207766018054324
90 2 -6.2717234030620705
90 3 -1.1814549734639055
90 4 6.370595703782964
90 5 15.079627223278052
90 6 23.652323971923042
90 7 31.246848168785924
90 8 37.52879400184157
90 9 42.50799621604095
90 10 46.356763809259775
90 11 49.29094858060513
90 12 51.512413853964375
90 13 53.18906369893265
90 14 54.452824036423976
90 15 55.40441312675234
90 16 56.119677752953876
90 17 56.655443425310125
90 18 57.05428087755096
90 19 57.348173596526095
90 20 57.561261005862434
90 21 57.71186260842129
90 22 57.81396362846916
90 23 57.87830491379544
90 24 57.91318450354579
90 25 57.925049667990635
91 1 -7.923503559870553
91 2 -5.9833076045961215
91 3 -0.8829987970287233
91 4 6.6816000158809565
91 5 15.401620937633448
91 6 23.981495524237406
91 7 31.57936404437656
91 8 37.86193716706152
91 9 42.84026131577521
91 10 46.68751714416103
91 11 49.62006155714239
91 12 51.84000424690897
91 13 53.51534477984852
91 14 54.77802719326627
91 15 55.72875298027596
91 16 56.4433394941122
91 17 56.97858080848874
91 18 57.37701878191216
91 19 57.670612145646686
91 20 57.883479857561724
91 21 58.033924841814
91 22 58.1359190461555
91 23 58.20019275273132
91 24 58.23503561814427
91 25 58.24688826930718
92 1 -7.660872098764197
92 2 -5.716764480895484
92 3 -0.6069451759920135
92 4 6.969698732728366
92 5 15.70055167669126
92 6 24.28789479551838
92 7 31.889737271641287
92 8 38.17372446979901
92 9 43.151966225069394
92 10 46.9984300403691
92 11 49.929944368097004
92 12 52.14886202801207
92 13 53.82328908630711
92 14 55.0852034991423
92 15 56.0353059179968
92 16 56.7493983854714
92 17 57.28425530740699
92 18 57.682399159901685
92 19 57.97577143997106
92 20 58.188476543223935
92 21 58.338805428701946
92 22 58.440720368743776
92 23 58.50494389261267
92 24 58.539759475464585
92 25 58.551602827666024
93 1 -7.41082736665241
93 2 -5.46286439727622
93 3 -0.34361247440959003
93 4 7.24514929315716
93 5 15.987199494910435
93 6 24.5826673930762
93 7 32.1893131142368
93 8 38.47557764225237
93 9 43.45453596594297
93 10 47.30089519350926
93 11 50.23194457717277
93 12 52.45028877463837
93 13 54.12415673210375
93 14 55.385577969021405
93 15 56.335268341962234
93 16 57.04902808586217
93 17 57.58362284975044
93 18 57.98156435271197
93 19 58.274783597681896
93 20 58.48737565651467
93 21 58.63762358771047
93 22 58.7394831438909
93 23 58.80367155647673
93 24 58.838468034584636
93 25 58.85030487134528
94 1 -7.191957359259498
94 2 -5.240466285985053
94 3 -0.11252857563846623
94 4 7.487546625592271
94 5 16.240317447294466
94 6 24.843913620813304
94 7 32.455758106149474
94 8 38.74490616628621
94 9 43.7252412692527
94 10 47.572115247392624
94 11 50.503235760836404
94 12 52.72144915603012
94 13 54.39511312012273
94 14 55.65632079005424
94 15 56.6058164388297
94 16 57.31941064574044
94 17 57.85387063902418
94 18 58.251705822838254
94 19 58.54484345058479
94 20 58.75737459477475
94 21 58.90757859164466
94 22 59.00940794531253
94 23 59.07357715019436
94 24 59.108363156682614
94 25 59.1201964174232
95 1 -6.974212701122513
95 2 -5.019026378393099
95 3 0.11806319644640853
95 4 7.7302149201945785
95 5 16.49469372630508
95 6 25.107503799533106
95 7 32.7256041904819
95 8 39.01857866771427
95 9 44.001082320985375
95 10 47.849110169076575
95 11 50.78080502040683
95 12 52.99927781460842
95 13 54.67303756920207
95 14 55.93426064042512
95 15 56.88373568398802
95 16 57.59729619925229
95 17 58.13172072503261
95 18 58.529523816753255
95 19 58.82263468901408
95 20 59.03514478420478
95 21 59.185333066875074
95 22 59.28715137109409
95 23 59.35131344683087
95 24 59.386095532452146
95 25 59.39792744618526
96 1 -6.766122974695082
96 2 -4.807193783416382
96 3 0.33921973679157585
96 4 7.963828727623837
96 5 16.740641222557414
96 6 25.36347701306637
96 7 32.98871540424777
96 8 39.28636194245859
96 9 44.27177922231203
96 10 48.121582275389095
96 11 51.05435179389792
96 12 53.27347813447911
96 13 54.94763992878032
96 14 56.209114221673744
96 15 57.15874905959971
96 16 57.87241308282387
96 17 58.4069058106411
96 18 58.80475448563365
96 19 59.09789611315381
96 20 59.310427003008456
96 21 59.46062921870704
96 22 59.56245660781775
96 23 59.626624257122614
96 24 59.66140931294694
96 25 59.673242224927975
97 1 -6.558349966753301
97 2 -4.595439432964683
97 3 0.5609472287827517
97 4 8.19903626099095
97 5 16.98945105907995
97 6 25.623655458707063
97 7 33.25730024638498
97 8 39.560724371792034
97 9 44.54996802897985
97 10 48.40227404066805
97 11 51.336686115537304
97 12 53.556903495534925
97 13 55.23180184292767
97 14 56.49378195209466
97 15 57.44376968590667
97 16 58.157683152884935
97 17 58.69235384003086
97 18 59.090330051898086
97 19 59.383562959379674
97 20 59.59615859926817
97 21 59.7464058503435
97 22 59.84826342753944
97 23 59.91244995626938
97 24 59.94724519783659
97 25 59.95908156311816
98 1 -6.383585831644197
98 2 -4.417109821453315
98 3 0.7482518856759379
98 4 8.398594143406624
98 5 17.20157213568122
98 6 25.846513964130384
98 7 33.488329484673585
98 8 39.7975652322269
98 9 44.79080914440025
98 10 48.645841348031226
98 11 51.58211811636872
98 12 53.80362457435931
98 13 55.47942596786857
98 14 56.74204705823405
98 15 57.692494949146344
98 16 58.40674158374975
98 17 58.94165468601232
98 18 59.339807386460485
98 19 59.63316817455096
98 20 59.845855382920654
98 21 59.996166766271095
98 22 60.098067545826396
98 23 60.162281183506686
98 24 60.197091081613195
98 25 60.208932423277865
99 1 -6.197240306366909
99 2 -4.226717621977092
99 3 0.9488748949723163
99 4 8.613308767980703
99 5 17.43093427353828
99 6 26.08862896263892
99 7 33.74037153561933
99 8 40.05685155760641
99 9 45.05521864060698
99 10 48.9138375067211
99 11 51.85263063416109
99 12 54.075917081662624
99 13 55.752990643487735
99 14 57.016530151080104
99 15 57.96764665950644
99 16 58.682382901448406
99 17 59.217655459033615
99 18 59.616071697891456
99 19 59.90962446882206
99 20 60.122449700564836
99 21 60.272858037190716
99 22 60.374824264823424
99 23 60.43907902780637
99 24 60.473911179953184
99 25 60.48576008224679
100 1 -6.020487416858621
100 2 -4.045869035865295
100 3 1.1401207557958666
100 4 8.818993428153743
100 5 17.651815204383183
100 6 26.322957825523115
100 7 33.9853713186847
100 8 40.309801692853966
100 9 45.31390989169878
100 10 49.1766283484221
100 11 52.11834951794965
100 12 54.34373950857277
100 13 56.022336209874254
100 14 57.28698714905536
100 15 58.23891979314679
100 16 58.95425775851356
100 17 59.48997444493155
100 18 59.88871764096635
100 19 60.182509337030886
100 20 60.39550673959601
100 21 60.54603622032641
100 22 60.648084323152986
100 23 60.712390574609934
100 24 60.74725060249179
100 25 60.759108978648314
101 1 -5.85167273182146
101 2 -3.872888226435106
101 3 1.3237159790814905
101 4 9.017434832568764
101 5 17.866048794510373
101 6 26.551357506123704
101 7 34.22518686826496
101 8 40.558260791779624
101 9 45.56870897026201
101 10 49.43601981520058
101 11 52.381062208258335
101 12 54.608863471688544
101 13 56.28922130349505
101 14 57.55516631514497
101 15 58.50805446730202
101 16 59.22409996006619
101 17 59.760340614300354
101 18 60.159470528110646
101 19 60.453545363636074
101 20 60.66674708937422
101 21 60.81742048626069
101 22 60.91956592541008
101 23 60.9839334180472
101 24 61.01882661184471
101 25 61.03069626219556
102 1 -5.67685695381023
102 2 -3.693477167390632
102 3 1.5148737810554165
102 4 9.225129571348921
102 5 18.09150187492691
102 6 26.792929602146327
102 7 34.47991980692734
102 8 40.8230914466866
102 9 45.841039256429816
102 10 49.713843189528376
102 11 52.662896031010376
102 12 54.893631860960944
102 13 56.57614662983419
102 14 57.84368453548627
102 15 58.79775347943521
102 16 59.51467599143504
102 17 60.05156765880756
102 18 60.451178915268486
102 19 60.745606643676986
102 20 60.959063281692714
102 21 61.10991635631833
102 22 61.21218337992831
102 23 61.27662739568401
102 24 61.31156204024311
102 25 61.32344578316912
103 1 -5.516053119099943
103 2 -3.5281790491837897
103 3 1.691694627668071
103 4 9.418265527941136
103 5 18.302303514744068
103 6 27.019928763629043
103 7 34.72028921393013
103 8 41.0738305636572
103 9 46.09955685857456
103 10 49.97810762879903
103 11 52.931386687363506
103 12 55.165233258612965
103 13 56.85004523497822
103 14 58.11928590939134
103 15 59.074620729570775
103 16 59.792485543398996
103 17 60.33007787017699
103 18 60.73020784237619
103 19 61.02501622966639
103 20 61.23874803213047
103 21 61.38979515903234
103 22 61.49219354127594
103 23 61.55672025169057
103 24 61.59169969672254
103 25 61.603598672685735
104 1 -5.367471874896621
104 2 -3.375207220033034
104 3 1.85595153150639
104 4 9.598578043787315
104 5 18.500119797127088
104 6 27.23392595087963
104 7 34.947759495190255
104 8 41.31183862007001
104 9 46.34552973860767
104 10 50.23000344770254
104 11 53.187661705898854
104 12 55.424745593662976
104 13 57.111956435406015
104 14 58.382979980415
104 15 59.33964296334276
104 16 60.05849801092407
104 17 60.596827526334785
104 18 60.99750375563287
104 19 61.29271328642423
104 20 61.50673520667791
104 21 61.65798700551809
104 22 61.7605239702671
104 23 61.82513793779434
104 24 61.86016466006084
104 25 61.87207971241577
105 1 -5.21474837398848
105 2 -3.217725043259979
105 3 2.0256921784260093
105 4 9.785833456494208
105 5 18.70658398673437
105 6 27.458272780803288
105 7 35.187106445696315
105 8 41.56300030777408
105 9 46.605677327210074
105 10 50.49686865599532
105 11 53.459515133293856
105 12 55.700299255838175
105 13 57.39025939580691
105 14 58.66333054188557
105 15 59.621521362444604
105 16 60.34151692092596
105 17 60.880696296758295
105 18 61.28200271860885
105 19 61.57767527534572
105 20 61.79203219868889
105 21 61.9435204013866
105 22 62.04621746559016
105 23 62.11093225136411
105 24 62.14601360297459
105 25 62.15794723285101
106 1 -5.069107232866445
106 2 -3.0673093076346207
106 3 2.188432159977344
106 4 9.966249412900618
106 5 18.906488445909215
106 6 27.676432703821668
106 7 35.42067700351304
106 8 41.80878177506141
106 9 46.86079493230521
106 10 50.75899646034451
106 11 53.72686697224855
106 12 55.97153719057777
106 13 57.664391079797355
106 14 58.93962107464664
106 15 59.89942484293117
106 16 60.620625644272124
106 17 61.16070379402858
106 18 61.56267705790816
106 19 61.858839776080266
106 20 62.07355144587547
106 21 62.22529004113804
106 22 62.32815670499843
106 23 62.392978302711946
106 24 62.42811753521
106 25 62.4400708492641
107 1 -4.9190129422902675
107 2 -2.91205064843244
107 3 2.3570453265394216
107 4 10.154081656419471
107 5 19.11561031332139
107 6 27.905605554498212
107 7 35.66686984229062
107 8 42.06852999935058
107 9 47.13095348389397
107 10 51.03700069115623
107 11 54.01073520639936
107 12 56.25977777894694
107 13 57.95589341302915
107 14 59.233560194209005
107 15 60.195186512202824
107 16 60.91775028525072
107 17 61.45884545670858
107 18 61.86157364580836
107 19 62.158291462482175
107 20 62.37340497786566
107 21 62.52542726179482
107 22 62.6284861024859
107 23 62.693428741307606
107 24 62.72863356891836
107 25 62.74060919146077
108 1 -4.771609176790469
108 2 -2.759334927099386
108 3 2.5235198754221173
108 4 10.340418434440682
108 5 19.324042217177674
108 6 28.13494761304051
108 7 35.91404755691885
108 8 42.32997625452403
108 9 47.403399930636745
108 10 51.31776360576714
108 11 54.29772970341634
108 12 56.55142789616713
108 13 58.251021901979385
108 14 59.53129035787716
108 15 60.49486429469538
108 16 61.218885562862425
108 17 61.761068847639244
108 18 62.164605045187876
108 19 62.46191716383029
108 20 62.677460995977086
108 21 62.82978711452944
108 22 62.93305180128489
108 23 62.99812409989241
108 24 63.03339919641766
108 25 63.045398717741456
109 1 -4.624208349919055
109 2 -2.606387734953731
109 3 2.690854246852961
109 4 10.528579285005616
109 5 19.53545735546172
109 6 28.368462928356955
109 7 36.16649308406157
109 8 42.597624139740624
109 9 47.682806360540525
109 10 51.60608365988405
109 11 54.59274299938507
109 12 56.851450010051906
109 13 58.554791057092984
109 14 59.837864883626345
109 15 60.803540492234454
109 16 61.52913543049434
109 17 62.07249406278672
109 18 62.47690332702123
109 19 62.774857752260985
109 20 62.99086674148416
109 21 63.14352133589354
109 22 63.247008582621504
109 23 63.31222107713826
109 24 63.347572155416835
109 25 63.35959751916947
110 1 -4.4860059276351985
110 2 -2.462777521372103
110 3 2.848510241036555
110 4 10.706616186676861
110 5 19.736324399688076
110 6 28.59110562476566
110 7 36.40785485979183
110 8 42.85406740434946
110 9 47.95094671772512
110 10 51.883110841665285
110 11 54.876455065820586
110 12 57.14017149260779
110 13 58.84726397462995
110 14 60.13314872080317
110 15 61.100931446969824
110 16 61.828104864755005
110 17 62.37264284935482
110 18 62.77792838519422
110 19 63.076527600795856
110 20 63.29300361279532
110 21 63.44598803458455
110 22 63.549698773123225
110 23 63.61505205730692
110 24 63.65047944143886
110 25 63.66253075841495
111 1 -4.345347421628406
111 2 -2.31641642601619
111 3 3.0096995684463397
111 4 10.889366860280886
111 5 19.94329533600402
111 6 28.821250500212315
111 7 36.657982158461586
111 8 43.12033853290304
111 9 48.229768061036445
111 10 52.17148513271773
111 11 55.17202597561006
111 12 57.44114149018158
111 13 59.15228078649207
111 14 60.4411998155191
111 15 61.41125825778964
111 16 62.14013711435228
111 17 62.685949679671275
111 18 63.09218244990971
111 19 63.39147878599442
111 20 63.60845978379443
111 21 63.76180087435291
111 22 63.86575330697684
111 23 63.93125885351977
111 24 63.96676876360041
111 25 63.9788481498936
112 1 -4.197265765142847
112 2 -2.1621250342310976
112 3 3.18015489189686
112 4 11.08337134432229
112 5 20.163821495653096
112 6 29.067225418070244
112 7 36.92596253204756
112 8 43.40614161946702
112 9 48.529455601217016
112 10 52.48175907209808
112 11 55.49028564855673
112 12 57.76539840174006
112 13 59.481036373009566
112 14 60.77333050189938
112 15 61.745921420331165
112 16 62.47669878408184
112 17 63.02393058870248
112 18 63.43121830394927
112 19 63.731291142230226
112 20 63.948834688378575
112 21 64.10257313400051
112 22 64.2067948457701
112 23 64.27247003870082
112 24 64.30807189888732
112 25 64.32018256041236
113 1 -4.066998540341697
113 2 -2.026230369876426
113 3 3.3307110850696913
113 4 11.255323551998709
113 5 20.359923919111488
113 6 29.286557789344194
113 7 37.16542950336454
113 8 43.661950472912636
113 9 48.79801773488913
113 10 52.760058877670566
113 11 55.77593908780225
113 12 58.056579086670865
113 13 59.77636588224068
113 14 61.071774180814096
113 15 62.04670266680348
113 16 62.77923291948051
113 17 63.32777538605788
113 18 63.73603749507041
113 19 64.03682763046145
113 20 64.25489087836212
113 21 64.40899643749319
113 22 64.51346694525924
113 23 64.5792988847412
113 24 64.61498570474967
113 25 64.6271252642685
114 1 -3.931291761040317
114 2 -1.8845082566056954
114 3 3.488117539105057
114 4 11.435651337067029
114 5 20.566172461931984
114 6 29.517791069609192
114 7 37.418361767935444
114 8 43.93252554126404
114 9 49.08238163608684
114 10 53.054963560200605
114 11 56.07881122138595
114 12 58.36544407520268
114 13 60.089731619640624
114 14 61.3885196352393
114 15 62.365985803933334
114 16 63.100419454577796
114 17 63.65038537285695
114 18 64.0597058678676
114 19 64.3612752076901
114 20 64.5799030516727
114 21 64.73440745804278
114 22 64.83914827782495
114 23 64.9051505235071
114 24 64.94092965434562
114 25 64.95310061255634
115 1 -3.791190941307795
115 2 -1.7380461049702864
115 3 3.6511781910947105
115 4 11.623001420076474
115 5 20.7810383878786
115 6 29.75922985254873
115 7 37.682921211121105
115 8 44.21591413732368
115 9 49.38050601691399
115 10 53.36436467650625
115 11 56.39674318364459
115 12 58.68979677073277
115 13 60.4189087636105
115 14 61.721320912376974
115 15 62.70150904856099
115 16 63.43798475305613
115 17 63.98947805993992
115 18 64.39993435719316
115 19 64.70233997090145
115 20 64.92157380173447
115 21 65.0765063150009
115 22 65.1815372865055
115 23 65.24772234208827
115 24 65.28360056247539
115 25 65.29580522543385
116 1 -3.6460982667193464
116 2 -1.586217859758107
116 3 3.820593155107286
116 4 11.818183276073013
116 5 21.00545652085117
116 6 30.01193154349214
116 7 37.960273162679876
116 8 44.513370385041405
116 9 49.69371507348401
116 10 53.68964039925545
116 11 56.73115418760499
116 12 59.03108739462542
116 13 60.76537090292314
116 14 62.07166919343165
116 15 63.054776817014464
116 16 63.79344317286142
116 17 64.34657524826405
116 18 64.75825030270416
116 19 65.061553339945
116 20 65.28143750614827
116 21 65.43682947608396
116 22 65.54217185587676
116 23 65.6085531178668
116 24 65.64453769049359
116 25 65.65677852888678
117 1 -3.5180319802074895
117 2 -1.4520936972933096
117 3 3.9705435676910197
117 4 11.991345322564955
117 5 21.204991343039513
117 6 30.237017398817787
117 7 38.20765919105859
117 8 44.778966473865744
117 9 49.97359426183159
117 10 53.980469301437864
117 11 57.0302779649949
117 12 59.3364608999058
117 13 61.075444141868054
117 14 62.385275031522944
117 15 63.37103709732784
117 16 64.11169554130434
117 17 64.66631802239051
117 18 65.07910159467829
117 19 65.38322093534212
117 20 65.60369668027508
117 21 65.75950661032876
117 22 65.86513227995981
117 23 65.9316920348932
117 24 65.9677733592926
117 25 65.98004710779246
118 1 -3.3815865202240554
118 2 -1.309089893753759
118 3 4.130689522984748
118 4 12.176655381160572
118 5 21.41892598709039
118 6 30.478719836824226
118 7 38.47362576695569
118 8 45.064767725616385
118 9 50.27496636525955
118 10 54.29378653594663
118 11 57.352648963846775
118 12 59.665656186724334
118 13 61.409772814761666
118 14 62.7234631671506
118 15 63.71212579863075
118 16 64.45496133065157
118 17 65.01121279103997
118 18 65.4252080390194
118 19 65.73021969746236
118 20 65.95134213550482
118 21 66.10760897832327
118 22 66.21354434592148
118 23 66.28029923548728
118 24 66.31648633316716
118 25 66.32879606066622
119 1 -3.2424209048334593
119 2 -1.163136894028087
119 3 4.294391447534225
119 4 12.366433766353662
119 5 21.638398902252344
119 6 30.727032153367084
119 7 38.74716663141554
119 8 45.35895158262673
119 9 50.58536851107122
119 10 54.61663832075899
119 11 57.68494149891515
119 12 60.00506735059624
119 13 61.754540288770215
119 14 63.072258567943514
119 15 64.06394886297339
119 16 64.80905715626439
119 17 65.36700933803542
119 18 65.78226971194374
119 19 66.0882130980487
119 20 66.31001081604886
119 21 66.46675478208657
119 22 66.57301355245582
119 23 66.6399722143255
119 24 66.67626976822737
119 25 66.68861706785461
120 1 -3.1104571060204957
120 2 -1.0246563404520304
120 3 4.449920051807514
120 4 12.54702730225281
120 5 21.847562065472186
120 6 30.963970463794737
120 7 39.00842595058981
120 8 45.64012800831997
120 9 50.88220369405842
120 10 54.92550016565534
120 11 58.00292717866578
120 12 60.329934904152886
120 13 62.084587271585235
120 14 63.40620118180758
120 15 64.4008201055343
120 16 65.14812704873165
120 17 65.70772462361157
120 18 66.12420903824597
120 19 66.43105393342563
120 20 66.65350505107749
120 21 66.81071069131094
120 22 66.91728239785779
120 23 66.9844382392701
120 24 67.02084267646306
120 25 67.03322633305275
121 1 -2.970139389863992
121 2 -0.8773344255692389
121 3 4.615571731041577
121 4 12.739645798254362
121 5 22.07094385621445
121 6 31.217287115102717
121 7 39.28797717771597
121 8 45.941179361687574
121 9 51.20016864204311
121 10 55.25646178184054
121 11 58.34375216364949
121 12 60.678201678835535
121 13 62.4384560805506
121 14 63.764284161481136
121 15 64.76207157122663
121 16 65.51175745520409
121 17 66.07313547003491
121 18 66.49094445809898
121 19 66.79876494246622
121 20 67.02192317180425
121 21 67.17962844780035
121 22 67.2865388267667
121 23 67.35390806601451
121 24 67.3904281784858
121 25 67.40285118285509
122 1 -2.8275533872212395
122 2 -0.7275628984383121
122 3 4.784153736383592
122 4 12.935918341508756
122 5 22.298829728672935
122 6 31.47596052316882
122 7 39.573653593269114
122 8 46.2490006843694
122 9 51.52542046096374
122 10 55.595113326084395
122 11 58.69257639805243
122 12 61.0347030596121
122 13 62.80073779635214
122 14 64.13091481796872
122 15 65.13197240678093
122 16 65.88411379006247
122 17 66.44732965841811
122 18 66.86650599768447
122 19 67.17533361360955
122 20 67.39922183539979
122 21 67.55744292390614
122 22 67.66470294501148
122 23 67.7322924960165
122 24 67.76893203219909
122 25 67.78139565956668
123 1 -2.67941880052464
123 2 -0.571901544382198
123 3 4.959524767965205
123 4 13.140319274989116
123 5 22.536396287337368
123 6 31.745850583613702
123 7 39.87191387023965
123 8 46.57054132976829
123 9 51.86529448457005
123 10 55.94908670969458
123 11 59.05725686099927
123 12 61.40746583100289
123 13 63.179587026536666
123 14 64.51434391279588
123 15 65.51884566746489
123 16 66.27357338707371
123 17 66.83872514515257
123 18 67.25934183475549
123 19 67.56923038347226
123 20 67.79388761175711
123 21 67.95265208905383
123 22 68.0602804490484
123 23 68.12810209453683
123 24 68.16486744206554
123 25 68.17737386539346
124 1 -2.5280367106406985
124 2 -0.4127735100744688
124 3 5.138941907825037
124 4 13.349634354583548
124 5 22.779890305606866
124 6 32.02267823894168
124 7 40.178016987529055
124 8 46.90068087723359
124 9 52.2143713098561
124 10 56.31273247231565
124 11 59.431969313566796
124 12 61.7905337795123
124 13 63.568948149012655
124 14 64.90844100850016
124 15 65.9165046451805
124 16 66.6739072783193
124 17 67.2410613281107
124 18 67.66316782917556
124 19 67.9741537735522
124 20 68.19960645443696
124 21 68.35893301595442
124 22 68.46694239156362
124 23 68.53500412093614
124 24 68.57189961118631
124 25 68.58445030397654
125 1 -2.3625450132149926
125 2 -0.23876272672288787
125 3 5.335272482714771
125 4 13.57887013360934
125 5 23.04676484515961
125 6 32.32628356441889
125 7 40.51390026314023
125 8 47.26307916216842
125 9 52.59766824826178
125 10 56.71211249529916
125 11 59.84356923497565
125 12 62.21136163791681
125 13 63.9967272847834
125 14 65.34145194639342
125 15 66.35345069586111
125 16 67.11380871488768
125 17 67.68317510491528
125 18 68.10692776171496
125 19 68.41912629614531
125 20 68.64545794538859
125 21 68.80540561359075
125 22 68.9138360178829
125 23 68.98216304566974
125 24 69.0192023472999
125 25 69.03180195923966
126 1 -2.183880727153546
126 2 -0.0508536313260463
126 3 5.5474084444438185
126 4 13.8267379855446
126 5 23.335527170177652
126 6 32.654977185493
126 7 40.87770362384148
126 8 47.65573737631297
126 9 53.01307809684315
126 10 57.145036734539744
126 11 60.28980397581132
126 12 62.667649673827505
126 13 64.46058934501964
126 14 65.81101508980299
126 15 66.82730225041351
126 16 67.59088117797914
126 17 68.16265877704313
126 18 68.58820562154682
126 19 68.90172582085941
126 20 69.1290155201652
126 21 69.28964018520077
126 22 69.39852950838512
126 23 69.4671457116461
126 24 69.50434176837001
126 25 69.51699470256392
127 1 -1.9946148104256698
127 2 0.14824686067467552
127 3 5.772286889494268
127 4 14.089650764232474
127 5 23.641991327664286
127 6 33.0039896716104
127 7 41.26414562434484
127 8 48.07295398995109
127 9 53.454568552615974
127 10 57.60521853134468
127 11 60.76419373477552
127 12 63.152772299896206
127 13 64.95379896186287
127 14 66.31031246742606
127 15 67.33117921942181
127 16 68.09819793257697
127 17 68.67255069545175
127 18 69.10001378300579
127 19 69.41494558833233
127 20 69.64325855061892
127 21 69.80460630283588
127 22 69.91398579229632
127 23 69.98291086238056
127 24 70.02027434896891
127 25 70.03298423671944
128 1 -1.761407689450855
128 2 0.3936134878763805
128 3 6.049532100709147
128 4 14.41394916178689
128 5 24.02019418097082
128 6 33.43488254415861
128 7 41.74141191700171
128 8 48.58836437387735
128 9 54.00007566153245
128 10 58.17390683323151
128 11 61.35050647298334
128 12 63.75240080602365
128 13 65.56346179175826
128 14 66.92752964547111
128 15 67.95407962413802
128 16 68.7253672897613
128 17 69.30291608447351
128 18 69.73275748499063
128 19 70.04944131789526
128 20 70.27902433162957
128 21 70.44126957353308
128 22 70.55125745787184
128 23 70.6205658957246
128 24 70.65813719815783
128 25 70.67091777747771
129 1 -1.4463953610087188
129 2 0.7250961126865236
129 3 6.424204334902956
129 4 14.852394851420163
129 5 24.531736143945118
129 6 34.017912408762086
129 7 42.38739124385388
129 8 49.286144682673054
129 9 54.73874270692041
129 10 58.94407446012531
129 11 62.1446287552375
129 12 64.56462443035743
129 13 66.38932765034103
129 14 67.76366701296703
129 15 68.79794490533416
129 16 69.57503769101706
129 17 70.15693276821511
129 18 70.59000853004845
129 19 70.90907506572752
129 20 71.14038533714391
129 21 71.30385117024855
129 22 71.41466648174666
129 23 71.48449630891281
129 24 71.52235024680071
129 25 71.53522696890437
130 1 0.43386305996829766
130 2 2.7037118333480077
130 3 8.66086072779081
130 4 17.470393769650745
130 5 27.587298883288515
130 6 37.50190392627216
130 7 46.24904648566023
130 8 53.45886538447409
130 9 59.15717237854615
130 10 63.551917897379695
130 11 66.89657692766635
130 12 69.42550260791405
130 13 71.33232308514161
130 14 72.76850220604389
130 15 73.84931293543325
130 16 74.66136451363033
130 17 75.26943534214583
130 18 75.72199144837359
130 19 76.05540950422007
130 20 76.29712376195044
130 21 76.46794189760043
130 22 76.58374134909617
130 23 76.65671188365523
130 24 76.69626835273768
130 25 76.70972422002198
