1 1 -0.00013861337139073565
1 2 -0.00012750266306003362
1 3 -0.00011709981697346696
1 4 -0.00010740483313103555
1 5 -0.0000984177115327394
1 6 -0.00009013845217857854
1 7 -0.00008256705506855299
1 8 -0.00007570352020266273
1 9 -0.00006954784758090774
1 10 -0.00006410003720328804
1 11 -0.00005936008906980364
1 12 -0.00005532800318045451
1 13 -0.000052003779535240656
1 14 -0.000049387418134162094
1 15 -0.00004747891897721882
1 16 -0.00004627828206441082
1 17 -0.000045785507395738126
1 18 -0.000046000594971200705
1 19 -0.00004692354479079857
1 20 -0.00004855435685453173
1 21 -0.000050893031162400164
1 22 -0.00005393956771440388
1 23 -0.000057693966510542875
1 24 -0.00006215622755081717
1 25 -0.00006732635083522675
2 1 -0.00018613649333079467
2 2 -0.0001711028059239596
2 3 -0.00015683705753644382
2 4 -0.00014333924816824716
2 5 -0.00013060937781936955
2 6 -0.00011864744648981119
2 7 -0.00010745345417957194
2 8 -0.00009702740088865186
2 9 -0.0000873692866170509
2 10 -0.00007847911136476908
2 11 -0.00007035687513180643
2 12 -0.00006300257791816291
2 13 -0.00005641621972383855
2 14 -0.000050597800548833316
2 15 -0.00004554732039314725
2 16 -0.000041264779256780336
2 17 -0.00003775017713973253
2 18 -0.000035003514042003906
2 19 -0.0000330247899635944
2 20 -0.00003181400490450405
2 21 -0.00003137115886473283
2 22 -0.000031696251844280784
2 23 -0.00003278928384314786
2 24 -0.000034650254861334106
2 25 -0.00003727916489883949
3 1 -0.00026167749398931905
3 2 -0.00024039766044966186
3 3 -0.00021996451791752303
3 4 -0.0002003780663929028
3 5 -0.000181638305875801
3 6 -0.00016374523636621775
3 7 -0.00014669885786415288
3 8 -0.0001304991703696065
3 9 -0.00011514617388257877
3 10 -0.00010063986840306945
3 11 -0.00008698025393107861
3 12 -0.00007416733046660627
3 13 -0.0000622010980096524
3 14 -0.00005108155656021703
3 15 -0.00004080870611830015
3 16 -0.00003138254668390179
3 17 -0.000022803078257021887
3 18 -0.000015070300837660498
3 19 -8.184214425817581*^-6
3 20 -2.1448190214931753*^-6
3 21 3.0478853753127543*^-6
3 22 7.393898764600207*^-6
3 23 0.000010893221146369106
3 24 0.000013545852520619542
3 25 0.000015351792887351535
4 1 -0.0003465547712247284
4 2 -0.00031824597901534035
4 3 -0.00029085489730124394
4 4 -0.00026438152608243906
4 5 -0.00023882586535892554
4 6 -0.00021418791513070352
4 7 -0.00019046767539777313
4 8 -0.00016766514616013407
4 9 -0.00014578032741778652
4 10 -0.0001248132191707305
4 11 -0.0001047638214189659
4 12 -0.00008563213416249278
4 13 -0.00006741815740131118
4 14 -0.00005012189113542102
4 15 -0.0000337433353648224
4 16 -0.00001828249008951522
4 17 -3.739355309499583*^-6
4 18 9.886068975224629*^-6
4 19 0.00002259378276465738
4 20 0.00003438378605879858
4 21 0.000045256078857648366
4 22 0.000055210661161206636
4 23 0.00006424753296947342
4 24 0.00007236669428244877
4 25 0.0000795681451001326
5 1 -0.0005033164110892838
5 2 -0.00046200695212579514
5 3 -0.00042171622088353687
5 4 -0.0003824442173625092
5 5 -0.00034419094156271166
5 6 -0.0003069563934841445
5 7 -0.0002707405731268079
5 8 -0.00023554348049070154
5 9 -0.0002013651155758255
5 10 -0.00016820547838218003
5 11 -0.00013606456890976481
5 12 -0.00010494238715858004
5 13 -0.00007483893312862559
5 14 -0.0000457542068199015
5 15 -0.000017688208232407866
5 16 9.359062633855459*^-6
5 17 0.00003538760577888836
5 18 0.000060397421202690915
5 19 0.00008438850890526306
5 20 0.00010736086888660489
5 21 0.0001293145011467163
5 22 0.00015024940568559732
5 23 0.00017016558250324796
5 24 0.00018906303159966828
5 25 0.00020694175297485817
6 1 -0.0008085738032400625
6 2 -0.0007419093198145509
6 3 -0.0006763972087358576
6 4 -0.0006120374700039828
6 5 -0.0005488301036189262
6 6 -0.00048677510958068757
6 7 -0.00042587248788926744
6 8 -0.0003661222385446652
6 9 -0.00030752436154688167
6 10 -0.0002500788568959161
6 11 -0.00019378572459176886
6 12 -0.00013864496463443973
6 13 -0.000084656577023929
6 14 -0.000031820561760236375
6 15 0.00001986308115663787
6 16 0.00007039435172669398
6 17 0.00011977324994993185
6 18 0.0001679997758263514
6 19 0.0002150739293559528
6 20 0.00026099571053873584
6 21 0.0003057651193747009
6 22 0.00034938215586384746
6 23 0.00039184682000617586
6 24 0.0004331591118016861
6 25 0.000473319031250378
7 1 -0.001392447509019496
7 2 -0.0012772151075856402
7 3 -0.0011632769867804937
7 4 -0.001050633146604058
7 5 -0.0009392835870563309
7 6 -0.0008292283081373142
7 7 -0.0007204673098470077
7 8 -0.0006130005921854105
7 9 -0.0005068281551525228
7 10 -0.0004019499987483454
7 11 -0.00029836612297287743
7 12 -0.00019607652782611953
7 13 -0.00009508121330807135
7 14 4.619820581267101*^-6
7 15 0.00010302657384189558
7 16 0.0002001390464738146
7 17 0.00029595723847702357
7 18 0.0003904811498515227
7 19 0.0004837107805973121
7 20 0.0005756461307143919
7 21 0.0006662872002027617
7 22 0.0007556339890624215
7 23 0.0008436864972933718
7 24 0.0009304447248956126
7 25 0.001015908671869143
8 1 -0.0027424297633108106
8 2 -0.002514753840413886
8 3 -0.0022884607192003924
8 4 -0.00206355039967033
8 5 -0.0018400228818236989
8 6 -0.0016178781656605002
8 7 -0.0013971162511807328
8 8 -0.0011777371383843971
8 9 -0.0009597408272714927
8 10 -0.0007431273178420197
8 11 -0.0005278966100959793
8 12 -0.00031404870403336973
8 13 -0.00010158359965419175
8 14 0.00010949870304155485
8 15 0.00031919820405386915
8 16 0.0005275149033827518
8 17 0.0007344488010282037
8 18 0.0009399998969902234
8 19 0.001144168191268812
8 20 0.0013469536838639682
8 21 0.0015483563747756934
8 22 0.0017483762640039863
8 23 0.0019470133515488487
8 24 0.002144267637410279
8 25 0.002340139121588278
9 1 -0.005212252087027366
9 2 -0.004778647104138761
9 3 -0.004346247319988386
9 4 -0.003915052734576231
9 5 -0.003485063347902301
9 6 -0.0030562791599665993
9 7 -0.002628700170769119
9 8 -0.0022023263803098623
9 9 -0.001777157788588832
9 10 -0.0013531943956060263
9 11 -0.0009304362013614443
9 12 -0.0005088832058550878
9 13 -0.00008853540908695485
9 14 0.0003306071889429529
9 15 0.0007485445882346372
9 16 0.0011652767887880965
9 17 0.00158080379060333
9 18 0.001995125593680341
9 19 0.002408242198019126
9 20 0.002820153603619687
9 21 0.003230859810482024
9 22 0.003640360818606136
9 23 0.004048656627992022
9 24 0.004455747238639684
9 25 0.004861632650549124
10 1 -0.00878639203050858
10 2 -0.008054582473067088
10 3 -0.007323400096065968
10 4 -0.006592844899505227
10 5 -0.005862916883384849
10 6 -0.005133616047704842
10 7 -0.004404942392465208
10 8 -0.003676895917665942
10 9 -0.00294947662330705
10 10 -0.0022226845093885257
10 11 -0.001496519575910374
10 12 -0.0007709818228725893
10 13 -0.0000460712502751785
10 14 0.0006782121418818633
10 15 0.0014018683535985338
10 16 0.0021248973848748344
10 17 0.002847299235710764
10 18 0.0035690739061063235
10 19 0.004290221396061512
10 20 0.00501074170557633
10 21 0.00573063483465078
10 22 0.006449900783284856
10 23 0.007168539551478563
10 24 0.007886551139231899
10 25 0.008603935546544867
11 1 -0.012994971659150926
11 2 -0.011911876806434964
11 3 -0.010828492262517812
11 4 -0.009744818027399467
11 5 -0.00866085410107993
11 6 -0.0075766004835592015
11 7 -0.00649205717483728
11 8 -0.005407224174914166
11 9 -0.00432210148378986
11 10 -0.0032366891014643604
11 11 -0.002150987027937669
11 12 -0.0010649952632097834
11 13 0.00002128619271929338
11 14 0.0011078573398495622
11 15 0.0021947181781810233
11 16 0.0032818687077136787
11 17 0.004369308928447526
11 18 0.005457038840382562
11 19 0.006545058443518794
11 20 0.007633367737856217
11 21 0.008721966723394836
11 22 0.009810855400134644
11 23 0.010900033768075641
11 24 0.011989501827217836
11 25 0.013079259577561226
12 1 -0.01825670469199323
12 2 -0.016734292730191194
12 3 -0.015210241654562678
12 4 -0.013684551465107697
12 5 -0.012157222161826235
12 6 -0.0106282537447183
12 7 -0.009097646213783896
12 8 -0.00756539956902301
12 9 -0.0060315138104356505
12 10 -0.004495988938021814
12 11 -0.0029588249517815118
12 12 -0.0014200218517147235
12 13 0.00012042036217853451
12 14 0.0016625016898982698
12 15 0.003206222131444476
12 16 0.004751581686817162
12 17 0.006298580356016318
12 18 0.007847218139041951
12 19 0.009397495035894063
12 20 0.010949411046572648
12 21 0.012502966171077703
12 22 0.014058160409409238
12 23 0.015614993761567244
12 24 0.01717346622755172
12 25 0.01873357780736268
13 1 -0.02388352727234328
13 2 -0.02189121598888404
13 3 -0.019895661985937937
13 4 -0.01789686526350496
13 5 -0.015894825821585114
13 6 -0.013889543660178392
13 7 -0.011881018779284797
13 8 -0.009869251178904335
13 9 -0.007854240859037007
13 10 -0.005835987819682794
13 11 -0.003814492060841726
13 12 -0.0017897535825137719
13 13 0.0002382276153010427
13 14 0.002269451532602732
13 15 0.004303918169391292
13 16 0.00634162752566672
13 17 0.008382579601429024
13 18 0.01042677439667819
13 19 0.012474211911414233
13 20 0.014524892145637146
13 21 0.016578815099346937
13 22 0.018635980772543588
13 23 0.020696389165227116
13 24 0.022760040277397513
13 25 0.024826934109054784
14 1 -0.030259397409745016
14 2 -0.02773454610500623
14 3 -0.02520449463742817
14 4 -0.022669243007010797
14 5 -0.020128791213754136
14 6 -0.01758313925765817
14 7 -0.015032287138722898
14 8 -0.012476234856948341
14 9 -0.009914982412334484
14 10 -0.007348529804881334
14 11 -0.0047768770345888705
14 12 -0.0022000241014571227
14 13 0.00038202899451392143
14 14 0.0029692822533242628
14 15 0.00556173567497391
14 16 0.008159389259462843
14 17 0.010762243006791088
14 18 0.01337029691695862
14 19 0.01598355098996545
14 20 0.01860200522581158
14 21 0.02122565962449701
14 22 0.02385451418602174
14 23 0.02648856891038576
14 24 0.029127823797589086
14 25 0.031772278847631695
15 1 -0.037347036180884974
15 2 -0.03423011309063685
15 3 -0.031105682347007006
15 4 -0.027973743949995432
15 5 -0.024834297899602127
15 6 -0.021687344195827088
15 7 -0.018532882838670328
15 8 -0.015370913828131846
15 9 -0.01220143716421163
15 10 -0.009024452846909673
15 11 -0.005839960876225992
15 12 -0.002647961252160576
15 13 0.0005515460252865633
15 14 0.0037585609561154353
15 15 0.006973083540326037
15 16 0.010195113777918353
15 17 0.013424651668892423
15 18 0.016661697213248207
15 19 0.019906250410985725
15 20 0.02315831126210498
15 21 0.026417879766605954
15 22 0.02968495592448865
15 23 0.03295953973575309
15 24 0.03624163120039926
15 25 0.03953123031842717
16 1 -0.04527805717376027
16 2 -0.04149852902744561
16 3 -0.03770878149490928
16 4 -0.033908814576151275
16 5 -0.03009862827117161
16 6 -0.02627822257997028
16 7 -0.022447597502547285
16 8 -0.01860675303890263
16 9 -0.014755689189036319
16 10 -0.010894405952948338
16 11 -0.007022903330638709
16 12 -0.003141181322107402
16 13 0.0007507600726455722
16 14 0.004652920853620203
16 15 0.0085653010208165
16 16 0.01248790057423445
16 17 0.016420719513874076
16 18 0.020363757839735347
16 19 0.024317015551818297
16 20 0.028280492650122908
16 21 0.03225418913464919
16 22 0.0362381050053971
16 23 0.04023224026236671
16 24 0.04423659490555796
16 25 0.04825116893497089
17 1 -0.053068673811572896
17 2 -0.048638201983859666
17 3 -0.04419473633546181
17 4 -0.03973827686637934
17 5 -0.03526882357661221
17 6 -0.030786376466160455
17 7 -0.026290935535024065
17 8 -0.02178250078320304
17 9 -0.01726107221069738
17 10 -0.012726649817507074
17 11 -0.008179233603632138
17 12 -0.003618823569072577
17 13 0.0009545802861716347
17 14 0.005540977962100471
17 15 0.010140369458713952
17 16 0.014752754776012064
17 17 0.019378133913994813
17 18 0.024016506872662196
17 19 0.02866787365201421
17 20 0.03333223425205086
17 21 0.03800958867277214
17 22 0.0426999369141781
17 23 0.04740327897626863
17 24 0.05211961485904384
17 25 0.056848944562503674
18 1 -0.06192818995360116
18 2 -0.056757390960497145
18 3 -0.05157032765334761
18 4 -0.04636700003215256
18 5 -0.041147408096911926
18 6 -0.03591155184762577
18 7 -0.030659431284294082
18 8 -0.025391046406916834
18 9 -0.020106397215494086
18 10 -0.014805483710025767
18 11 -0.00948830589051194
18 12 -0.004154863756952546
18 13 0.0011948426906523727
18 14 0.006560813452302835
18 15 0.011943048527998833
18 16 0.017341547917740355
18 17 0.02275631162152743
18 18 0.028187339639360043
18 19 0.03363463197123818
18 20 0.03909818861716186
18 21 0.04457800957713111
18 22 0.05007409485114584
18 23 0.05558644443920615
18 24 0.061115058341312
18 25 0.06665993655746337
19 1 -0.07069632327616933
19 2 -0.06479276547112654
19 3 -0.058869597467183024
19 4 -0.05292681926433881
19 5 -0.046964430862593866
19 6 -0.04098243226194821
19 7 -0.034980823462401806
19 8 -0.028959604463954687
19 9 -0.022918775266606847
19 10 -0.016858335870358294
19 11 -0.010778286275209022
19 12 -0.004678626481159031
19 13 0.0014406435117916856
19 14 0.007579523703643119
19 15 0.013738014094395278
19 16 0.01991611468404817
19 17 0.026113825472601774
19 18 0.032331146460056095
19 19 0.03856807764641114
19 20 0.044824619031666915
19 21 0.05110077061582342
19 22 0.0573965323988806
19 23 0.06371190438083854
19 24 0.07004688656169719
19 25 0.07640147894145655
20 1 -0.07879886094001076
20 2 -0.07221811233838311
20 3 -0.06561457117021664
20 4 -0.05898823743551135
20 5 -0.05233911113426718
20 6 -0.04566719226648416
20 7 -0.0389724808321623
20 8 -0.032254976831301574
20 9 -0.02551468026390205
20 10 -0.018751591129963642
20 11 -0.011965709429486382
20 12 -0.005157035162470292
20 13 0.0016744316710846458
20 14 0.008528691071178427
20 15 0.015405743037811077
20 16 0.022305587570982548
20 17 0.02922822467069289
20 18 0.03617365433694205
20 19 0.043141876569730064
20 20 0.05013289136905694
20 21 0.05714669873492266
20 22 0.06418329866732722
20 23 0.07124269116627063
20 24 0.0783248762317529
20 25 0.08542985386377398
21 1 -0.08717862501885563
21 2 -0.0798974604613983
21 3 -0.07259012326520142
21 4 -0.06525661343026509
21 5 -0.057896930956589245
21 6 -0.05051107584417391
21 7 -0.04309904809301907
21 8 -0.03566084770312473
21 9 -0.028196474674490907
21 10 -0.020705929007117586
21 11 -0.013189210701004747
21 12 -0.005646319756152448
21 13 0.0019227438274393796
21 14 0.009517980049770693
21 15 0.017139388910841494
21 16 0.024786970410651813
21 17 0.0324607245492016
21 18 0.04016065132649092
21 19 0.047886750742519704
21 20 0.055639022797287996
21 21 0.0634174674907958
21 22 0.07122208482304307
21 23 0.07905287479402982
21 24 0.08690983740375613
21 25 0.0947929726522219
22 1 -0.09522971131955808
22 2 -0.08727555001839424
22 3 -0.07929188326022703
22 4 -0.07127871104505651
22 5 -0.0632360333728826
22 6 -0.05516385024370536
22 7 -0.047062161657524776
22 8 -0.03893096761434084
22 9 -0.030770268114153548
22 10 -0.022580063156962912
22 11 -0.014360352742768912
22 12 -0.006111136871571585
22 13 0.00216758445662908
22 14 0.010475811241833098
22 15 0.01881354348404048
22 16 0.027180781183251214
22 17 0.03557752433946528
22 18 0.044003772952682686
22 19 0.052459527022903456
22 20 0.060944786550127604
22 21 0.06945955153435505
22 22 0.07800382197558586
22 23 0.08657759787382001
22 24 0.09518087922905753
22 25 0.1038136660412984
23 1 -0.10362671003450098
23 2 -0.09497057957574637
23 3 -0.08628137547872572
23 4 -0.07755909774343912
23 5 -0.06880374636988654
23 6 -0.06001532135806801
23 7 -0.051193822707983505
23 8 -0.04233925041963301
23 9 -0.03345160449301656
23 10 -0.02453088492813413
23 11 -0.01557709172498574
23 12 -0.006590224883571384
23 13 0.002429715596108958
23 14 0.011482729714055274
23 15 0.020568817470267547
23 16 0.02968797886474582
23 17 0.038840213897490046
23 18 0.04802552256850023
23 19 0.057243904877776405
23 20 0.06649536082531857
23 21 0.07577989041112668
23 22 0.08509749363520075
23 23 0.09444817049754081
23 24 0.10383192099814684
23 25 0.11324874513701887
24 1 -0.11191610223108212
24 2 -0.10256693685980589
24 3 -0.0931810766550753
24 4 -0.08375852161689039
24 5 -0.07429927174525114
24 6 -0.06480332704015758
24 7 -0.05527068750160971
24 8 -0.04570135312960747
24 9 -0.036095323924150935
24 10 -0.026452599885240048
24 11 -0.016773181012874838
24 12 -0.007057067307055295
24 13 0.0026957412322185497
24 14 0.01248524460494673
24 15 0.022311442811129255
24 16 0.03217433585076608
24 17 0.04207392372385725
24 18 0.05201020643040275
24 19 0.06198318397040257
24 20 0.07199285634385674
24 21 0.0820392235507652
24 22 0.09212228559112803
24 23 0.10224204246494513
24 24 0.11239849417221658
24 25 0.12259164071294244
25 1 -0.11971614855441748
25 2 -0.1097147982481872
25 3 -0.09967324630575333
25 4 -0.08959149272711593
25 5 -0.079469537512275
25 6 -0.06930738066123045
25 7 -0.059105022173982384
25 8 -0.0488624620505308
25 9 -0.038579700290875624
25 10 -0.028256736895016888
25 11 -0.017893571862954635
25 12 -0.0074902051946888
25 13 0.002953363109780551
25 14 0.01343713305045347
25 15 0.02396110462732994
25 16 0.03452527784040997
25 17 0.04512965268969355
25 18 0.055774229175180656
25 19 0.06645900729687135
25 20 0.07718398705476555
25 21 0.08794916844886333
25 22 0.09875455147916465
25 23 0.1096001361456695
25 24 0.12048592244837794
25 25 0.13141191038728992
26 1 -0.1272650276985844
26 2 -0.11663242746540957
26 3 -0.10595612587083321
26 4 -0.09523612291485554
26 5 -0.08447241859747641
26 6 -0.07366501291869589
26 7 -0.062813905878514
26 8 -0.05191909747693068
26 9 -0.04098058771394594
26 10 -0.0299983765895598
26 11 -0.018972464103772284
26 12 -0.007902850256583303
26 13 0.0032104649520070423
26 14 0.014367481521998807
26 15 0.025568199453391973
26 16 0.036812618746186555
26 17 0.04810073940038254
26 18 0.05943256141597994
26 19 0.0708080847929787
26 20 0.08222730953137894
26 21 0.09369023563118051
26 22 0.10519686309238353
26 23 0.11674719191498796
26 24 0.12834122209899373
26 25 0.13997895364440102
27 1 -0.1343159353752834
27 2 -0.12309365600334389
27 3 -0.1118242931706756
27 4 -0.1005078468772786
27 5 -0.08914431712315284
27 6 -0.07773370390829837
27 7 -0.0662760072327152
27 8 -0.05477122709640326
27 9 -0.04321936349936254
27 10 -0.03162041644159314
27 11 -0.019974385923095004
27 12 -0.008281271943868126
27 13 0.003458925496087524
27 14 0.015246206396771883
27 15 0.027080570758184964
27 16 0.0389620185803268
27 17 0.05089054986319734
27 18 0.06286616460679668
27 19 0.07488886281112472
27 20 0.08695864447618147
27 21 0.09907550960196701
27 22 0.11123945818848124
27 23 0.12345049023572421
27 24 0.13570860574369592
27 25 0.1480138047123964
28 1 -0.1411354461486328
28 2 -0.12934275735471498
28 3 -0.11749958150760818
28 4 -0.10560591860731243
28 5 -0.09366176865382768
28 6 -0.08166713164715388
28 7 -0.06962200758729109
28 8 -0.05752639647423928
28 9 -0.04538029830799852
28 10 -0.033183713088568656
28 11 -0.020936640815949866
28 12 -0.008639081490142073
28 13 0.00370896488885473
28 14 0.016107498321040546
28 15 0.028556518806415382
28 16 0.0410560263449792
28 17 0.05360602093673204
28 18 0.06620650258167383
28 19 0.07885747127980469
28 20 0.09155892703112453
28 21 0.10431086983563335
28 22 0.11711329969333124
28 23 0.12996621660421806
28 24 0.14286962056829394
28 25 0.1558235115855588
29 1 -0.1471029036991841
29 2 -0.13481098411174747
29 3 -0.12246545393995613
29 4 -0.11006631318380997
29 5 -0.09761356184330906
29 6 -0.08510719991845342
29 7 -0.07254722740924296
29 8 -0.059933644315677825
29 9 -0.04726645063775782
29 10 -0.034545646375483116
29 11 -0.021771231528853626
29 12 -0.00894320609786936
29 13 0.003938429917469668
29 14 0.016873676517163462
29 15 0.029862533701212002
29 16 0.042905001469615345
29 17 0.05600107982237341
29 18 0.0691507687594863
29 19 0.08235406828095389
29 20 0.09561097838677628
29 21 0.10892149907695343
29 22 0.12228563035148533
29 23 0.13570337221037201
29 24 0.1491747246536135
29 25 0.16269968768120965
30 1 -0.151939727022866
30 2 -0.13924307405928912
30 3 -0.12649013378708437
30 4 -0.11368090620625193
30 5 -0.10081539131679178
30 6 -0.08789358911870376
30 7 -0.07491549961198804
30 8 -0.06188112279664448
30 9 -0.048790458672673245
30 10 -0.035643507240074215
30 11 -0.022440268498847404
30 12 -0.009180742448992843
30 13 0.004135070909489493
30 14 0.017507171576599583
30 15 0.030935559552337465
30 16 0.04442023483670308
30 17 0.05796119742969645
30 18 0.07155844733131762
30 19 0.08521198454156655
30 20 0.09892180906044325
30 21 0.11268792088794773
30 22 0.12651032002407991
30 23 0.14038900646883987
30 24 0.15432398022222765
30 25 0.16831524128424316
31 1 -0.1561035770331559
31 2 -0.14305840091164454
31 3 -0.12995446833120833
31 4 -0.11679177929184716
31 5 -0.10357033379356095
31 6 -0.0902901318363498
31 7 -0.0769511734202137
31 8 -0.06355345854515262
31 9 -0.05009698721116658
31 10 -0.03658175941825555
31 11 -0.023007775166419584
31 12 -0.009375034455658649
31 13 0.004316462714027251
31 14 0.018066716342638102
31 15 0.03187572643017395
31 16 0.045743492976634756
31 17 0.059670015982020486
31 18 0.07365529544633119
31 19 0.08769933136956692
31 20 0.10180212375172756
31 21 0.1159636725928132
31 22 0.1301839778928238
31 23 0.1444630396517593
31 24 0.15880085786961984
31 25 0.17319743254640538
32 1 -0.15946568944617173
32 2 -0.14613897416222485
32 3 -0.13275131065702384
32 4 -0.11930269893056877
32 5 -0.10579313898285943
32 6 -0.09222263081389592
32 7 -0.0785911744236783
32 8 -0.06489876981220646
32 9 -0.051145416979480524
32 10 -0.03733111592550041
32 11 -0.023455866650266107
32 12 -0.0095196691537777
32 13 0.00447747656396494
32 14 0.018535570502961705
32 15 0.03265461266321265
32 16 0.04683460304471776
32 17 0.061075541647477034
32 18 0.07537742847149043
32 19 0.08974026351675803
32 20 0.10416404678327973
32 21 0.11864877827105567
32 22 0.13319445798008575
32 23 0.14780108591036997
32 24 0.1624686620619084
32 25 0.17719718643470095
33 1 -0.1618983751312454
33 2 -0.14836780397572993
33 3 -0.1347744643425992
33 4 -0.12111835623185307
33 5 -0.10739947964349159
33 6 -0.0936178345775147
33 7 -0.07977342103392249
33 8 -0.06586623901271489
33 9 -0.05189628851389191
33 10 -0.037863569537453574
33 11 -0.02376808208339991
33 12 -0.009609826151730878
33 13 0.00461119825755356
33 14 0.01889499114445334
33 15 0.03324155250896848
33 16 0.047650882351098996
33 17 0.06212298067084487
33 18 0.0766578474682061
33 19 0.09125548274318267
33 20 0.10591588649577464
33 21 0.12063905872598199
33 22 0.1354249994338047
33 23 0.1502737086192427
33 24 0.16518518628229617
33 25 0.18015943242296492
34 1 -0.16354115180907003
34 2 -0.14987271790974135
34 3 -0.13613996438064968
34 4 -0.12234289122179513
34 5 -0.10848149843317756
34 6 -0.09455578601479699
34 7 -0.08056575396665347
34 8 -0.06651140228874691
34 9 -0.05239273098107741
34 10 -0.03820974004364491
34 11 -0.023962429476449464
34 12 -0.009650799279491003
34 13 0.004725150547230449
34 14 0.019165420003714885
34 15 0.03367000908996228
34 16 0.04823891780597267
34 17 0.06287214615174604
34 18 0.07756969412728236
34 19 0.09233156173258172
34 20 0.10715774896764398
34 21 0.12204825583246935
34 22 0.1370030823270576
34 23 0.1520222284514088
34 24 0.16710569420552307
34 25 0.18225347958940033
35 1 -0.16429702187703066
35 2 -0.15056482846873606
35 3 -0.13676707675165373
35 4 -0.12290376672578353
35 5 -0.1089748983911255
35 6 -0.09498047174767968
35 7 -0.08092048679544608
35 8 -0.06679494353442471
35 9 -0.05260384196461545
35 10 -0.03834718208601839
35 11 -0.024024963898633525
35 12 -0.009637187402460893
35 13 0.004816147402499621
35 14 0.019335040516247917
35 15 0.033919491938784
35 16 0.04856950167010792
35 17 0.06328506971021965
35 18 0.07806619605911917
35 19 0.09291288071680652
35 20 0.10782512368328168
35 21 0.12280292495854467
35 22 0.13784628454259545
35 23 0.15295520243543406
35 24 0.1681296786370604
35 25 0.18336971314747458
36 1 -0.164159915553416
36 2 -0.15043866710384032
36 3 -0.13665108757314332
36 4 -0.12279717696132511
36 5 -0.10887693526838547
36 6 -0.09489036249432457
36 7 -0.08083745863914231
36 8 -0.06671822370283881
36 9 -0.05253265768541396
36 10 -0.038280760586867774
36 11 -0.023962532407200324
36 12 -0.009577973146411515
36 13 0.004872917195498601
36 14 0.019390138618530037
36 15 0.033973691122682774
36 16 0.048623574707956786
36 17 0.06333978937435218
36 18 0.07812233512186889
36 19 0.09297121195050685
36 20 0.10788641986026616
36 21 0.12286795885114683
36 22 0.13791582892314874
36 23 0.15303003007627197
36 24 0.16821056231051656
36 25 0.18345742562588244
37 1 -0.16310680476668746
37 2 -0.14947300432030047
37 3 -0.135772372272982
37 4 -0.12200490862473203
37 5 -0.10817061337555046
37 6 -0.0942694865254374
37 7 -0.08030152807439282
37 8 -0.0662667380224167
37 9 -0.052165116369509074
37 10 -0.0379966631156699
37 11 -0.02376137826089919
37 12 -0.009459261805196954
37 13 0.004909686251436814
37 14 0.019345465909002116
37 15 0.03384807716749894
37 16 0.0484175200269273
37 17 0.06305379448728718
37 18 0.07775690054857866
37 19 0.09252683821080161
37 20 0.10736360747395604
37 21 0.12226720833804208
37 22 0.1372376408030596
37 23 0.15227490486900866
37 24 0.16737900053588928
37 25 0.18254992780370147
38 1 -0.16116442050603855
38 2 -0.147692418872748
38 3 -0.13415347853381038
38 4 -0.12054759948922573
38 5 -0.10687478173899399
38 6 -0.09313502528311528
38 7 -0.07932833012158949
38 8 -0.06545469625441672
38 9 -0.05151412368159681
38 10 -0.03750661240312991
38 11 -0.02343216241901597
38 12 -0.009290773729254935
38 13 0.0049175536661530996
38 14 0.0191928197672082
38 15 0.03353502457391031
38 16 0.047944168086259495
38 17 0.06242025030425568
38 18 0.07696327122789895
38 19 0.0915732308571893
38 20 0.1062501291921266
38 21 0.12099396623271104
38 22 0.1358047419789425
38 23 0.15068245643082087
38 24 0.1656271095883464
38 25 0.18063870145151897
39 1 -0.15850834313723383
39 2 -0.14525783684539903
39 3 -0.13194064185142376
39 4 -0.11855675815530785
39 5 -0.10510618575705141
39 6 -0.09158892465665433
39 7 -0.07800497485411677
39 8 -0.06435433634943859
39 9 -0.05063700914261986
39 10 -0.036852993233660515
39 11 -0.02300228862256067
39 12 -0.009084895309320218
39 13 0.0048991867060608025
39 14 0.018949957423582398
39 15 0.033067416843244546
39 16 0.04725156496504727
39 17 0.061502401788990566
39 18 0.0758199273150744
39 19 0.09020414154329882
39 20 0.1046550444736638
39 21 0.11917263610616939
39 22 0.13375691644081553
39 23 0.14840788547760217
39 24 0.1631255432165295
39 25 0.17790988965759733
40 1 -0.15480860377424557
40 2 -0.1418668109614321
40 3 -0.12885897545803754
40 4 -0.11578509726406169
40 5 -0.10264517637950471
40 6 -0.0894392128043665
40 7 -0.07616720653864713
40 8 -0.06282915758234653
40 9 -0.04942506593546473
40 10 -0.03595493159800174
40 11 -0.022418754569957563
40 12 -0.008816534851332184
40 13 0.004851727557874403
40 14 0.018586032657662187
40 15 0.032386380448031174
40 16 0.04625277092898133
40 17 0.06018520410051272
40 18 0.0741836799626253
40 19 0.08824819851531908
40 20 0.10237875975859403
40 21 0.11657536369245018
40 22 0.13083801031688758
40 23 0.14516669963190615
40 24 0.15956143163750586
40 25 0.1740222063336868
41 1 -0.15031051846100196
41 2 -0.13774420053386544
41 3 -0.1251128598751179
41 4 -0.11241649648475915
41 5 -0.09965511036278944
41 6 -0.08682870150920863
41 7 -0.07393726992401674
41 8 -0.06098081560721379
41 9 -0.04795933855879976
41 10 -0.0348728387787747
41 11 -0.021721316267138562
41 12 -0.008504771023891366
41 13 0.0047767969509669
41 14 0.01812338765743624
41 15 0.031535001095516636
41 16 0.04501163726520811
41 17 0.05855329616651066
41 18 0.07215997779942424
41 19 0.08583168216394893
41 20 0.09956840926008462
41 21 0.11337015908783152
41 22 0.12723693164718933
41 23 0.14116872693815827
41 24 0.1551655449607383
41 25 0.16922738571492935
42 1 -0.14517368997307364
42 2 -0.1330362799423561
42 3 -0.12083519580556644
42 4 -0.1085704375627047
42 5 -0.0962420052137708
42 6 -0.08384989875876486
42 7 -0.07139411819768682
42 8 -0.05887466353053669
42 9 -0.04629153475731445
42 10 -0.03364473187802013
42 11 -0.0209342548926537
42 12 -0.008160103801215193
42 13 0.004677721396295432
42 14 0.017579220699878134
42 15 0.03054439410953295
42 16 0.04357324162525984
42 17 0.05666576324705883
42 18 0.06982195897492993
42 19 0.0830418288088731
42 20 0.09632537274888842
42 21 0.10967259079497578
42 22 0.12308348294713527
42 23 0.1365580492053668
42 24 0.15009628956967042
42 25 0.1636982040400462
43 1 -0.1390653843418072
43 2 -0.12743810073224685
43 3 -0.11574891304702269
43 4 -0.10399782128613452
43 5 -0.09218482544958256
43 6 -0.08030992553736666
43 7 -0.0683731215494869
43 8 -0.05637441348594323
43 9 -0.0443138013467357
43 10 -0.03219128513186428
43 11 -0.02000686484132895
43 12 -0.00776054047512972
43 13 0.0045476879667333625
43 14 0.016917820484260337
43 15 0.029349857077451198
43 16 0.04184379774630595
43 17 0.05439964249082461
43 18 0.06701739131100713
43 19 0.07969704420685353
43 20 0.09243860117836382
43 21 0.10524206222553804
43 22 0.11810742734837608
43 23 0.13103469654687805
43 24 0.1440238698210439
43 25 0.1570749471708736
44 1 -0.13256660345078952
44 2 -0.12148214390810713
44 3 -0.11033780443255232
44 4 -0.09913358502412527
44 5 -0.08786948568282578
44 6 -0.07654550640865404
44 7 -0.06516164720160986
44 8 -0.053717908061693395
44 9 -0.04221428898890458
44 10 -0.030650789983243405
44 11 -0.01902741104470992
44 12 -0.0073441521733040895
44 13 0.0043989866309740834
44 14 0.016202005368124592
44 15 0.02806490403814747
44 16 0.03998768264104266
44 17 0.051970341176810195
44 18 0.06401287964545005
44 19 0.07611529804696231
44 20 0.08827759638134687
44 21 0.10049977464860378
44 22 0.112781832848733
44 23 0.12512377098173458
44 24 0.13752558904760856
44 25 0.14998728704635483
45 1 -0.12563952340459753
45 2 -0.11513373804226935
45 3 -0.1045703517664019
45 4 -0.09394936457699521
45 5 -0.08327077647404914
45 6 -0.0725345874575638
45 7 -0.06174079752753918
45 8 -0.05088940668397525
45 9 -0.03998041492687203
45 10 -0.029013822256229515
45 11 -0.017989628672047703
45 12 -0.006907834174326597
45 13 0.0042315612369338085
45 14 0.015428557561733506
45 15 0.026683154800072495
45 16 0.0379953529519508
45 17 0.04936515201736838
45 18 0.06079255199632526
45 19 0.07227755288882141
45 20 0.08382015469485692
45 21 0.09542035741443163
45 22 0.10707816104754571
45 23 0.11879356559419905
45 24 0.13056657105439168
45 25 0.1423971774281237
46 1 -0.11800369655342056
46 2 -0.10813586517299924
46 3 -0.09821306171468347
46 4 -0.08823528617847323
46 5 -0.07820253856436866
46 6 -0.06811481887236959
46 7 -0.05797212710247612
46 8 -0.04777446325468826
46 9 -0.03752182732900599
46 10 -0.027214219325429244
46 11 -0.016851639243958126
46 12 -0.00643408708459257
46 13 0.004038437152667382
46 14 0.014565933467821769
46 15 0.02514840186087056
46 16 0.03578584233181378
46 17 0.04647825488065145
46 18 0.05722563950738351
46 19 0.06802799621200996
46 20 0.07888532499453084
46 21 0.08979762585494619
46 22 0.10076489879325591
46 23 0.11178714380946005
46 24 0.12286436090355861
46 25 0.1339965500755516
47 1 -0.10997554780592254
47 2 -0.10077851682006692
47 3 -0.09152938847206918
47 4 -0.08222816276192939
47 5 -0.07287483968964752
47 6 -0.06346941925522352
47 7 -0.054011901458657495
47 8 -0.044502286299949345
47 9 -0.034940573779099135
47 10 -0.025326763896106844
47 11 -0.015660856650972468
47 12 -0.005942852043695987
47 13 0.003827249925722558
47 14 0.013649449257283189
47 15 0.023523745950985896
47 16 0.033450140006830706
47 17 0.04342863142481759
47 18 0.053459220204946506
47 19 0.06354190634721757
47 20 0.07367668985163069
47 21 0.08386357071818595
47 22 0.09410254894688318
47 23 0.10439362453772258
47 24 0.11473679749070405
47 25 0.12513206780582758
48 1 -0.10181847790850287
48 2 -0.09330308275939828
48 3 -0.08473861291613949
48 4 -0.07612506837872651
48 5 -0.06746244914715929
48 6 -0.05875075522143793
48 7 -0.04998998660156237
48 8 -0.0411801432875326
48 9 -0.032321225279348664
48 10 -0.023413232577010532
48 11 -0.014456165180518232
48 12 -0.005450023089871715
48 13 0.0036051936949289677
48 14 0.01270948517388385
48 15 0.021862851346992916
48 16 0.031065292214256166
48 17 0.04031680777567362
48 18 0.049617398031245256
48 19 0.05896706298097104
48 20 0.06836580262485112
48 21 0.07781361696288529
48 22 0.08731050599507369
48 23 0.09685646972141623
48 24 0.10645150814191302
48 25 0.11609562125656395
49 1 -0.0929085376828194
49 2 -0.08513775727716835
49 3 -0.07732131026880065
49 4 -0.06945919665771623
49 5 -0.06155141644391509
49 6 -0.05359796962739725
49 7 -0.045598856208162696
49 8 -0.037554076186211455
49 9 -0.029463629561543473
49 10 -0.0213275163341588
49 11 -0.013145736504057424
49 12 -0.00491829007123933
49 13 0.0033548229642954776
49 14 0.011673602602546995
49 15 0.02003804884351521
49 16 0.028448161687200126
49 17 0.03690394113360176
49 18 0.0454053871827201
49 19 0.05395249983455515
49 20 0.06254527908910691
49 21 0.07118372494637538
49 22 0.07986783740636055
49 23 0.08859761646906242
49 24 0.09737306213448098
49 25 0.10619417440261629
50 1 -0.08472503950343438
50 2 -0.07763822154335671
50 3 -0.07050895944729285
50 4 -0.06333725321524271
50 5 -0.05612310284720642
50 6 -0.04886650834318387
50 7 -0.04156746970317508
50 8 -0.034225986927180096
50 9 -0.026842060015198867
50 10 -0.01941568896723144
50 11 -0.011946873783277752
50 12 -0.004435614463337883
50 13 0.003118088992588232
50 14 0.010714236584500556
50 15 0.018352828312399115
50 16 0.026033864176283908
50 17 0.0337573441761549
50 18 0.04152326831201212
50 19 0.04933163658385557
50 20 0.057182448991685245
50 21 0.06507570553550115
50 22 0.07301140621530328
50 23 0.08098955103109157
50 24 0.08901013998286612
50 25 0.09707317307062692
51 1 -0.07610083431410872
51 2 -0.06973487022996862
51 3 -0.06332995113766125
51 4 -0.05688607703718678
51 5 -0.050403247928544996
51 6 -0.04388146381173604
51 7 -0.03732072468675989
51 8 -0.03072103055361649
51 9 -0.024082381412305898
51 10 -0.0174047772628281
51 11 -0.010688218105183084
51 12 -0.003932703939370842
51 13 0.0028617652346085974
51 14 0.009695189416755259
51 15 0.016567568607069122
51 16 0.023478902805550202
51 17 0.03042919201219849
51 18 0.037418436227014004
51 19 0.044446635449996726
51 20 0.05151378968114664
51 21 0.05861989892046383
51 22 0.06576496316794815
51 23 0.07294898242359973
51 24 0.08017195668741851
51 25 0.08743388595940452
52 1 -0.0682280039166182
52 2 -0.06252014228613524
52 3 -0.05677659474729564
52 4 -0.05099736130009936
52 5 -0.045182441944546396
52 6 -0.03933183668063675
52 7 -0.033445545508370436
52 8 -0.02752356842774744
52 9 -0.02156590543876776
52 10 -0.015572556541431398
52 11 -0.009543521735738374
52 12 -0.00347880102168867
52 13 0.0026216056007177125
52 14 0.008757698131480774
52 15 0.014929476570600522
52 16 0.021136940918076927
52 17 0.02738009117391004
52 18 0.033658927338099824
52 19 0.039973449410646254
52 20 0.04632365739154939
52 21 0.052709551280809196
52 22 0.05913113107842568
52 23 0.06558839678439884
52 24 0.07208134839872868
52 25 0.07860998592141522
53 1 -0.06015338089257457
53 2 -0.055120543597077465
53 3 -0.05005545965800006
53 4 -0.044958129075342475
53 5 -0.03982855184910461
53 6 -0.034666727979286494
53 7 -0.02947265746588814
53 8 -0.024246340308909545
53 9 -0.018987776508350707
53 10 -0.013696966064211634
53 11 -0.008373908976492286
53 12 -0.003018605245192714
53 13 0.0023689451296871077
53 14 0.0077887421481471755
53 15 0.013240785810187495
53 16 0.018725076115808054
53 17 0.024241613065008872
53 18 0.029790396657789917
53 19 0.03537142689415122
53 20 0.04098470377409276
53 21 0.046630227297614554
53 22 0.05230799746471659
53 23 0.05801801427539887
53 24 0.06376027772966138
53 25 0.06953478782750416
54 1 -0.0515603942907413
54 2 -0.04724597972157598
54 3 -0.04290308164458242
54 4 -0.03853170005976066
54 5 -0.03413183496711066
54 6 -0.029703486366632448
54 7 -0.025246654258326003
54 8 -0.020761338642191346
54 9 -0.01624753951822845
54 10 -0.011705256886437344
54 11 -0.0071344907468180166
54 12 -0.002535241099370452
54 13 0.002092492055905321
54 14 0.006748708719009329
54 15 0.01143340888994155
54 16 0.016146592568702003
54 17 0.020888259755290666
54 18 0.025658410449707562
54 19 0.030457044651952682
54 20 0.03528416236202602
54 21 0.040139763579927594
54 22 0.04502384830565739
54 23 0.04993641653921538
54 24 0.05487746828060162
54 25 0.05984700352981608
55 1 -0.04378023723386671
55 2 -0.04011635169264496
55 3 -0.03642749191108417
55 4 -0.03271365788918436
55 5 -0.02897484962694551
55 6 -0.02521106712436761
55 7 -0.021422310381450684
55 8 -0.017608579398194706
55 9 -0.013769874174599683
55 10 -0.009906194710665641
55 11 -0.0060175410063925475
55 12 -0.0021039130617804165
55 13 0.001834689123170755
55 14 0.005798265548460965
55 15 0.009786816214090211
55 16 0.013800341120058505
55 17 0.017838840266365837
55 18 0.021902313653012203
55 19 0.02599076127999761
55 20 0.030104183147322053
55 21 0.03424257925498554
55 22 0.03840594960298808
55 23 0.04259429419132963
55 24 0.046807613020010234
55 25 0.05104590608902988
56 1 -0.0365736545538342
56 2 -0.03351240160022465
56 3 -0.030429525192566573
56 4 -0.02732502533085996
56 5 -0.024198902015104842
56 6 -0.021051155245301198
56 7 -0.017881785021449013
56 8 -0.014690791343548316
56 9 -0.011478174211599083
56 10 -0.00824393362560133
56 11 -0.004988069585555047
56 12 -0.0017105820914602502
56 13 0.0015885288566830809
56 14 0.004909263258874933
56 15 0.008251621115115312
56 16 0.011615602425404216
56 17 0.015001207189741645
56 18 0.018408435408127605
56 19 0.021837287080562078
56 20 0.025287762207045088
56 21 0.028759860787576613
56 22 0.03225358282215667
56 23 0.03576892831078525
56 24 0.03930589725346235
56 25 0.042864489650187985
57 1 -0.02933720825443261
57 2 -0.026881158101304103
57 3 -0.0244069664581449
57 4 -0.021914633324955003
57 5 -0.019404158701734408
57 6 -0.01687554258848311
57 7 -0.014328784985201114
57 8 -0.011763885891888435
57 9 -0.009180845308545047
57 10 -0.006579663235170965
57 11 -0.003960339671766191
57 12 -0.0013228746183307127
57 13 0.0013327319251354628
57 14 0.004006479958632335
57 15 0.0066983694821599
57 16 0.009408400495718163
57 17 0.012136572999307132
57 18 0.014882886992926793
57 19 0.017647342476577142
57 20 0.0204299394502582
57 21 0.02323067791396995
57 22 0.0260495578677124
57 23 0.028886579311485545
57 24 0.03174174224528939
57 25 0.03461504666912392
58 1 -0.022942788974487975
58 2 -0.021021598105141065
58 3 -0.019085466996484845
58 4 -0.01713439564851933
58 5 -0.015168384061244497
58 6 -0.01318743223466037
58 7 -0.011191540168766926
58 8 -0.009180707863564178
58 9 -0.0071549353190521305
58 10 -0.005114222535230775
58 11 -0.003058569512100117
58 12 -0.000987976249660151
58 13 0.0010975572520891235
58 14 0.0031980309931477014
58 15 0.005313444973515585
58 16 0.00744379919319277
58 17 0.009589093652179265
58 18 0.011749328350475069
58 19 0.013924503288080167
58 20 0.016114618464994578
58 21 0.0183196738812183
58 22 0.020539669536751317
58 23 0.022774605431593646
58 24 0.025024481565745278
58 25 0.027289297939206213
59 1 -0.01749342021789368
59 2 -0.016028117326656686
59 3 -0.01455072640291078
59 4 -0.013061247446655969
59 5 -0.01155968045789226
59 6 -0.010046025436619647
59 7 -0.008520282382838132
59 8 -0.0069824512965477184
59 9 -0.005432532177748405
59 10 -0.0038705250264401813
59 11 -0.0022964298426230646
59 12 -0.0007102466262970386
59 13 0.0008880246225378822
59 14 0.002498383903881709
59 15 0.004120831217734436
59 16 0.005755366564096062
59 17 0.0074019899429665975
59 18 0.00906070135434603
59 19 0.010731500798234362
59 20 0.012414388274631597
59 21 0.014109363783537733
59 22 0.015816427324952777
59 23 0.017535578898876716
59 24 0.019266818505309556
59 25 0.021010146144251302
60 1 -0.012586003283890076
60 2 -0.011531336456736489
60 3 -0.010467290297416476
60 4 -0.009393864805930041
60 5 -0.008311059982277163
60 6 -0.007218875826457855
60 7 -0.006117312338472123
60 8 -0.005006369518319957
60 9 -0.003886047366001359
60 10 -0.002756345881516331
60 11 -0.0016172650648648727
60 12 -0.0004688049160469851
60 13 0.000689034564937336
60 14 0.001856253378088088
60 15 0.003032851523405268
60 16 0.0042188290008888804
60 17 0.005414185810538925
60 18 0.006618921952355398
60 19 0.007833037426338308
60 20 0.009056532232487643
60 21 0.010289406370803408
60 22 0.011531659841285603
60 23 0.012783292643934229
60 24 0.014044304778749293
60 25 0.015314696245730775
61 1 -0.008435239902956533
61 2 -0.007727995424022539
61 3 -0.007013824271269219
61 4 -0.006292726444696569
61 5 -0.005564701944304587
61 6 -0.004829750770093278
61 7 -0.004087872922062634
61 8 -0.003339068400212664
61 9 -0.0025833372045433625
61 10 -0.001820679335054731
61 11 -0.0010510947917467713
61 12 -0.00027458357461948135
61 13 0.000508854316327138
61 14 0.0012992188810930871
61 15 0.0020965101196783673
61 16 0.002900728032082977
61 17 0.0037118726183069132
61 18 0.004529943878350183
61 19 0.005354941812212779
61 20 0.006186866419894708
61 21 0.007025717701395966
61 22 0.007871495656716554
61 23 0.008724200285856472
61 24 0.009583831588815716
61 25 0.010450389565594295
62 1 -0.004981837131013303
62 2 -0.004563769764252787
62 3 -0.004141016398891264
62 4 -0.003713577034928727
62 5 -0.0032814516723651812
62 6 -0.002844640311200621
62 7 -0.0024031429514350545
62 8 -0.0019569595930684744
62 9 -0.0015060902361008848
62 10 -0.0010505348805322835
62 11 -0.0005902935263626729
62 12 -0.0001253661735920501
62 13 0.00034424717777958175
62 14 0.0008185465277522248
62 15 0.0012975318763258793
62 16 0.001781203223500543
62 17 0.0022695605692762194
62 18 0.0027626039136529044
62 19 0.0032603332566306003
62 20 0.003762748598209306
62 21 0.004269849938389027
62 22 0.004781637277169753
62 23 0.005298110614551495
62 24 0.0058192699505342435
62 25 0.006345115285118002
63 1 -0.002581447014649173
63 2 -0.0023645199075540795
63 3 -0.00214468796466131
63 4 -0.0019219511859708664
63 5 -0.0016963095714827461
63 6 -0.0014677631211969507
63 7 -0.00123631183511348
63 8 -0.0010019557132323331
63 9 -0.0007646947555535115
63 10 -0.0005245289620770145
63 11 -0.00028145833280284166
63 12 -0.000035482867730993366
63 13 0.0002133974331385304
63 14 0.00046518256980572996
63 15 0.0007198725422706047
63 16 0.0009774673505331545
63 17 0.0012379669945933804
63 18 0.0015013714744512804
63 19 0.0017676807901068573
63 20 0.0020368949415601103
63 21 0.002309013928811037
63 22 0.00258403775185964
63 23 0.0028619664107059177
63 24 0.003142799905349872
63 25 0.0034265382357915007
64 1 -0.0011550764908257374
64 2 -0.0010578104966799209
64 3 -0.0009589210334590005
64 4 -0.0008584081011629755
64 5 -0.0007562716997918463
64 6 -0.0006525118293456136
64 7 -0.0005471284898242763
64 8 -0.0004401216812278347
64 9 -0.0003314914035562897
64 10 -0.00022123765680964017
64 11 -0.00010936044098788635
64 12 4.1402439089713395*^-6
64 13 0.00011926439788093324
64 14 0.00023601202092799915
64 15 0.00035438311305016943
64 16 0.0004743776742474436
64 17 0.000595995704519822
64 18 0.0007192372038673045
64 19 0.0008441021722898913
64 20 0.0009705906097875822
64 21 0.001098702516360377
64 22 0.0012284378920082762
64 23 0.0013597967367312788
64 24 0.0014927790505293865
64 25 0.0016273848334025975
65 1 -0.0005345778961757347
65 2 -0.000489463303554735
65 3 -0.0004434378669290738
65 4 -0.00039650158629875114
65 5 -0.00034865446166376754
65 6 -0.00029989649302412225
65 7 -0.000250227680379816
65 8 -0.00019964802373084847
65 9 -0.00014815752307721953
65 10 -0.00009575617841892938
65 11 -0.000042443989755977846
65 12 0.000011779042911635064
65 13 0.00006691291958390907
65 14 0.0001229576402608445
65 15 0.0001799132049424412
65 16 0.00023777961362869904
65 17 0.0002965568663196185
65 18 0.0003562449630151992
65 19 0.0004168439037154408
65 20 0.0004783536884203439
65 21 0.0005407743171299085
65 22 0.0006041057898441345
65 23 0.0006683481065630215
65 24 0.0007335012672865695
65 25 0.0007995652720147795
66 1 -0.00028842697097313186
66 2 -0.0002640507890732364
66 3 -0.0002391269014568104
66 4 -0.00021365530812385405
66 5 -0.00018763600907436702
66 6 -0.00016106900430834956
66 7 -0.00013395429382580148
66 8 -0.00010629187762672279
66 9 -0.00007808175571111363
66 10 -0.00004932392807897394
66 11 -0.00002001839473030368
66 12 9.834844334897173*^-6
66 13 0.00004023578911662843
66 14 0.00007118443961489038
66 15 0.00010268079582968275
66 16 0.00013472485776100574
66 17 0.00016731662540885929
66 18 0.0002004560987732435
66 19 0.00023414327785415797
66 20 0.0002683781626516031
66 21 0.0003031607531655791
66 22 0.00033849104939608516
66 23 0.0003743690513431221
66 24 0.0004107947590066893
66 25 0.00044776817238678705
67 1 -0.000181497354544656
67 2 -0.00016615336706871426
67 3 -0.00015045687591275754
67 4 -0.00013440788107678604
67 5 -0.00011800638256079943
67 6 -0.00010125238036479795
67 7 -0.00008414587448878163
67 8 -0.00006668686493275043
67 9 -0.00004887535169670426
67 10 -0.00003071133478064325
67 11 -0.000012194814184567275
67 12 6.674210091523623*^-6
67 13 0.00002589573804762934
67 14 0.00004546976968374997
67 15 0.00006539630499988552
67 16 0.00008567534399603604
67 17 0.00010630688667220144
67 18 0.00012729093302838167
67 19 0.00014862748306457686
67 20 0.000170316536780787
67 21 0.00019235809417701203
67 22 0.000214752155253252
67 23 0.00023749872000950676
67 24 0.00026059778844577666
67 25 0.0002840493605620612
68 1 -0.00013055144721483484
68 2 -0.00011952093406479783
68 3 -0.00010824723502085648
68 4 -0.00009673035008301094
68 5 -0.00008497027925126122
68 6 -0.00007296702252560717
68 7 -0.0000607205799060489
68 8 -0.000048230951392586454
68 9 -0.000035498136985219776
68 10 -0.000022522136683948843
68 11 -9.302950488773703*^-6
68 12 4.15942160030563*^-6
68 13 0.000017864979583289265
68 14 0.0000318137234601771
68 15 0.00004600565323096916
68 16 0.00006044076889566548
68 17 0.00007511907045426595
68 18 0.00009004055790677061
68 19 0.00010520523125317967
68 20 0.00012061309049349287
68 21 0.00013626413562771035
68 22 0.00015215836665583203
68 23 0.00016829578357785787
68 24 0.00018467638639378797
68 25 0.00020130017510362226
69 1 -0.00010053823421272901
69 2 -0.00009205373013013507
69 3 -0.0000833982548061435
69 4 -0.00007457180824075446
69 5 -0.00006557439043396784
69 6 -0.00005640600138578363
69 7 -0.000047066641096201855
69 8 -0.00003755630956522245
69 9 -0.000027875006792845535
69 10 -0.000018022732779071056
69 11 -7.99948752389898*^-6
69 12 2.1947289726706315*^-6
69 13 0.000012559916710637846
69 14 0.000023096075690002602
69 15 0.00003380320591076492
69 16 0.00004468130737292487
69 17 0.000055730380076482355
69 18 0.00006695042402143732
69 19 0.00007834143920778993
69 20 0.0000899034256355402
69 21 0.00010163638330468793
69 22 0.0001135403122152333
69 23 0.00012561521236717613
69 24 0.00013786108376051662
69 25 0.00015027792639525476
70 1 -0.00008462780227225854
70 2 -0.0000774946972930915
70 3 -0.00007023167484033974
70 4 -0.00006283873491400314
70 5 -0.00005531587751408181
70 6 -0.00004766310264057569
70 7 -0.00003988041029348481
70 8 -0.000031967800472809145
70 9 -0.00002392527317854869
70 10 -0.000015752828410703527
70 11 -7.450466169273517*^-6
70 12 9.818135457412275*^-7
70 13 9.544010734340773*^-6
70 14 0.00001823612539652508
70 15 0.00002705815753229416
70 16 0.00003601010714164799
70 17 0.0000450919742245866
70 18 0.000054303758781110086
70 19 0.00006364546081121815
70 20 0.00007311708031491117
70 21 0.00008271861729218884
70 22 0.00009245007174305138
70 23 0.00010231144366749855
70 24 0.00011230273306553066
70 25 0.00012242393993714738
71 1 -0.00007369203583003336
71 2 -0.00006748827538411963
71 3 -0.0000611835923258101
71 4 -0.000054777986655104624
71 5 -0.00004827145837200326
71 6 -0.000041664007476505945
71 7 -0.00003495563396861278
71 8 -0.000028146337848323646
71 9 -0.000021236119115638632
71 10 -0.000014224977770557706
71 11 -7.112913813080895*^-6
71 12 1.0007275679186565*^-7
71 13 7.413981939060511*^-6
71 14 0.000014828813733725064
71 15 0.00002234456814078553
71 16 0.000029961245160241886
71 17 0.000037678844792094136
71 18 0.00004549736703634236
71 19 0.00005341681189298648
71 20 0.00006143717936202647
71 21 0.00006955846944346232
71 22 0.00007778068213729414
71 23 0.00008610381744352194
71 24 0.00009452787536214549
71 25 0.000103052855893165
72 1 -0.00006620457320732947
72 2 -0.00006063699140341614
72 3 -0.000054988143430477574
72 4 -0.000049258029288513734
72 5 -0.000043446648977524624
72 6 -0.0000375540024975102
72 7 -0.000031580089848470555
72 8 -0.000025524911030405627
72 9 -0.0000193884660433154
72 10 -0.000013170754887199882
72 11 -6.8717775620591014*^-6
72 12 -4.91534067893072*^-7
72 13 5.9699755952982895*^-6
72 14 0.000012512751427514888
72 15 0.00001913679342875678
72 16 0.000025842101599024022
72 17 0.000032628675938316454
72 18 0.00003949651644663413
72 19 0.000046445623123977174
72 20 0.000053475995970345434
72 21 0.00006058763498573898
72 22 0.00006778054017015788
72 23 0.00007505471152360204
72 24 0.0000824101490460714
72 25 0.00008984685273756606
73 1 -0.00006103966944773663
73 2 -0.00005591054011604413
73 3 -0.000050713079926569236
73 4 -0.00004544728887931185
73 5 -0.00004011316697427199
73 6 -0.00003471071421144972
73 7 -0.000029239930590844996
73 8 -0.000023700816112457832
73 9 -0.000018093370776288237
73 10 -0.000012417594582336156
73 11 -6.673487530601673*^-6
73 12 -8.61049621084745*^-7
73 13 5.019719146214625*^-6
73 14 0.000010968818771296464
73 15 0.00001698624925416073
73 16 0.0000230720105948075
73 17 0.00002922610279323663
73 18 0.00003544852584944823
73 19 0.00004173927976344226
73 20 0.00004809836453521877
73 21 0.00005452578016477776
73 22 0.0000610215266521191
73 23 0.00006758560399724298
73 24 0.00007421801220014918
73 25 0.00008091875126083794
74 1 -0.000057025025335556864
74 2 -0.000052236196223503814
74 3 -0.000047388277331783136
74 4 -0.00004248126866039487
74 5 -0.00003751517020933895
74 6 -0.000032489981978615406
74 7 -0.000027405703968224255
74 8 -0.000022262336178165483
74 9 -0.000017059878608439096
74 10 -0.000011798331259045064
74 11 -6.477694129983427*^-6
74 12 -1.097967221254159*^-6
74 13 4.340849467142741*^-6
74 14 9.838755935207256*^-6
74 15 0.000015395752182939385
74 16 0.000021011838210339143
74 17 0.000026687014017406563
74 18 0.00003242127960414158
74 19 0.00003821463497054423
74 20 0.0000440670801166145
74 21 0.00004997861504235236
74 22 0.00005594923974775788
74 23 0.0000619789542328309
74 24 0.00006806775849757169
74 25 0.00007421565254198007
75 1 -0.00005424567801000354
75 2 -0.00004969200317962839
75 3 -0.000045084934522444364
75 4 -0.00004042447203845138
75 5 -0.0000357106157276495
75 6 -0.0000309433655900387
75 7 -0.00002612272162561903
75 8 -0.000021248683834390458
75 9 -0.000016321252216352955
75 10 -0.000011340426771506575
75 11 -6.306207499851286*^-6
75 12 -1.2185944013870932*^-6
75 13 3.922412523886023*^-6
75 14 9.116813275968026*^-6
75 15 0.000014364607854858909
75 16 0.00001966579626055872
75 17 0.000025020378493067414
75 18 0.000030428354552385065
75 19 0.00003588972443851159
75 20 0.00004140448815144697
75 21 0.000046972645691191294
75 22 0.00005259419705774457
75 23 0.00005826914225110665
75 24 0.00006399748127127768
75 25 0.00006977921411825767
76 1 -0.00005205691214392023
76 2 -0.00004768807886329222
76 3 -0.00004326978263446959
76 4 -0.000038802023457452315
76 5 -0.00003428480133224044
76 6 -0.000029718116258834003
76 7 -0.000025101968237232858
76 8 -0.000020436357267437157
76 9 -0.000015721283349446788
76 10 -0.000010956746483261843
76 11 -6.142746668882278*^-6
76 12 -1.279283906308096*^-6
76 13 3.6336418044607095*^-6
76 14 8.596030463424145*^-6
76 15 0.00001360788207058215
76 16 0.00001866919662593482
76 17 0.00002377997412948208
76 18 0.00002894021458122397
76 19 0.0000341499179811605
76 20 0.00003940908432929161
76 21 0.000044717713625617284
76 22 0.00005007580587013772
76 23 0.00005548336106285263
76 24 0.00006094037920376214
76 25 0.00006644686029286655
77 1 -0.00005031906217199679
77 2 -0.00004609674958955262
77 3 -0.0000418277076564887
77 4 -0.000037511936372804964
77 5 -0.000033149435738501485
77 6 -0.00002874020575357823
77 7 -0.000024284246418035177
77 8 -0.00001978155773187238
77 9 -0.000015232139695089791
77 10 -0.000010635992307687438
77 11 -5.99311556966533*^-6
77 12 -1.3035094810234208*^-6
77 13 3.4328259582382364*^-6
77 14 8.215890748119682*^-6
77 15 0.000013045684888620882
77 16 0.00001792220837974187
77 17 0.000022845461221482612
77 18 0.00002781544341384311
77 19 0.000032832154956823414
77 20 0.00003789559585042345
77 21 0.00004300576609464333
77 22 0.00004816266568948295
77 23 0.000053366294634942316
77 24 0.000058616652931021474
77 25 0.00006391374057772035
78 1 -0.00004632533517726193
78 2 -0.00004256482163166785
78 3 -0.00003896501314920305
78 4 -0.00003552590972986756
78 5 -0.000032247511373661296
78 6 -0.0000291298180805843
78 7 -0.00002617282985063659
78 8 -0.00002337654668381815
78 9 -0.00002074096858012902
78 10 -0.000018266095539569126
78 11 -0.000015951927562138517
78 12 -0.000013798464647837173
78 13 -0.000011805706796665106
78 14 -9.973654008622324*^-6
78 15 -8.30230628370878*^-6
78 16 -6.79166362192458*^-6
78 17 -5.441726023269625*^-6
78 18 -4.252493487743927*^-6
78 19 -3.2239660153474733*^-6
78 20 -2.356143606080358*^-6
78 21 -1.6490262599425142*^-6
78 22 -1.102613976933887*^-6
78 23 -7.169067570546122*^-7
78 24 -4.91904600304527*^-7
78 25 -4.276075066838214*^-7
79 1 -0.00004664356404901257
79 2 -0.00004284726389631954
79 3 -0.000039196765284594486
79 4 -0.000035692068213837366
79 5 -0.000032333172684048244
79 6 -0.00002912007869522706
79 7 -0.000026052786247373815
79 8 -0.000023131295340488562
79 9 -0.000020355605974571266
79 10 -0.000017725718149621927
79 11 -0.000015241631865640565
79 12 -0.00001290334712262715
79 13 -0.000010710863920581684
79 14 -8.664182259504212*^-6
79 15 -6.763302139394656*^-6
79 16 -5.008223560253118*^-6
79 17 -3.3989465220795023*^-6
79 18 -1.935471024873864*^-6
79 19 -6.177970686361753*^-7
79 20 5.540753466335498*^-7
79 21 1.5801462209352843*^-6
79 22 2.4604155542690825*^-6
79 23 3.19488334663489*^-6
79 24 3.7835495980327886*^-6
79 25 4.226414308462751*^-6
80 1 -0.00005240405254806663
80 2 -0.000047973130841738034
80 3 -0.0000434394195691149
80 4 -0.00003880291873019714
80 5 -0.00003406362832498472
80 6 -0.000029221548353477802
80 7 -0.000024276678815676212
80 8 -0.000019229019711580016
80 9 -0.000014078571041189227
80 10 -8.825332804503817*^-6
80 11 -3.4693050015237965*^-6
80 12 1.9895123677508107*^-6
80 13 7.551119303320027*^-6
80 14 0.000013215515805183851
80 15 0.000018982701873342292
80 16 0.00002485267750779532
80 17 0.00003082544270854294
80 18 0.000036900997475585205
80 19 0.000043079341808922094
80 20 0.00004936047570855354
80 21 0.00005574439917447962
80 22 0.00006223111220670033
80 23 0.00006882061480521556
80 24 0.0000755129069700255
80 25 0.00008230798870112997
81 1 -0.0000513861349535017
81 2 -0.00004702122727538618
81 3 -0.00004252327641838725
81 4 -0.000037892282382504955
81 5 -0.000033128245167739245
81 6 -0.000028231164774090132
81 7 -0.000023201041201557608
81 8 -0.000018037874450141688
81 9 -0.000012741664519842373
81 10 -7.312411410659643*^-6
81 11 -1.7501151225935075*^-6
81 12 3.945224344355983*^-6
81 13 9.773606990188922*^-6
81 14 0.000015735032814905257
81 15 0.000021829501818504994
81 16 0.000028057014000988092
81 17 0.000034417569362354646
81 18 0.00004091116790260457
81 19 0.00004753780962173791
81 20 0.00005429749451975465
81 21 0.00006119022259665476
81 22 0.00006821599385243833
81 23 0.00007537480828710526
81 24 0.00008266666590065554
81 25 0.00009009156669308931
82 1 -0.00005035073404112078
82 2 -0.0000460543679177342
82 3 -0.00004159642666520786
82 4 -0.00003697691028354172
82 5 -0.00003219581877273582
82 6 -0.000027253152132790165
82 7 -0.000022148910363704653
82 8 -0.000016883093465479403
82 9 -0.00001145570143811437
82 10 -5.86673428160957*^-6
82 11 -1.1619199596495742*^-7
82 12 5.795925418819437*^-6
82 13 0.000011869617962743596
82 14 0.000018104885635807517
82 15 0.000024501728438011233
82 16 0.00003106014636935478
82 17 0.0000377801394298381
82 18 0.000044661707619461126
82 19 0.00005170485093822397
82 20 0.00005890956938612659
82 21 0.00006627586296316903
82 22 0.00007380373166935122
82 23 0.00008149317550467313
82 24 0.00008934419446913501
82 25 0.00009735678856273656
83 1 -0.00004946162780601011
83 2 -0.00004522482401762906
83 3 -0.00004080307859193173
83 4 -0.00003619639152891826
83 5 -0.00003140476282858854
83 6 -0.00002642819249094258
83 7 -0.00002126668051598041
83 8 -0.000015920226903702018
83 9 -0.00001038883165410742
83 10 -4.6724947671966225*^-6
83 11 1.2287837570304223*^-6
83 12 7.315003918573677*^-6
83 13 0.000013586165717433172
83 14 0.00002004226915360886
83 15 0.00002668331422710077
83 16 0.00003350930093790893
83 17 0.00004052022928603326
83 18 0.000047716099271473856
83 19 0.00005509691089423061
83 20 0.00006266266415430365
83 21 0.00007041335905169292
83 22 0.00007834899558639829
83 23 0.00008646957375841997
83 24 0.00009477509356775794
83 25 0.00010326555501441199
84 1 -0.00004865759900783452
84 2 -0.00004447497513537299
84 3 -0.000040086788852030385
84 4 -0.00003549304015780676
84 5 -0.000030693729052702085
84 6 -0.000025688855536716377
84 7 -0.00002047841960984958
84 8 -0.000015062421272101761
84 9 -9.440860523472911*^-6
84 10 -3.6137373639629968*^-6
84 11 2.418948206427956*^-6
84 12 8.657196187699951*^-6
84 13 0.000015101006579852992
84 14 0.000021750379382887085
84 15 0.000028605314596802244
84 16 0.00003566581222159844
84 17 0.000042931872257275685
84 18 0.00005040349470383395
84 19 0.000058080679561273206
84 20 0.00006596342682959362
84 21 0.0000740517365087951
84 22 0.00008234560859887751
84 23 0.00009084504309984107
84 24 0.00009955004001168557
84 25 0.00010846059933441118
85 1 -0.00004787807111638384
85 2 -0.00004374807817723375
85 3 -0.00003939269449191731
85 4 -0.0000348119200604345
85 5 -0.00003000575488278533
85 6 -0.00002497419895896975
85 7 -0.000019717252288987852
85 8 -0.000014234914872839583
85 9 -8.527186710524926*^-6
85 10 -2.5940678020439197*^-6
85 11 3.564441852603478*^-6
85 12 9.948342253417224*^-6
85 13 0.000016557633400397342
85 14 0.00002339231529354382
85 15 0.000030452387932856675
85 16 0.00003773785131833589
85 17 0.000045248705449981496
85 18 0.00005298495032779342
85 19 0.00006094658595177173
85 20 0.00006913361232191645
85 21 0.00007754602943822746
85 22 0.00008618383730070496
85 23 0.0000950470359093487
85 24 0.00010413562526415888
85 25 0.00011344960536513544
86 1 -0.00004718122132188849
86 2 -0.00004309821408119322
86 3 -0.00003877198929966132
86 4 -0.0000342025469772929
86 5 -0.000029389887114087826
86 6 -0.00002433400971004619
86 7 -0.000019034914765167953
86 8 -0.000013492602279453126
86 9 -7.707072252901701*^-6
86 10 -1.6783246855136808*^-6
86 11 4.593640422710893*^-6
86 12 0.000011108823071772097
86 13 0.000017867223261669884
86 14 0.00002486884099240425
86 15 0.00003211367626397522
86 16 0.000039601729076382805
86 17 0.00004733299942962696
86 18 0.00005530748732370769
86 19 0.00006352519275862503
86 20 0.0000719861157343789
86 21 0.00008069025625096957
86 22 0.00008963761430839661
86 23 0.00009882818990666035
86 24 0.00010826198304576061
86 25 0.00011793899372569748
87 1 -0.00004655149334471838
87 2 -0.00004251076988428976
87 3 -0.000038210435880989826
87 4 -0.000033650491334818546
87 5 -0.000028830936245775924
87 6 -0.000023751770613861948
87 7 -0.000018412994439076637
87 8 -0.000012814607721419984
87 9 -6.956610460892007*^-6
87 10 -8.390026574926747*^-7
87 11 5.538215688778006*^-6
87 12 0.000012175044577920007
87 13 0.00001907148400993337
87 14 0.000026227533984818065
87 15 0.000033643194502574084
87 16 0.000041318465563201475
87 17 0.00004925334716670017
87 18 0.00005744783931307024
87 19 0.00006590194200231166
87 20 0.00007461565523442442
87 21 0.00008358897900940844
87 22 0.00009282191332726391
87 23 0.00010231445818799075
87 24 0.00011206661359158875
87 25 0.00012207837953805823
88 1 -0.00004602998914305853
88 2 -0.00004202406317737078
88 3 -0.00003774459797150703
88 4 -0.0000331915935254673
88 5 -0.00002836504983925167
88 6 -0.00002326496691286007
88 7 -0.000017891344746292486
88 8 -0.000012244183339548972
88 9 -6.3234826926295005*^-6
88 10 -1.2924280553406584*^-7
88 11 6.338536321737322*^-6
88 12 0.000013079854689184682
88 13 0.000020094712296807963
88 14 0.000027383109144607216
88 15 0.00003494504523258244
88 16 0.00004278052056073359
88 17 0.000050889535129060686
88 18 0.000059272088937563746
88 19 0.00006792818198624278
88 20 0.0000768578142750978
88 21 0.00008606098580412872
88 22 0.00009553769657333564
88 23 0.00010528794658271843
88 24 0.00011531173583227729
88 25 0.00012560906432201207
89 1 -0.00004552220881621491
89 2 -0.000041549885849064125
89 3 -0.00003729001318498882
89 4 -0.00003274259082398898
89 5 -0.000027907618766064593
89 6 -0.00002278509701121567
89 7 -0.000017375025559442196
89 8 -0.00001167740441074418
89 9 -5.692233565121636*^-6
89 10 5.804869774254472*^-7
89 11 7.140757216897071*^-6
89 12 0.000013988577153293218
89 13 0.000021123946786613913
89 14 0.00002854686611685917
89 15 0.000036257335144028905
89 16 0.000044255353868123215
89 17 0.000052540922289142066
89 18 0.00006111404040708543
89 19 0.00006997470822195339
89 20 0.00007912292573374584
89 21 0.00008855869294246284
89 22 0.00009828200984810439
89 23 0.00010829287645067033
89 24 0.000118591292750161
89 25 0.00012917725874657626
90 1 -0.00004506020970694336
90 2 -0.000041118138583482704
90 3 -0.00003687525341355942
90 4 -0.0000323315541971735
90 5 -0.000027487040934325035
90 6 -0.000022341713625013918
90 7 -0.00001689557226924018
90 8 -0.000011148616867003849
90 9 -5.100847418304884*^-6
90 10 1.24773607685669*^-6
90 11 7.897133618480862*^-6
90 12 0.000014847345206567659
90 13 0.000022098370841117062
90 14 0.000029650210522129096
90 15 0.00003750286424960372
90 16 0.000045656332023540936
90 17 0.0000541106138439408
90 18 0.00006286570971080328
90 19 0.00007192161962412834
90 20 0.00008127834358391603
90 21 0.00009093588159016633
90 22 0.00010089423364287927
90 23 0.00011115339974205479
90 24 0.00012171337988769296
90 25 0.0001325741740797937
91 1 -0.00004464880533245749
91 2 -0.0000407333402687158
91 3 -0.000036504714182530296
91 4 -0.000031962927073901015
91 5 -0.000027107978942827896
91 6 -0.000021939869789310964
91 7 -0.000016458599613350227
91 8 -0.000010664168414945684
91 9 -4.55657619409736*^-6
91 10 1.8641770491948014*^-6
91 11 8.598091314930774*^-6
91 12 0.000015645166603110543
91 13 0.000023005402913734136
91 14 0.00003067880024680152
91 15 0.000038665358602312704
91 16 0.00004696507798026768
91 17 0.00005557795838066651
91 18 0.00006450399980350914
91 19 0.00007374320224879555
91 20 0.00008329556571652582
91 21 0.0000931610902066998
91 22 0.00010333977571931777
91 23 0.00011383162225437935
91 24 0.00012463662981188487
91 25 0.0001357547983918342
92 1 -0.00004427867168816694
92 2 -0.00004038680932701074
92 3 -0.000036170139923391424
92 4 -0.000031628663477309005
92 5 -0.0000267623799887634
92 6 -0.000021571289457754732
92 7 -0.00001605539188428293
92 8 -0.000010214687268348007
92 9 -4.0491756099499534*^-6
92 10 2.441143090911213*^-6
92 11 9.256268834235496*^-6
92 12 0.0000163962016200229
92 13 0.00002386094144827341
92 14 0.000031650488318987084
92 15 0.00003976484223216385
92 16 0.00004820400318780378
92 17 0.00005696797118590676
92 18 0.00006605674622647289
92 19 0.00007547032830950216
92 20 0.00008520871743499455
92 21 0.00009527191360295004
92 22 0.0001056599168133686
92 23 0.00011637272706625031
92 24 0.0001274103443615952
92 25 0.00013877276869940326
93 1 -0.00004393475373851983
93 2 -0.000040064476671447805
93 3 -0.000035858015481868176
93 4 -0.000031315370169781045
93 5 -0.000026436540735186342
93 6 -0.00002122152717808405
93 7 -0.0000156703294984742
93 8 -9.782947696356781*^-6
93 9 -3.5593817717317977*^-6
93 10 3.0003682754007502*^-6
93 11 9.896302445040876*^-6
93 12 0.000017128420737188554
93 13 0.000024696723151843835
93 14 0.00003260120968900665
93 15 0.000040841880348677065
93 16 0.00004941873513085501
93 17 0.000058331774035540545
93 18 0.00006758099706273363
93 19 0.00007716640421243433
93 20 0.00008708799548464257
93 21 0.0000973457708793583
93 22 0.00010793973039658173
93 23 0.00011886987403631261
93 24 0.00013013620179855117
93 25 0.00014173871368329725
94 1 -0.00004364028213049202
94 2 -0.000039788171513068815
94 3 -0.000035589628123456454
94 4 -0.00003104465196165498
94 5 -0.000026153243027664428
94 6 -0.000020915401321484663
94 7 -0.000015331126843115824
94 8 -9.400419592557832*^-6
94 9 -3.1232795698107208*^-6
94 10 3.5002932251255198*^-6
94 11 0.00001047029879225091
94 12 0.000017786737131565404
94 13 0.000025449608243069043
94 14 0.00003345891212676179
94 15 0.00004181464878264372
94 16 0.000050516818210714746
94 17 0.00005956542041097486
94 18 0.0000689604553834241
94 19 0.00007870192312806253
94 20 0.0000887898236448901
94 21 0.00009922415693390676
94 22 0.00011000492299511252
94 23 0.00012113212182850747
94 24 0.0001326057534340916
94 25 0.0001444258178118647
95 1 -0.0000433532809367077
95 2 -0.000039518546813194974
95 3 -0.0000353268620261534
95 4 -0.00003077822657558313
95 5 -0.000025872640461484054
95 6 -0.000020610103683856193
95 7 -0.000014990616242699587
95 8 -9.014178138014162*^-6
95 9 -2.680789369799997*^-6
95 10 4.009550061942953*^-6
95 11 0.000011056840157214687
95 12 0.000018461080916015186
95 13 0.00002622227233834447
95 14 0.00003434041442420252
95 15 0.00004281550717358937
95 16 0.000051647550586505
95 17 0.0000608365446629494
95 18 0.00007038248940292252
95 19 0.00008028538480642446
95 20 0.00009054523087345521
95 21 0.00010116202760401465
95 22 0.00011213577499810292
95 23 0.00012346647305572
95 24 0.00013515412177686584
95 25 0.00014719872116154042
96 1 -0.00004308449165992634
96 2 -0.000039265689479782456
96 3 -0.00003507953631775955
96 4 -0.000030526032173857686
96 5 -0.00002560517704807684
96 6 -0.00002031697094041698
96 7 -0.00001466141385087809
96 8 -8.638505779460254*^-6
96 9 -2.2482467261634217*^-6
96 10 4.509363309012439*^-6
96 11 0.000011634324326067234
96 12 0.00001912663632500108
96 13 0.0000269862993058139
96 14 0.000035213313268505696
96 15 0.00004380767821307654
96 16 0.00005276939413952634
96 17 0.00006209846104785514
96 18 0.00007179487893806289
96 19 0.0000818586478101497
96 20 0.00009228976766411546
96 21 0.00010308823849996022
96 22 0.00011425406031768401
96 23 0.00012578723311728674
96 24 0.00013768775689876849
96 25 0.00014995563166212913
97 1 -0.00004282143547124487
97 2 -0.000039017855690197744
97 3 -0.000034836151856136643
97 4 -0.000030276323969061524
97 5 -0.000025338372028972394
97 6 -0.000020022296035869235
97 7 -0.000014328095989752082
97 8 -8.255771890620928*^-6
97 9 -1.805323738475774*^-6
97 10 5.023248466683435*^-6
97 11 0.00001222994472485659
97 12 0.000019814765036043816
97 13 0.000027777709400245004
97 14 0.00003611877781746025
97 15 0.00004483797028768947
97 16 0.000053935286810932674
97 17 0.00006341072738718998
97 18 0.00007326429201646122
97 19 0.00008349598069874647
97 20 0.00009410579343404574
97 21 0.00010509373022235904
97 22 0.0001164597910636863
97 23 0.0001282039759580276
97 24 0.00014032628490538292
97 25 0.0001528267179057522
98 1 -0.00004260429408842173
98 2 -0.00003881296546815885
98 3 -0.00003463411470514096
98 4 -0.000030067741799368078
98 5 -0.000025113846750840168
98 6 -0.000019772429559557236
98 7 -0.000014043490225519335
98 8 -7.927028748726412*^-6
98 9 -1.4230451291784583*^-6
98 10 5.468460633124454*^-6
98 11 0.000012747488538182414
98 12 0.000020414038585995352
98 13 0.00002846811077656331
98 14 0.000036909705109886266
98 15 0.00004573882158596426
98 16 0.000054955460204797215
98 17 0.00006455962096638518
98 18 0.00007455130387072817
98 19 0.00008493050891782616
98 20 0.00009569723610767916
98 21 0.00010685148544028715
98 22 0.00011839325691565023
98 23 0.0001303225505337682
98 24 0.00014263936629464114
98 25 0.00015534370419826926
99 1 -0.000042376933829337576
99 2 -0.0000385980881697872
99 3 -0.00003442132557603902
99 4 -0.00002984664604809309
99 5 -0.0000248740495859494
99 6 -0.000019503536189607918
99 7 -0.000013735105859068644
99 8 -7.568758594331582*^-6
99 9 -1.004494395396776*^-6
99 10 5.957686737735814*^-6
99 11 0.000013317784805066201
99 12 0.000021075799806594364
99 13 0.0000292317317423203
99 14 0.000037785580612244005
99 15 0.000046737346416365506
99 16 0.00005608702915468475
99 17 0.0000658346288272018
99 18 0.00007598014543391658
99 19 0.00008652357897482922
99 20 0.0000974649294499396
99 21 0.00010880419685924783
99 22 0.00012054138120275365
99 23 0.00013267648248045742
99 24 0.00014520950069235887
99 25 0.00015814043583845823
100 1 -0.00004216528508744884
100 2 -0.000038397704533424234
100 3 -0.00003422195930237969
100 4 -0.00002963804939431519
100 5 -0.000024645974809230697
100 6 -0.000019245735547126235
100 7 -0.000013437331608001827
100 8 -7.220762991857454*^-6
100 9 -5.960296986931328*^-7
100 10 6.436868271491141*^-6
100 11 0.000013877930918695411
100 12 0.000021727158242919613
100 13 0.0000299845502441638
100 14 0.000038650106922427934
100 15 0.00004772382827771203
100 16 0.000057205714310016104
100 17 0.00006709576501934013
100 18 0.0000773939804056841
100 19 0.00008810036046904808
100 20 0.00009921490520943196
100 21 0.00011073761462683579
100 22 0.00012266848872125968
100 23 0.00013500752749270346
100 24 0.00014775473094116715
100 25 0.000160910099066651
101 1 -0.00004196681668538724
101 2 -0.00003820945270755075
101 3 -0.000034033756449453726
101 4 -0.000029439727911096007
101 5 -0.00002442736709247769
101 6 -0.00001899667399359878
101 7 -0.00001314764861445923
101 8 -6.880290955059066*^-6
101 9 -1.9460101539830262*^-7
101 10 6.909421204523111*^-6
101 11 0.000014431775704705135
101 12 0.00002237246248514777
101 13 0.00003073148154585101
101 14 0.000039508832886814904
101 15 0.000048704516508039396
101 16 0.00005831853240952447
101 17 0.00006835088059127021
101 18 0.00007880156105327652
101 19 0.00008967057379554351
101 20 0.00010095791881807104
101 21 0.00011266359612085927
101 22 0.00012478760570390816
101 23 0.00013732994756721745
101 24 0.00015029062171078756
101 25 0.00016366962813461818
102 1 -0.00004176511067204398
102 2 -0.00003801774885589353
102 3 -0.000033841108454832426
102 4 -0.000029235189468860696
102 5 -0.000024199991897978365
102 6 -0.000018735515742185364
102 7 -0.000012841761001481723
102 8 -6.518727675867465*^-6
102 9 2.3358423465747455*^-7
102 10 7.415174730093017*^-6
102 11 0.000015026043810439185
102 12 0.000023066191475696002
102 13 0.000031535617725863464
102 14 0.00004043432256094156
102 15 0.00004976230598093028
102 16 0.000059519567985829645
102 17 0.00006970610857563965
102 18 0.00008032192775036029
102 19 0.00009136702550999156
102 20 0.00010284140185453345
102 21 0.00011474505678398599
102 22 0.00012707799029834923
102 23 0.000139840202397623
102 24 0.00015303169308180747
102 25 0.00016665246235090256
103 1 -0.000041583027221644885
103 2 -0.00003784433222039532
103 3 -0.000033665894567738025
103 4 -0.000029047714263673054
103 5 -0.000023989791308200335
103 6 -0.000018492125701319882
103 7 -0.000012554717443031737
103 8 -6.177566533335827*^-6
103 9 6.393270277677691*^-7
103 10 7.895963240279085*^-6
103 11 0.000015592342104198146
103 12 0.00002372846361952492
103 13 0.00003230432778625939
103 14 0.00004131993460440162
103 15 0.000050775284073951564
103 16 0.00006067037619490924
103 17 0.0000710052109672746
103 18 0.00008177978839104772
103 19 0.00009299410846622859
103 20 0.00010464817119281714
103 21 0.00011674197657081339
103 22 0.00012927552460021742
103 23 0.00014224881528102909
103 24 0.0001556618486132485
103 25 0.00016951462459687572
104 1 -0.000041417741293097707
104 2 -0.00003768658981259737
104 3 -0.00003350567627333374
104 4 -0.000028875000675306738
104 5 -0.000023794563018516397
104 6 -0.000018264363302962733
104 7 -0.000012284401528645676
104 8 -5.8546776955653*^-6
104 9 1.024808196278404*^-6
104 10 8.354056146885493*^-6
104 11 0.000016133066156255885
104 12 0.000024361838224389685
104 13 0.00003304037235128679
104 14 0.00004216866853694724
104 15 0.00005174672678137106
104 16 0.00006177454708455819
104 17 0.00007225212944650874
104 18 0.00008317947386722252
104 19 0.00009455658034669974
104 20 0.0001063834488849403
104 21 0.0001186600794819442
104 22 0.00013138647213771146
104 23 0.00014456262685224203
104 24 0.00015818854362553602
104 25 0.00017226422245759316
105 1 -0.00004125081206918632
105 2 -0.00003752694244984851
105 3 -0.00003334265034598036
105 4 -0.000028697935757581807
105 5 -0.000023592798684652865
105 6 -0.000018027239127193604
105 7 -0.00001200125708520394
105 8 -5.51485255868393*^-6
105 9 1.4319744523664647*^-6
105 10 8.83922394794721*^-6
105 11 0.000016706895928058337
105 12 0.00002503499039269987
105 13 0.00003382350734187174
105 14 0.000043072446775573985
105 15 0.000052781808693806597
105 16 0.0000629515930965696
105 17 0.00007358179998386297
105 18 0.00008467242935568668
105 19 0.00009622348121204084
105 20 0.00010823495555292525
105 21 0.00012070685237834016
105 22 0.0001336391716882854
105 23 0.00014703191348276092
105 24 0.00016088507776176688
105 25 0.00017519866452530325
106 1 -0.00004109441595082212
106 2 -0.00003737704131081874
106 3 -0.000033188729906830304
106 4 -0.000028529481738856896
106 5 -0.00002339929680689848
106 6 -0.00001779817511095507
106 7 -0.000011726116651026633
106 8 -5.183121427113222*^-6
106 9 1.830810560785173*^-6
106 10 9.315679312668584*^-6
106 11 0.000017271484828537006
106 12 0.000025698227108390386
106 13 0.00003459590615222876
106 14 0.00004396452196005218
106 15 0.000053804074531860544
106 16 0.00006411456386765397
106 17 0.00007489598996743238
106 18 0.00008614835283119577
106 19 0.00009787165245894414
106 20 0.00011006588885067753
106 21 0.0001227310620063959
106 22 0.00013586717192609927
106 23 0.00014947421860978766
106 24 0.00016355220205746098
106 25 0.00017810112226911934
107 1 -0.00004093606780824485
107 2 -0.000037224927646406055
107 3 -0.00003303165591159308
107 4 -0.000028356252603805885
107 5 -0.000023198717723044453
107 6 -0.00001755905126930882
107 7 -0.000011437253242598979
107 8 -4.833323642914943*^-6
107 9 2.2527375297433236*^-6
107 10 9.820930275375793*^-6
107 11 0.000017871254593982475
107 12 0.000026403710485563358
107 13 0.000035418297950118474
107 14 0.00004491501698764778
107 15 0.000054893867598151306
107 16 0.00006535484978162904
107 17 0.00007629796353808098
107 18 0.00008772320886750714
107 19 0.00009963058576990751
107 20 0.0001120200942452821
107 21 0.00012489173429363097
107 22 0.00013824550591495392
107 23 0.00015208140910925115
107 24 0.00016639944387652247
107 25 0.00018119961021676814
108 1 -0.00004078331644339425
108 2 -0.00003707784886174864
108 3 -0.00003287890131845409
108 4 -0.000028186473813510597
108 5 -0.000023000566346918158
108 6 -0.00001732117891867678
108 7 -0.000011148311528786467
108 8 -4.481964177247194*^-6
108 9 2.6778631359409808*^-6
108 10 0.00001033117041077813
108 11 0.000018477957647264232
108 12 0.000027118224845399254
108 13 0.00003625197200518321
108 14 0.000045879199126616135
108 15 0.00005599990620969799
108 16 0.00006661409325442882
108 17 0.0000777217602608086
108 18 0.00008932290722883728
108 19 0.00010141753415851487
108 20 0.00011400564104984147
108 21 0.000127087227902817
108 22 0.00014066229471744153
108 23 0.0001547308414937149
108 24 0.00016929286823163712
108 25 0.0001843483749312085
109 1 -0.00004063324676528545
109 2 -0.000036933012813297156
109 3 -0.000032727603987925565
109 4 -0.00002801702028917074
109 5 -0.0000228012617170326
109 6 -0.000017080328271511183
109 7 -0.000010854219952606487
109 8 -4.122936760318535*^-6
109 9 3.1135213053527083*^-6
109 10 0.000010855154244407252
109 11 0.00001910196205684505
109 12 0.000027853944742666106
109 13 0.00003711110230187049
109 14 0.000046873434734458146
109 15 0.00005714094204042904
109 16 0.00006791362421978323
109 17 0.00007919148127252077
109 18 0.00009097451319864147
109 19 0.0001032627199981455
109 20 0.00011605610167103288
109 21 0.00012935465821730345
109 22 0.00014315838963695736
109 23 0.00015746729592999438
109 24 0.00017228137709641493
109 25 0.00018760063313621854
110 1 -0.00004049491111495451
110 2 -0.00003679919536119131
110 3 -0.00003258703181386055
110 4 -0.00002785842047296225
110 5 -0.000022613361338496466
110 6 -0.000016851854410463094
110 7 -0.0000105738996888622
110 8 -3.779497173693786*^-6
110 9 3.531353135042137*^-6
110 10 0.000011358651237345631
110 11 0.000019702397133216654
110 12 0.00002856259082265518
110 13 0.00003793923230566125
110 14 0.00004783232158223487
110 15 0.00005824185865237599
110 16 0.00006916784351608464
110 17 0.00008061027617336088
110 18 0.00009256915662420457
110 19 0.00010504448486861582
110 20 0.0001180362609065947
110 21 0.00013154448473814094
110 22 0.0001455691563632548
110 23 0.00016011027578193622
110 24 0.00017516784299418514
110 25 0.00019074185800000158
111 1 -0.000040356393661120314
111 2 -0.000036664902735674373
111 3 -0.0000324451949433291
111 4 -0.000027697270284084416
111 5 -0.000022421128757940383
111 6 -0.00001661677036489697
111 7 -0.000010284195104954211
111 8 -3.423402978112103*^-6
111 9 3.965606015629433*^-6
111 10 0.000011882831876270301
111 11 0.00002032827460381055
111 12 0.000029301934198250163
111 13 0.000038803810659589133
111 14 0.00004883390398782752
111 15 0.000059392214182965224
111 16 0.00007047874124500232
111 17 0.0000820934851739388
111 18 0.0000942364459697746
111 19 0.00010690762363250977
111 20 0.00012010701816214436
111 21 0.0001338346295586783
111 22 0.00014809045782211157
111 23 0.00016287450295244423
111 24 0.0001781867649496763
111 25 0.00019402724381380768
112 1 -0.00004021294764654409
112 2 -0.00003652551428157932
112 3 -0.0000322971654835993
112 4 -0.000027527901252603935
112 5 -0.000022217721588593373
112 6 -0.000016366626491567522
112 7 -9.974615961526384*^-6
112 8 -3.0416899984699817*^-6
112 9 4.432151397601664*^-6
112 10 0.000012446908226688635
112 11 0.000021002580488790814
112 12 0.0000300991681839083
112 13 0.00003973667131204103
112 14 0.000049915089873189056
112 15 0.00006063442386735233
112 16 0.00007189467329453089
112 17 0.00008369583815472467
112 18 0.00009603791844793373
112 19 0.0001089209141741581
112 20 0.0001223448253333978
112 21 0.00013630965192565263
112 22 0.00015081539395092277
112 23 0.00016586205140920826
112 24 0.0001814496243005089
112 25 0.00019757811262482487
113 1 -0.00004008868372772375
113 2 -0.0000364045053321448
113 3 -0.00003216799290895421
113 4 -0.00002737914645815193
113 5 -0.000022037965979737988
113 6 -0.000016144451473712405
113 7 -9.698602940075132*^-6
113 8 -2.7004203788262243*^-6
113 9 4.850096210034374*^-6
113 10 0.000012952946826506634
113 11 0.000021608131470590535
113 12 0.000030815650142286147
113 13 0.00004057550284159338
113 14 0.00005088768956851229
113 15 0.00006175221032304285
113 16 0.00007316906510518505
113 17 0.000085138253914939
113 18 0.00009765977675230452
113 19 0.00011073363361728178
113 20 0.00012435982450987066
113 21 0.0001385383494300712
113 22 0.0001532692083778835
113 23 0.0001685524013533073
113 24 0.00018438792835634283
113 25 0.00020077578938698998
114 1 -0.000039961045686598235
114 2 -0.00003627996314491787
114 3 -0.000032034419915599734
114 4 -0.000027224415998643968
114 5 -0.00002184995139405042
114 6 -0.000015911026101819125
114 7 -9.407640121950156*^-6
114 8 -2.339793454443395*^-6
114 9 5.292513900701059*^-6
114 10 0.000013489281943483279
114 11 0.000022250510673903195
114 12 0.00003157620009196083
114 13 0.00004146635019765624
114 14 0.00005192096099098936
114 15 0.00006294003247196022
114 16 0.00007452356464056882
114 17 0.00008667155749681512
114 18 0.00009938401104069915
114 19 0.00011266092527222095
114 20 0.00012650230019138045
114 21 0.0001409081357981777
114 22 0.00015587843209261267
114 23 0.00017141318907468539
114 24 0.0001875124067443957
114 25 0.00020417608510174383
115 1 -0.00003983110355211792
115 2 -0.000036152921549263504
115 3 -0.00003189752931738829
115 4 -0.000027064926856492367
115 5 -0.000021655114166575735
115 6 -0.000015668091247638304
115 7 -9.103858099680183*^-6
115 8 -1.962414722701345*^-6
115 9 5.756238883298224*^-6
115 10 0.000014052102718318572
115 11 0.000022925176782359627
115 12 0.00003237546107542143
115 13 0.00004240295559750392
115 14 0.000053007660348607226
115 15 0.00006418957532873122
115 16 0.00007594870053787596
115 17 0.0000882850359760414
115 18 0.00010119858164322758
115 19 0.00011468933753943449
115 20 0.00012875730366466222
115 21 0.0001434024800189106
115 22 0.00015862486660217972
115 23 0.0001744244634144695
115 24 0.00019080127045578016
115 25 0.00020775528772611147
116 1 -0.0000396983579256065
116 2 -0.00003602288681015207
116 3 -0.00003175677522450364
116 4 -0.000026900023168661264
116 5 -0.000021452630642625002
116 6 -0.000015414597646394716
116 7 -8.7859241799705*^-6
116 8 -1.5666102433523102*^-6
116 9 6.243344163459807*^-6
116 10 0.000014643939040465932
116 11 0.00002363517438766598
116 12 0.00003321705020505998
116 13 0.00004338956649264792
116 14 0.00005415272325042987
116 15 0.00006550652047840574
116 16 0.00007745095817657558
116 17 0.00008998603634493939
116 18 0.00010311175498349713
116 19 0.00011682811409224886
116 20 0.00013113511367119447
116 21 0.00014603275372033413
116 22 0.00016152103423966772
116 23 0.0001775999552291952
116 24 0.00019426951668891667
116 25 0.0002115297186188322
117 1 -0.000039582622186983116
117 2 -0.000035909316014267615
117 3 -0.00003163334072608905
117 4 -0.000026754696322447607
117 5 -0.00002127338280334318
117 6 -0.000015189400168775869
117 7 -8.502748418745581*^-6
117 8 -1.213427553252346*^-6
117 9 6.678562427703798*^-6
117 10 0.00001517322152412291
117 11 0.000024270549736004964
117 12 0.00003397054706334999
117 13 0.000044273213506157904
117 14 0.0000551785490644288
117 15 0.00006668655373816261
117 16 0.00007879722752735935
117 17 0.00009151057043201905
117 18 0.0001048265824521417
117 19 0.00011874526358772732
117 20 0.00013326661383877586
117 21 0.00014839063320528728
117 22 0.0001641173216872617
117 23 0.00018044667928469914
117 24 0.00019737870599759934
117 25 0.0002149134018259626
118 1 -0.00003946067759835665
118 2 -0.00003578946324464843
118 3 -0.00003150260146022103
118 4 -0.00002660009224507436
118 5 -0.000021081935599208483
118 6 -0.000014948131522623352
118 7 -8.198680015319013*^-6
118 8 -8.335810772954153*^-7
118 9 7.147165291447407*^-6
118 10 0.000015743559090909472
118 11 0.000024955600321090755
118 12 0.00003478328898199131
118 13 0.000045226625073611046
118 14 0.00005628560859595003
118 15 0.0000679602395490083
118 16 0.00008025051793278578
118 17 0.00009315644374728248
118 18 0.00010667801699249839
118 19 0.00012081523766843357
118 20 0.000135568105775088
118 21 0.00015093662131246164
118 22 0.0001669207842805546
118 23 0.00018352059467936668
118 24 0.00020073605250889794
118 25 0.00021856715776914854
119 1 -0.00003933763327701949
119 2 -0.000035668344993056907
119 3 -0.000031370017030200085
119 4 -0.000026442649388449036
119 5 -0.000020886242067803763
119 6 -0.000014700795068264245
119 7 -7.886308389830493*^-6
119 8 -4.427820325024831*^-7
119 9 7.629784003719761*^-6
119 10 0.00001633138971883624
119 11 0.000025662035112846945
119 12 0.000035621720185751906
119 13 0.00004621044493755109
119 14 0.00005742820936824451
119 15 0.00006927501347783218
119 16 0.0000817508572663141
119 17 0.00009485574073369029
119 18 0.00010858966387996062
119 19 0.0001229526267051252
119 20 0.00013794462920918414
119 21 0.00015356567139213718
119 22 0.0001698157532539846
119 23 0.00018669487479472616
119 24 0.00020420303601436203
119 25 0.00022234023691289202
120 1 -0.00003922209079310367
120 2 -0.00003555445427325276
120 3 -0.00003124495004953125
120 4 -0.000026293578121939122
120 5 -0.000020700338490476345
120 6 -0.000014465231155142981
120 7 -7.588256115938935*^-6
120 8 -6.941337286426788*^-8
120 9 8.091297074081*^-6
120 10 0.000016893875224896906
120 11 0.00002633832107958346
120 12 0.000036424634638140626
120 13 0.00004715281590056842
120 14 0.00005852286486686684
120 15 0.00007053478153703588
120 16 0.00008318856591107559
120 17 0.00009648421798898589
120 18 0.00011042173777076683
120 19 0.0001250011252564184
120 20 0.00014022238044594063
120 21 0.0001560855033393334
120 22 0.0001725904939365969
120 23 0.000189737352237731
120 24 0.0002075260782427356
120 25 0.00022595667195161103
121 1 -0.00003910033414817536
121 2 -0.00003543428681874236
121 3 -0.00003111261034501197
121 4 -0.00002613530472698416
121 5 -0.000020502369964658926
121 6 -0.000014213806058036332
121 7 -7.269613007116327*^-6
121 8 3.302091881010812*^-7
121 9 8.585660527615875*^-6
121 10 0.00001749674101142806
121 11 0.00002706345063953764
121 12 0.00003728578941194462
121 13 0.000048163757328649004
121 14 0.00005969735438965079
121 15 0.00007188658059494997
121 16 0.00008473143594454657
121 17 0.00009823192043844053
121 18 0.00011238803407663187
121 19 0.00012719977685912064
121 20 0.0001426671487859068
121 21 0.00015879014985699039
121 22 0.0001755687800723713
121 23 0.0001930030394320496
121 24 0.00021109292793602537
121 25 0.00022983844558429847
122 1 -0.00003897765916113183
122 2 -0.000035313069538638606
122 3 -0.000030978754812676007
122 4 -0.00002597471498324392
122 5 -0.000020300950050342398
122 6 -0.000013957460013971436
122 7 -6.944244874131049*^-6
122 8 7.386953691787983*^-7
122 9 9.091360715958078*^-6
122 10 0.0000181137511662068
122 11 0.000027805866719924955
122 12 0.000038167707377112576
122 13 0.00004919927313776962
122 14 0.00006090056400189611
122 15 0.00007327157996949202
122 16 0.00008631232104055739
122 17 0.0001000227872150922
122 18 0.00011440297849309642
122 19 0.00012945289487457012
122 20 0.00014517253635951328
122 21 0.00016156190294792585
122 22 0.00017862099463980785
122 23 0.00019634981143515926
122 24 0.00021474835333398017
122 25 0.00023381662033627058
123 1 -0.00003885121552676381
123 2 -0.000035187992335196945
123 3 -0.00003084029624109966
123 4 -0.00002580812724447195
123 5 -0.000020091485345313867
123 6 -0.00001369037054362534
123 7 -6.604782839406383*^-6
123 8 1.165277767342979*^-6
123 9 9.619811276622775*^-6
123 10 0.00001875881768843295
123 11 0.00002858229700277356
123 12 0.000039090249219644616
123 13 0.00005028267433904605
123 14 0.00006215957236097792
123 15 0.0000747209432854402
123 16 0.00008796678711243292
123 17 0.000101897103841956
123 18 0.00011651189347400959
123 19 0.00013181115600859348
123 20 0.00014779489144570792
123 21 0.0001644630997853527
123 22 0.00018181578102752794
123 23 0.00019985293517223358
123 24 0.00021857456221946963
123 25 0.00023798066216923602
124 1 -0.000038722942761730404
124 2 -0.000035060979653961116
124 3 -0.00003069937969073005
124 4 -0.000025638142872037176
124 5 -0.000019877269197882626
124 6 -0.000013416758668266298
124 7 -6.256611283188151*^-6
124 8 1.603172957351696*^-6
124 9 0.000010162594053353357
124 10 0.000019421652004816713
124 11 0.000029380346811741902
124 12 0.000040038678474128806
124 13 0.000051396646991977504
124 14 0.00006345425236528791
124 15 0.00007621149459406014
124 16 0.00008966837367829411
124 17 0.00010382488961798984
124 18 0.00011868104241314733
124 19 0.0001342368320637666
124 20 0.00015049225856984756
124 21 0.0001674473219313904
124 22 0.0001851020221483949
124 23 0.00020345635922086125
124 24 0.00022251033314878925
124 25 0.0002422639439321791
125 1 -0.000038583676843769494
125 2 -0.00003492295499666389
125 3 -0.00003054592883095031
125 4 -0.000025452598346628862
125 5 -0.00001964296354369945
125 6 -0.000013117024422162118
125 7 -5.87478098201688*^-6
125 8 2.083766776736269*^-6
125 9 0.000010758618854097348
125 10 0.000020149775250066315
125 11 0.00003025723596464325
125 12 0.00004108100099782809
125 13 0.00005262107034962084
125 14 0.0000648774440200215
125 15 0.00007785012200903007
125 16 0.00009153910431664658
125 17 0.00010594439094287104
125 18 0.00012106598188770335
125 19 0.00013690387715114367
125 20 0.00015345807673319186
125 21 0.00017072858063384795
125 22 0.00018871538885311195
125 23 0.00020741850139098392
125 24 0.00022683791824746377
125 25 0.0002469736394225515
126 1 -0.00003843431084071251
126 2 -0.000034774792929937316
126 3 -0.00003038088965797572
126 4 -0.000025252601024827602
126 5 -0.000019389927030493026
126 6 -0.000012792867674971994
126 7 -5.461422958264471*^-6
126 8 2.6044071196295506*^-6
126 9 0.000011404622558710004
126 10 0.000020939223358976928
126 11 0.00003120820952043032
126 12 0.00004221158104307024
126 13 0.00005394933792689656
126 14 0.00006642148017190942
126 15 0.00007962800777810866
126 16 0.00009356892074549448
126 17 0.0001082442190740667
126 18 0.00012365390276382538
126 19 0.00013979797181477057
126 20 0.00015667642622690223
126 21 0.00017428926600022033
126 22 0.00019263649113472506
126 23 0.000211718101630416
126 24 0.0002315340974872936
126 25 0.00025208447870535755
127 1 -0.00003827704230251821
127 2 -0.0000346186707226428
127 3 -0.000030206681047202047
127 4 -0.000025041073276195888
127 5 -0.000019121847409624356
127 6 -0.000012449003447487535
127 7 -5.022541389785257*^-6
127 8 3.1575387634823496*^-6
127 9 0.00001209123701231535
127 10 0.000021778553356713736
127 11 0.00003221948779667745
127 12 0.000043414040332206557
127 13 0.000055362210963301024
127 14 0.00006806399968996087
127 15 0.00008151940651218606
127 16 0.00009572843142997668
127 17 0.00011069107444333258
127 18 0.00012640733555225385
127 19 0.00014287721475674062
127 20 0.00016010071205679259
127 21 0.00017807782745241
127 22 0.00019680856094359285
127 23 0.00021629291253034096
127 24 0.0002365308822126546
127 25 0.0002575224699905334
128 1 -0.00003808440651845402
128 2 -0.00003442729882151087
128 3 -0.000029992789622499893
128 4 -0.00002478087892142106
128 5 -0.0000187915667182744
128 6 -0.000012024853013059892
128 7 -4.480737805777535*^-6
128 8 3.840778903572615*^-6
128 9 0.00001293969711499066
128 10 0.000022816016828476543
128 11 0.00003346973804403023
128 12 0.00004490086076165176
128 13 0.0000571093849813412
128 14 0.00007009531070309842
128 15 0.00008385863792692352
128 16 0.00009839936665281646
128 17 0.00011371749688077721
128 18 0.00012981302861080583
128 19 0.00014668596184290228
128 20 0.00016433629657706662
128 21 0.0001827640328132987
128 22 0.0002019691705515987
128 23 0.00022195170979196648
128 24 0.00024271165053440223
128 25 0.0002642489927789057
129 1 -0.00003782582096904877
129 2 -0.000034170219531878305
129 3 -0.00002970498475941049
129 4 -0.000024430116651645098
129 5 -0.000018345615208582423
129 6 -0.000011451480430222256
129 7 -3.7477123165647015*^-6
129 8 4.765689132390268*^-6
129 9 0.000014088723916642686
129 10 0.000024221392036192505
129 11 0.00003516369349103977
129 12 0.00004691562828118444
129 13 0.00005947719640662655
129 14 0.00007284839786736604
129 15 0.000087029232663403
129 16 0.0001020197007947373
129 17 0.00011781980226136909
129 18 0.00013442953706329833
129 19 0.00015184890520052494
129 20 0.00017007790667304906
129 21 0.00018911654148087047
129 22 0.00020896480962398934
129 23 0.0002296227111024056
129 24 0.0002510902459161194
129 25 0.00027336741406513054
130 1 -0.000036302872518661954
130 2 -0.0000326540993302523
130 3 -0.000028002576961725392
130 4 -0.000022348305413081334
130 5 -0.000015691284684320123
130 6 -8.031514775441768*^-6
130 7 6.310043135537608*^-7
130 8 0.000010296272582666465
130 9 0.000020964290031896345
130 10 0.00003263505666124338
130 11 0.000045308572470707564
130 12 0.00005898483746028893
130 13 0.0000736638516299875
130 14 0.00008934561497980316
130 15 0.00010603012750973603
130 16 0.00012371738921978612
130 17 0.0001424074001099533
130 18 0.00016210016018023765
130 19 0.00018279566943063918
130 20 0.0002044939278611579
130 21 0.00022719493547179379
130 22 0.00025089869226254687
130 23 0.000275605198233417
130 24 0.00030131445338440436
130 25 0.00032802645771550887
