1  1  5.98096
1  2  5.9899
1  3  6.01609
1  4  6.06413
1  5  6.13966
1  6  6.2495
1  7  6.40184
1  8  6.60624
1  9  6.87354
1  10  7.21551
1  11  7.64394
1  12  8.16927
1  13  8.79836
1  14  9.53166
1  15  10.36
1  16  11.2621
1  17  12.2038
1  18  13.1405
1  19  14.0232
1  20  14.8059
1  21  15.454
1  22  15.9483
1  23  16.2864
1  24  16.4791
1  25  16.5463
2  1  7.98935
2  2  7.98972
2  3  7.99079
2  4  7.99277
2  5  7.99588
2  6  8.00045
2  7  8.00686
2  8  8.0156
2  9  8.02729
2  10  8.0427
2  11  8.06276
2  12  8.08856
2  13  8.12137
2  14  8.16253
2  15  8.21329
2  16  8.27447
2  17  8.34609
2  18  8.42671
2  19  8.51299
2  20  8.59962
2  21  8.67992
2  22  8.74726
2  23  8.79675
2  24  8.82631
2  25  8.83684
3  1  9.57999
3  2  9.56307
3  3  9.51335
3  4  9.42172
3  5  9.27658
3  6  9.06309
3  7  8.76223
3  8  8.34957
3  9  7.7938
3  10  7.05477
3  11  6.08143
3  12  4.80947
3  13  3.15955
3  14  1.03703
3  15  -1.66455
3  16  -5.05257
3  17  -9.21189
3  18  -14.1643
3  19  -19.8118
3  20  -25.8796
3  21  -31.8982
3  22  -37.2685
3  23  -41.419
3  24  -43.9879
3  25  -44.9212
4  1  10.6104
4  2  10.5765
4  3  10.4771
4  4  10.2939
4  5  10.0039
4  6  9.57813
4  7  8.9793
4  8  8.16035
4  9  7.06169
4  10  5.60844
4  11  3.70759
4  12  1.2459
4  13  -1.91016
4  14  -5.90984
4  15  -10.9049
4  16  -17.0221
4  17  -24.3172
4  18  -32.7088
4  19  -41.9085
4  20  -51.3801
4  21  -60.3786
4  22  -68.0944
4  23  -73.8659
4  24  -77.3576
4  25  -78.6113
5  1  11.7477
5  2  11.6903
5  3  11.5219
5  4  11.2124
5  5  10.724
5  6  10.0099
5  7  9.01221
5  8  7.65996
5  9  5.86758
5  10  3.53418
5  11  0.544765
5  12  -3.2248
5  13  -7.89698
5  14  -13.5731
5  15  -20.3035
5  16  -28.0485
5  17  -36.6374
5  18  -45.7415
5  19  -54.8821
5  20  -63.4886
5  21  -71.0011
5  22  -76.9849
5  23  -81.2103
5  24  -83.6697
5  25  -84.5356
6  1  12.9515
6  2  12.8653
6  3  12.6127
6  4  12.1499
6  5  11.4233
6  6  10.3691
6  7  8.91193
6  8  6.96586
6  9  4.43638
6  10  1.22587
6  11  -2.75667
6  12  -7.58055
6  13  -13.2729
6  14  -19.7947
6  15  -27.019
6  16  -34.7192
6  17  -42.5776
6  18  -50.2185
6  19  -57.2627
6  20  -63.3872
6  21  -68.373
6  22  -72.1257
6  23  -74.6671
6  24  -76.1071
6  25  -76.6075
7  1  14.1343
7  2  14.0187
7  3  13.6805
7  4  13.063
7  5  12.0996
7  6  10.7144
7  7  8.82397
7  8  6.34214
7  9  3.18742
7  10  -0.705169
7  11  -5.36849
7  12  -10.7856
7  13  -16.8732
7  14  -23.4729
7  15  -30.3546
7  16  -37.2375
7  17  -43.8245
7  18  -49.8438
7  19  -55.0851
7  20  -59.4205
7  21  -62.8076
7  22  -65.2772
7  23  -66.9124
7  24  -67.8259
7  25  -68.1412
8  1  15.468
8  2  15.3222
8  3  14.8966
8  4  14.1227
8  5  12.9236
8  6  11.2167
8  7  8.91984
8  8  5.95983
8  9  2.28533
8  10  -2.11804
8  11  -7.21233
8  12  -12.8959
8  13  -19.0015
8  14  -25.3066
8  15  -31.5583
8  16  -37.5049
8  17  -42.9297
8  18  -47.6743
8  19  -51.6501
8  20  -54.8349
8  21  -57.2605
8  22  -58.9956
8  23  -60.1293
8  24  -60.7574
8  25  -60.9733
9  1  16.7066
9  2  16.5386
9  3  16.0487
9  4  15.1609
9  5  13.7924
9  6  11.8597
9  7  9.28667
9  8  6.01675
9  9  2.02792
9  10  -2.65236
9  11  -7.93583
9  12  -13.6708
9  13  -19.6516
9  14  -25.6411
9  15  -31.4007
9  16  -36.7211
9  17  -41.4455
9  18  -45.4805
9  19  -48.794
9  20  -51.4052
9  21  -53.3686
9  22  -54.7599
9  23  -55.6631
9  24  -56.1616
9  25  -56.3326
10  1  17.7512
10  2  17.5688
10  3  17.0379
10  4  16.0777
10  5  14.6029
10  6  12.5306
10  7  9.79076
10  8  6.34008
10  9  2.17726
10  10  -2.64318
10  11  -8.00359
10  12  -13.7267
10  13  -19.5923
10  14  -25.3636
10  15  -30.819
10  16  -35.7781
10  17  -40.1185
10  18  -43.7795
10  19  -46.7547
10  20  -49.0796
10  21  -50.8167
10  22  -52.0417
10  23  -52.8345
10  24  -53.2711
10  25  -53.4208
11  1  18.5637
11  2  18.3726
11  3  17.8163
11  4  16.8115
11  5  15.2716
11  6  13.1149
11  7  10.2757
11  8  6.71978
11  9  2.45911
11  10  -2.43526
11  11  -7.82886
11  12  -13.5313
11  13  -19.3163
11  14  -24.9507
11  15  -30.2248
11  16  -34.976
11  17  -39.1013
11  18  -42.5568
11  19  -45.3492
11  20  -47.5214
11  21  -49.1386
11  22  -50.2764
11  23  -51.0114
11  24  -51.4158
11  25  -51.5543
12  1  19.2768
12  2  19.0791
12  3  18.5038
12  4  17.4659
12  5  15.8779
12  6  13.6591
12  7  10.7477
12  8  7.1163
12  9  2.7872
12  10  -2.15649
12  11  -7.56851
12  12  -13.2499
12  13  -18.9714
12  14  -24.5036
12  15  -29.6463
12  16  -34.2499
12  17  -38.2246
12  18  -41.5383
12  19  -44.2056
12  20  -46.274
12  21  -47.8104
12  22  -48.8893
12  23  -49.5855
12  24  -49.9683
12  25  -50.0994
13  1  19.8239
13  2  19.6216
13  3  19.0331
13  4  17.9721
13  5  16.3507
13  6  14.0889
13  7  11.1279
13  8  7.44538
13  9  3.0707
13  10  -1.90465
13  11  -7.32657
13  12  -12.9907
13  13  -18.6664
13  14  -24.1274
13  15  -29.1803
13  16  -33.6845
13  17  -37.5589
13  18  -40.7788
13  19  -43.3638
13  20  -45.3644
13  21  -46.848
13  22  -47.8888
13  23  -48.5598
13  24  -48.9286
13  25  -49.0549
14  1  20.2684
14  2  20.0623
14  3  19.4633
14  4  18.3838
14  5  16.7358
14  6  14.44
14  7  11.4399
14  8  7.71742
14  9  3.30761
14  10  -1.69145
14  11  -7.11962
14  12  -12.7686
14  13  -18.407
14  14  -23.8113
14  15  -28.7938
14  16  -33.2206
14  17  -37.0176
14  18  -40.1654
14  19  -42.6876
14  20  -44.6365
14  21  -46.0801
14  22  -47.0919
14  23  -47.7439
14  24  -48.1021
14  25  -48.2247
15  1  20.6057
15  2  20.3966
15  3  19.7889
15  4  18.6944
15  5  17.0245
15  6  14.701
15  7  11.6693
15  8  7.91454
15  9  3.47674
15  10  -1.54075
15  11  -6.97301
15  12  -12.6087
15  13  -18.216
15  14  -23.5741
15  15  -28.4996
15  16  -32.8643
15  17  -36.5995
15  18  -39.6901
15  19  -42.1625
15  20  -44.0706
15  21  -45.4826
15  22  -46.4716
15  23  -47.1086
15  24  -47.4585
15  25  -47.5782
16  1  20.8342
16  2  20.6225
16  3  20.0074
16  4  18.8999
16  5  17.2115
16  6  14.8644
16  7  11.8057
16  8  8.02378
16  9  3.56259
16  10  -1.46997
16  11  -6.90501
16  12  -12.5287
16  13  -18.1093
16  14  -23.4278
16  15  -28.3051
16  16  -32.6176
16  17  -36.301
16  18  -39.3439
16  19  -41.775
16  20  -43.6492
16  21  -45.035
16  22  -46.0052
16  23  -46.6298
16  24  -46.9728
16  25  -47.0902
17  1  20.9347
17  2  20.721
17  3  20.1
17  4  18.9825
17  5  17.2795
17  6  14.914
17  7  11.8344
17  8  8.03143
17  9  3.55229
17  10  -1.49164
17  11  -6.9284
17  12  -12.5424
17  13  -18.1018
17  14  -23.3895
17  15  -28.2294
17  16  -32.5016
17  17  -36.1452
17  18  -39.1515
17  19  -41.5509
17  20  -43.3992
17  21  -44.7651
17  22  -45.7209
17  23  -46.3361
17  24  -46.6738
17  25  -46.7894
18  1  20.9225
18  2  20.7068
18  3  20.0805
18  4  18.9534
18  5  17.2369
18  6  14.8541
18  7  11.7551
18  8  7.93265
18  9  3.43699
18  10  -1.61724
18  11  -7.05525
18  12  -12.6599
18  13  -18.1993
18  14  -23.4582
18  15  -28.2634
18  16  -32.4983
18  17  -36.1053
18  18  -39.0779
18  19  -41.4482
18  20  -43.2729
18  21  -44.6205
18  22  -45.5632
18  23  -46.1697
18  24  -46.5026
18  25  -46.6165
19  1  20.7926
19  2  20.5754
19  3  19.9444
19  4  18.8095
19  5  17.0816
19  6  14.6845
19  7  11.5693
19  8  7.73071
19  9  3.22145
19  10  -1.84112
19  11  -7.27994
19  12  -12.8765
19  13  -18.3992
19  14  -23.6342
19  15  -28.4106
19  16  -32.6147
19  17  -36.1914
19  18  -39.1363
19  19  -41.4828
19  20  -43.2879
19  21  -44.6206
19  22  -45.5525
19  23  -46.152
19  24  -46.481
19  25  -46.5936
20  1  20.576
20  2  20.3575
20  3  19.7229
20  4  18.5816
20  5  16.8445
20  6  14.4359
20  7  11.3076
20  8  7.4561
20  9  2.93598
20  10  -2.13318
20  11  -7.57248
20  12  -13.1624
20  13  -18.6715
20  14  -23.8871
20  15  -28.6404
20  16  -32.8198
20  17  -36.3723
20  18  -39.2951
20  19  -41.6226
20  20  -43.4123
20  21  -44.733
20  22  -45.6563
20  23  -46.2502
20  24  -46.5761
20  25  -46.6876
21  1  20.2582
21  2  20.0385
21  3  19.4005
21  4  18.2532
21  5  16.5076
21  6  14.0883
21  7  10.948
21  8  7.08448
21  9  2.55438
21  10  -2.52077
21  11  -7.96038
21  12  -13.5441
21  13  -19.0405
21  14  -24.2381
21  15  -28.97
21  16  -33.1267
21  17  -36.6569
21  18  -39.5594
21  19  -41.8694
21  20  -43.6449
21  21  -44.9548
21  22  -45.8702
21  23  -46.4589
21  24  -46.7819
21  25  -46.8925
22  1  19.8633
22  2  19.6426
22  3  19.0015
22  4  17.849
22  5  16.096
22  6  13.6672
22  7  10.5163
22  8  6.64235
22  9  2.10355
22  10  -2.97677
22  11  -8.41656
22  12  -13.9947
22  13  -19.4799
22  14  -24.6618
22  15  -29.3749
22  16  -33.5116
22  17  -37.0225
22  18  -39.9073
22  19  -42.202
22  20  -43.9651
22  21  -45.2655
22  22  -46.1741
22  23  -46.7583
22  24  -47.0789
22  25  -47.1886
23  1  19.3554
23  2  19.1336
23  3  18.4896
23  4  17.332
23  5  15.5717
23  6  13.1338
23  7  9.97259
23  8  6.08848
23  9  1.54128
23  10  -3.54398
23  11  -8.98384
23  12  -14.5564
23  13  -20.0307
23  14  -25.1973
23  15  -29.8922
23  16  -34.0097
23  17  -37.5018
23  18  -40.3695
23  19  -42.6496
23  20  -44.4008
23  21  -45.692
23  22  -46.594
23  23  -47.174
23  24  -47.4921
23  25  -47.601
24  1  18.7515
24  2  18.5288
24  3  17.882
24  4  16.7196
24  5  14.9525
24  6  12.506
24  7  9.33518
24  8  5.44161
24  9  0.8866
24  10  -4.20321
24  11  -9.64307
24  12  -15.2104
24  13  -20.6744
24  14  -25.8266
24  15  -30.5046
24  16  -34.6041
24  17  -38.0787
24  18  -40.9305
24  19  -43.197
24  20  -44.9371
24  21  -46.2198
24  22  -47.1158
24  23  -47.6917
24  24  -48.0077
24  25  -48.1158
25  1  18.0806
25  2  17.857
25  3  17.2077
25  4  16.041
25  5  14.2676
25  6  11.8132
25  7  8.63372
25  8  4.73154
25  9  0.16946
25  10  -4.92444
25  11  -10.3642
25  12  -15.9268
25  13  -21.3814
25  14  -26.5205
25  15  -31.183
25  16  -35.2662
25  17  -38.7249
25  18  -41.5623
25  19  -43.8165
25  20  -45.5466
25  21  -46.8217
25  22  -47.7121
25  23  -48.2844
25  24  -48.5984
25  25  -48.7058
26  1  17.3224
26  2  17.0979
26  3  16.4462
26  4  15.2753
26  5  13.4959
26  6  11.0341
26  7  7.84619
26  8  3.93579
26  9  -0.633021
26  10  -5.73078
26  11  -11.1704
26  12  -16.7283
26  13  -22.1739
26  14  -27.3004
26  15  -31.9482
26  16  -36.0158
26  17  -39.4595
26  18  -42.2832
26  19  -44.5256
26  20  -46.2462
26  21  -47.514
26  22  -48.3992
26  23  -48.968
26  24  -49.2801
26  25  -49.3869
27  1  16.4979
27  2  16.2726
27  3  15.6186
27  4  14.4437
27  5  12.6587
27  6  10.1898
27  7  6.99402
27  8  3.07588
27  9  -1.49926
27  10  -6.60062
27  11  -12.0401
27  12  -17.5935
27  13  -23.0305
27  14  -28.1452
27  15  -32.779
27  16  -36.832
27  17  -40.2615
27  18  -43.0723
27  19  -45.3037
27  20  -47.0153
27  21  -48.2763
27  22  -49.1565
27  23  -49.7222
27  24  -50.0325
27  25  -50.1386
28  1  15.5649
28  2  15.3388
28  3  14.6825
28  4  13.5036
28  5  11.7129
28  6  9.2369
28  7  6.03316
28  8  2.10725
28  9  -2.47421
28  10  -7.57914
28  11  -13.0184
28  12  -18.5672
28  13  -23.9956
28  14  -29.0984
28  15  -33.7183
28  16  -37.7566
28  17  -41.1718
28  18  -43.9697
28  19  -46.1901
28  20  -47.8929
28  21  -49.147
28  22  -50.0223
28  23  -50.5848
28  24  -50.8933
28  25  -50.9988
29  1  14.6001
29  2  14.3733
29  3  13.7148
29  4  12.5322
29  5  10.7362
29  6  8.25346
29  7  5.04227
29  8  1.10911
29  9  -3.47825
29  10  -8.58649
29  11  -14.0255
29  12  -19.57
29  13  -24.9903
29  14  -30.0819
29  15  -34.6887
29  16  -38.7133
29  17  -42.1152
29  18  -44.9012
29  19  -47.1113
29  20  -48.8057
29  21  -50.0534
29  22  -50.9242
29  23  -51.4837
29  24  -51.7906
29  25  -51.8955
30  1  13.6704
30  2  13.4428
30  3  12.7824
30  4  11.5964
30  5  9.79563
30  6  7.30692
30  7  4.08907
30  8  0.149416
30  9  -4.4432
30  10  -9.55436
30  11  -14.993
30  12  -20.5337
30  13  -25.9467
30  14  -31.0283
30  15  -35.6234
30  16  -39.6357
30  17  -43.0258
30  18  -45.801
30  19  -48.002
30  20  -49.689
30  21  -50.9311
30  22  -51.7978
30  23  -52.3547
30  24  -52.6601
30  25  -52.7645
31  1  12.702
31  2  12.4738
31  3  11.8115
31  4  10.6221
31  5  8.81661
31  6  6.32198
31  7  3.09756
31  8  -0.848503
31  9  -5.44629
31  10  -10.5603
31  11  -15.9987
31  12  -21.5355
31  13  -26.9412
31  14  -32.0129
31  15  -36.5965
31  16  -40.5968
31  17  -43.9752
31  18  -46.7399
31  19  -48.9318
31  20  -50.6116
31  21  -51.8481
31  22  -52.7108
31  23  -53.2651
31  24  -53.569
31  25  -53.6729
32  1  11.7187
32  2  11.4898
32  3  10.8256
32  4  9.63303
32  5  7.82285
32  6  5.32243
32  7  2.09157
32  8  -1.86075
32  9  -6.46358
32  10  -11.5804
32  11  -17.0184
32  12  -22.5514
32  13  -27.95
32  14  -33.012
32  15  -37.5843
32  16  -41.5728
32  17  -44.9398
32  18  -47.6942
32  19  -49.8774
32  20  -51.5501
32  21  -52.7811
32  22  -53.64
32  23  -54.1917
32  24  -54.4942
32  25  -54.5977
33  1  10.7691
33  2  10.5396
33  3  9.87358
33  4  8.67789
33  5  6.86331
33  6  4.35739
33  7  1.12042
33  8  -2.83782
33  9  -7.4454
33  10  -12.5648
33  11  -18.0025
33  12  -23.5318
33  13  -28.9237
33  14  -33.9765
33  15  -38.5381
33  16  -42.5154
33  17  -45.8717
33  18  -48.6164
33  19  -50.7913
33  20  -52.4573
33  21  -53.6832
33  22  -54.5384
33  23  -55.0877
33  24  -55.3889
33  25  -55.4919
34  1  9.80081
34  2  9.57067
34  3  8.90285
34  4  7.70401
34  5  5.88494
34  6  3.37341
34  7  0.130249
34  8  -3.834
34  9  -8.44641
34  10  -13.5684
34  11  -19.0057
34  12  -24.5313
34  13  -29.9163
34  14  -34.9597
34  15  -39.5105
34  16  -43.4765
34  17  -46.8219
34  18  -49.5567
34  19  -51.7232
34  20  -53.3825
34  21  -54.6032
34  22  -55.4547
34  23  -56.0016
34  24  -56.3015
34  25  -56.404
35  1  8.82238
35  2  8.59157
35  3  7.92188
35  4  6.71979
35  5  4.89612
35  6  2.37884
35  7  -0.870684
35  8  -4.8411
35  9  -9.45843
35  10  -14.5831
35  11  -20.0199
35  12  -25.5417
35  13  -30.9196
35  14  -35.9534
35  15  -40.4931
35  16  -44.4475
35  17  -47.7817
35  18  -50.5065
35  19  -52.6645
35  20  -54.3168
35  21  -55.5322
35  22  -56.38
35  23  -56.9244
35  24  -57.2228
35  25  -57.3249
36  1  7.98747
36  2  7.75608
36  3  7.08473
36  4  5.87979
36  5  4.05205
36  6  1.52971
36  7  -1.72541
36  8  -5.70124
36  9  -10.3229
36  10  -15.4498
36  11  -20.8863
36  12  -26.4046
36  13  -31.7762
36  14  -36.8016
36  15  -41.3315
36  16  -45.2757
36  17  -48.6002
36  18  -51.3161
36  19  -53.4666
36  20  -55.1128
36  21  -56.3237
36  22  -57.1681
36  23  -57.7103
36  24  -58.0076
36  25  -58.1093
37  1  7.09125
37  2  6.85921
37  3  6.18599
37  4  4.97782
37  5  3.14549
37  6  0.617449
37  7  -2.64399
37  8  -6.6259
37  9  -11.2524
37  10  -16.3819
37  11  -21.8179
37  12  -27.3323
37  13  -32.6969
37  14  -37.7127
37  15  -42.2316
37  16  -46.1644
37  17  -49.4778
37  18  -52.1839
37  19  -54.3259
37  20  -55.9654
37  21  -57.171
37  22  -58.0117
37  23  -58.5515
37  24  -58.8474
37  25  -58.9486
38  1  6.26678
38  2  6.03409
38  3  5.35902
38  4  4.14765
38  5  2.31079
38  6  -0.222894
38  7  -3.49056
38  8  -7.47848
38  9  -12.1097
38  10  -17.2418
38  11  -22.6772
38  12  -28.1878
38  13  -33.5454
38  14  -38.5518
38  15  -43.0598
38  16  -46.9813
38  17  -50.2839
38  18  -52.9802
38  19  -55.114
38  20  -56.7467
38  21  -57.9473
38  22  -58.7843
38  23  -59.3217
38  24  -59.6163
38  25  -59.7171
39  1  5.54204
39  2  5.30873
39  3  4.63188
39  4  3.41743
39  5  1.57621
39  6  -0.962903
39  7  -4.23656
39  8  -8.23024
39  9  -12.8661
39  10  -18.0005
39  11  -23.4354
39  12  -28.9422
39  13  -34.293
39  14  -39.2904
39  15  -43.788
39  16  -47.6987
39  17  -50.9909
39  18  -53.6779
39  19  -55.8037
39  20  -57.4301
39  21  -58.6257
39  22  -59.4593
39  23  -59.9944
39  24  -60.2878
39  25  -60.3881
40  1  4.8353
40  2  4.6013
40  3  3.9225
40  4  2.70468
40  5  0.858684
40  6  -1.68637
40  7  -4.96658
40  8  -8.96655
40  9  -13.6074
40  10  -18.7443
40  11  -24.1786
40  12  -29.6813
40  13  -35.0248
40  14  -40.0123
40  15  -44.4985
40  16  -48.3973
40  17  -51.6782
40  18  -54.355
40  19  -56.4722
40  20  -58.0916
40  21  -59.282
40  22  -60.1117
40  23  -60.6443
40  24  -60.9363
40  25  -61.0361
41  1  4.21477
41  2  3.98007
41  3  3.29927
41  4  2.07802
41  5  0.227152
41  6  -2.32395
41  7  -5.61082
41  8  -9.61719
41  9  -14.263
41  10  -19.4026
41  11  -24.8362
41  12  -30.3347
41  13  -35.6706
41  14  -40.648
41  15  -45.1226
41  16  -49.0094
41  17  -52.2788
41  18  -54.9454
41  19  -57.0538
41  20  -58.6662
41  21  -59.8511
41  22  -60.677
41  23  -61.2072
41  24  -61.4977
41  25  -61.5971
42  1  3.69337
42  2  3.45796
42  3  2.77515
42  4  1.55044
42  5  -0.305338
42  6  -2.86254
42  7  -6.15611
42  8  -10.1689
42  9  -14.8198
42  10  -19.9619
42  11  -25.3949
42  12  -30.889
42  13  -36.2173
42  14  -41.1846
42  15  -45.6475
42  16  -49.5223
42  17  -52.7802
42  18  -55.4364
42  19  -57.536
42  20  -59.1413
42  21  -60.3209
42  22  -61.143
42  23  -61.6706
42  24  -61.9598
42  25  -62.0587
43  1  3.24313
43  2  3.00695
43  3  2.32196
43  4  1.09347
43  5  -0.767658
43  6  -3.33149
43  7  -6.63235
43  8  -10.6521
43  9  -15.3085
43  10  -20.4534
43  11  -25.8855
43  12  -31.375
43  13  -36.695
43  14  -41.6511
43  15  -46.1015
43  16  -49.9632
43  17  -53.2086
43  18  -55.8536
43  19  -57.9437
43  20  -59.5414
43  21  -60.7152
43  22  -61.533
43  23  -62.0579
43  24  -62.3456
43  25  -62.444
44  1  2.90821
44  2  2.67126
44  3  1.98407
44  4  0.751783
44  5  -1.11472
44  6  -3.68522
44  7  -6.99339
44  8  -11.0201
44  9  -15.6819
44  10  -20.8296
44  11  -26.2609
44  12  -31.7455
44  13  -37.0572
44  14  -42.0023
44  15  -46.4399
44  16  -50.2886
44  17  -53.5215
44  18  -56.1553
44  19  -58.236
44  20  -59.826
44  21  -60.994
44  22  -61.8077
44  23  -62.3299
44  24  -62.616
44  25  -62.7139
45  1  2.67578
45  2  2.43803
45  3  1.74855
45  4  0.512343
45  5  -1.35972
45  6  -3.93711
45  7  -7.25283
45  8  -11.2868
45  9  -15.9542
45  10  -21.1046
45  11  -26.535
45  12  -32.0147
45  13  -37.3177
45  14  -42.2513
45  15  -46.6759
45  16  -50.511
45  17  -53.7311
45  18  -56.3534
45  19  -58.4244
45  20  -60.0065
45  21  -61.1685
45  22  -61.978
45  23  -62.4974
45  24  -62.782
45  25  -62.8793
46  1  2.53937
46  2  2.30074
46  3  1.60876
46  4  0.368245
46  5  -1.50991
46  6  -4.09483
46  7  -7.41881
46  8  -11.4606
46  9  -16.1341
46  10  -21.2875
46  11  -26.7168
46  12  -32.1911
46  13  -37.4846
46  14  -42.4057
46  15  -46.816
46  16  -50.6364
46  17  -53.8425
46  18  -56.4523
46  19  -58.5126
46  20  -60.0863
46  21  -61.2418
46  22  -62.0466
46  23  -62.563
46  24  -62.846
46  25  -62.9427
47  1  2.51024
47  2  2.27067
47  3  1.57602
47  4  0.330902
47  5  -1.55376
47  6  -4.14672
47  7  -7.47949
47  8  -11.5296
47  9  -16.2096
47  10  -21.3662
47  11  -26.7942
47  12  -32.2626
47  13  -37.5459
47  14  -42.4537
47  15  -46.8488
47  16  -50.6537
47  17  -53.8449
47  18  -56.4414
47  19  -58.4905
47  20  -60.0552
47  21  -61.2038
47  22  -62.0037
47  23  -62.5169
47  24  -62.7981
47  25  -62.8942
48  1  2.58594
48  2  2.34539
48  3  1.64792
48  4  0.397949
48  5  -1.49356
48  6  -4.09499
48  7  -7.43701
48  8  -11.4959
48  9  -16.1826
48  10  -21.3424
48  11  -26.7692
48  12  -32.2313
48  13  -37.5039
48  14  -42.3976
48  15  -46.7768
48  16  -50.5653
48  17  -53.7409
48  18  -56.3235
48  19  -58.3609
48  20  -59.9162
48  21  -61.0576
48  22  -61.8524
48  23  -62.3622
48  24  -62.6416
48  25  -62.7371
49  1  2.77929
49  2  2.53759
49  3  1.83685
49  4  0.581261
49  5  -1.31819
49  6  -3.92941
49  7  -7.28211
49  8  -11.3511
49  9  -16.0455
49  10  -21.209
49  11  -26.6341
49  12  -32.089
49  13  -37.3492
49  14  -42.2266
49  15  -46.5874
49  16  -50.357
49  17  -53.5148
49  18  -56.0815
49  19  -58.1054
49  20  -59.6498
49  21  -60.783
49  22  -61.5719
49  23  -62.0779
49  24  -62.3552
49  25  -62.4499
50  1  3.05328
50  2  2.81043
50  3  2.10645
50  4  0.84527
50  5  -1.06206
50  6  -3.68301
50  7  -7.04628
50  8  -11.1253
50  9  -15.8273
50  10  -20.9943
50  11  -26.4177
50  12  -31.8652
50  13  -37.1131
50  14  -41.9744
50  15  -46.317
50  16  -50.068
50  17  -53.2082
50  18  -55.7591
50  19  -57.7698
50  20  -59.3036
50  21  -60.4288
50  22  -61.2119
50  23  -61.7141
50  24  -61.9893
50  25  -62.0833
51  1  3.44004
51  2  3.19586
51  3  2.4881
51  4  1.22042
51  5  -0.696063
51  6  -3.32828
51  7  -6.7038
51  8  -10.7943
51  9  -15.5051
51  10  -20.6761
51  11  -26.0974
51  12  -31.5364
51  13  -36.7699
51  14  -41.6125
51  15  -45.9341
51  16  -49.6636
51  17  -52.7834
51  18  -55.3163
51  19  -57.3118
51  20  -58.8333
51  21  -59.9492
51  22  -60.7257
51  23  -61.2236
51  24  -61.4964
51  25  -61.5896
52  1  3.8821
52  2  3.63656
52  3  2.92491
52  4  1.65057
52  5  -0.275301
52  6  -2.91906
52  7  -6.3071
52  8  -10.4093
52  9  -15.129
52  10  -20.304
52  11  -25.7231
52  12  -31.1531
52  13  -36.3718
52  14  -41.1954
52  15  -45.4955
52  16  -49.2032
52  17  -52.3024
52  18  -54.8169
52  19  -56.7969
52  20  -58.3061
52  21  -59.4126
52  22  -60.1824
52  23  -60.6759
52  24  -60.9463
52  25  -61.0387
53  1  4.42795
53  2  4.18081
53  3  3.4646
53  4  2.18243
53  5  0.245533
53  6  -2.41176
53  7  -5.81445
53  8  -9.93036
53  9  -14.6602
53  10  -19.8398
53  11  -25.2561
53  12  -30.6756
53  13  -35.877
53  14  -40.6781
53  15  -44.9532
53  16  -48.6355
53  17  -51.7106
53  18  -54.2039
53  19  -56.1659
53  20  -57.6607
53  21  -58.7563
53  22  -59.5184
53  23  -60.0069
53  24  -60.2744
53  25  -60.3658
54  1  5.12053
54  2  4.87136
54  3  4.14939
54  4  2.85732
54  5  0.906509
54  6  -1.76784
54  7  -5.18892
54  8  -9.32195
54  9  -14.0646
54  10  -19.2496
54  11  -24.6621
54  12  -30.0682
54  13  -35.2476
54  14  -40.0206
54  15  -44.2643
54  16  -47.9148
54  17  -50.96
54  18  -53.4267
54  19  -55.3664
54  20  -56.8434
54  21  -57.9255
54  22  -58.6779
54  23  -59.1601
54  24  -59.4242
54  25  -59.5144
55  1  5.85994
55  2  5.6085
55  3  4.88012
55  4  3.57707
55  5  1.61084
55  6  -1.08237
55  7  -4.52376
55  8  -8.67557
55  9  -13.432
55  10  -18.6228
55  11  -24.0308
55  12  -29.4218
55  13  -34.5768
55  14  -39.3188
55  15  -43.5279
55  16  -47.1435
55  17  -50.156
55  18  -52.5937
55  19  -54.5092
55  20  -55.9668
55  21  -57.0341
55  22  -57.776
55  23  -58.2514
55  24  -58.5117
55  25  -58.6007
56  1  6.65738
56  2  6.40332
56  3  5.66748
56  4  4.35162
56  5  2.36746
56  6  -0.347626
56  7  -3.81246
56  8  -7.98586
56  9  -12.7581
56  10  -17.955
56  11  -23.3575
56  12  -28.7307
56  13  -33.8573
56  14  -38.5633
56  15  -42.7327
56  16  -46.3083
56  17  -49.2833
56  18  -51.6879
56  19  -53.5756
56  20  -55.0111
56  21  -56.0617
56  22  -56.7918
56  23  -57.2594
56  24  -57.5154
56  25  -57.6029
57  1  7.59343
57  2  7.33588
57  3  6.59016
57  4  5.2574
57  5  3.2496
57  6  0.505754
57  7  -2.98978
57  8  -7.19122
57  9  -11.9836
57  10  -17.1881
57  11  -22.5826
57  12  -27.9319
57  13  -33.0209
57  14  -37.6799
57  15  -41.7975
57  16  -45.3211
57  17  -48.2476
57  18  -50.6096
57  19  -52.4616
57  20  -53.8687
57  21  -54.8978
57  22  -55.6126
57  23  -56.0703
57  24  -56.3208
57  25  -56.4064
58  1  8.56943
58  2  8.30761
58  3  7.54975
58  4  6.19627
58  5  4.15955
58  6  1.38065
58  7  -2.15207
58  8  -6.38718
58  9  -11.2033
58  10  -16.4161
58  11  -21.7999
58  12  -27.1194
58  13  -32.1624
58  14  -36.7641
58  15  -40.8193
58  16  -44.2807
58  17  -47.1493
58  18  -49.4605
58  19  -51.2702
58  20  -52.6436
58  21  -53.6473
58  22  -54.3439
58  23  -54.7899
58  24  -55.0339
58  25  -55.1173
59  1  9.5573
59  2  9.29018
59  3  8.51731
59  4  7.13824
59  5  5.06592
59  6  2.24408
59  7  -1.33386
59  8  -5.60946
59  9  -10.4535
59  10  -15.6749
59  11  -21.0442
59  12  -26.3262
59  13  -31.3124
59  14  -35.8445
59  15  -39.8242
59  16  -43.2108
59  17  -46.0103
59  18  -48.261
59  19  -50.0204
59  20  -51.3539
59  21  -52.3275
59  22  -53.0028
59  23  -53.4349
59  24  -53.6713
59  25  -53.7521
60  1  10.6363
60  2  10.3617
60  3  9.56789
60  4  8.15313
60  5  6.03139
60  6  3.15031
60  7  -0.489444
60  8  -4.81951
60  9  -9.69995
60  10  -14.9307
60  11  -20.2775
60  12  -25.5059
60  13  -30.4132
60  14  -34.8499
60  15  -38.7274
60  16  -42.0135
60  17  -44.7205
60  18  -46.8909
60  19  -48.5837
60  20  -49.8645
60  21  -50.7984
60  22  -51.4457
60  23  -51.8595
60  24  -52.0858
60  25  -52.1632
61  1  11.7914
61  2  11.5061
61  3  10.6818
61  4  9.21536
61  5  7.02246
61  6  4.05687
61  7  0.330164
61  8  -4.0748
61  9  -9.00284
61  10  -14.2418
61  11  -19.5518
61  12  -24.7006
61  13  -29.4944
61  14  -33.7965
61  15  -37.5318
61  16  -40.6795
61  17  -43.2605
61  18  -45.3218
61  19  -46.9248
61  20  -48.1348
61  21  -49.0156
61  22  -49.6252
61  23  -50.0147
61  24  -50.2276
61  25  -50.3003
62  1  13.1085
62  2  12.8051
62  3  11.93
62  4  10.3778
62  5  8.06807
62  6  4.96572
62  7  1.10143
62  8  -3.41763
62  9  -8.41206
62  10  -13.652
62  11  -18.8912
62  12  -23.9038
62  13  -28.5121
62  14  -32.6005
62  15  -36.1144
62  16  -39.0503
62  17  -41.4403
62  18  -43.3382
62  19  -44.8073
62  20  -45.9125
62  21  -46.7149
62  22  -47.2693
62  23  -47.623
62  24  -47.8162
62  25  -47.8822
63  1  14.5499
63  2  14.2156
63  3  13.2537
63  4  11.5568
63  5  9.05279
63  6  5.72883
63  7  1.65031
63  8  -3.03441
63  9  -8.10851
63  10  -13.3189
63  11  -18.4164
63  12  -23.1917
63  13  -27.4967
63  14  -31.2496
63  15  -34.4266
63  16  -37.0472
63  17  -39.1582
63  18  -40.8205
63  19  -42.0988
63  20  -43.0556
63  21  -43.7477
63  22  -44.2246
63  23  -44.5284
63  24  -44.6941
63  25  -44.7507
64  1  16.2281
64  2  15.8371
64  3  14.7176
64  4  12.7623
64  5  9.92212
64  6  6.23277
64  7  1.82731
64  8  -3.07498
64  9  -8.20342
64  10  -13.2834
64  11  -18.0804
64  12  -22.4268
64  13  -26.2285
64  14  -29.4562
64  15  -32.1279
64  16  -34.2911
64  17  -36.0076
64  18  -37.3433
64  19  -38.361
64  20  -39.1174
64  21  -39.6617
64  22  -40.0355
64  23  -40.2729
64  24  -40.4023
64  25  -40.4464
65  1  18.0084
65  2  17.5334
65  3  16.1838
65  4  13.8634
65  5  10.5731
65  6  6.43544
65  7  1.68584
65  8  -3.36959
65  9  -8.41619
65  10  -13.1876
65  11  -17.4989
65  12  -21.2521
65  13  -24.4223
65  14  -27.0351
65  15  -29.1454
65  16  -30.8203
65  17  -32.1286
65  18  -33.134
65  19  -33.8928
65  20  -34.4529
65  21  -34.8538
65  22  -35.128
65  23  -35.3019
65  24  -35.3964
65  25  -35.4287
66  1  19.7899
66  2  19.2193
66  3  17.614
66  4  14.9069
66  5  11.1797
66  6  6.66849
66  7  1.71727
66  8  -3.30391
66  9  -8.07826
66  10  -12.3885
66  11  -16.1235
66  12  -19.2588
66  13  -21.8269
66  14  -23.8906
66  15  -25.5236
66  16  -26.7988
66  17  -27.7823
66  18  -28.5308
66  19  -29.0916
66  20  -29.5031
66  21  -29.7965
66  22  -29.9967
66  23  -30.1233
66  24  -30.1921
66  25  -30.2156
67  1  21.5977
67  2  20.9445
67  3  19.1258
67  4  16.1218
67  5  12.1098
67  6  7.43673
67  7  2.52476
67  8  -2.2395
67  9  -6.57957
67  10  -10.3481
67  11  -13.505
67  12  -16.0806
67  13  -18.1416
67  14  -19.7671
67  15  -21.0343
67  16  -22.0126
67  17  -22.7603
67  18  -23.3254
67  19  -23.7466
67  20  -24.0546
67  21  -24.2736
67  22  -24.4227
67  23  -24.5169
67  24  -24.568
67  25  -24.5854
68  1  23.7218
68  2  23.0382
68  3  21.1533
68  4  18.0982
68  5  14.1276
68  6  9.65372
68  7  5.11741
68  8  0.871899
68  9  -2.86991
68  10  -6.02615
68  11  -8.60637
68  12  -10.6698
68  13  -12.2947
68  14  -13.5601
68  15  -14.537
68  16  -15.2853
68  17  -15.854
68  18  -16.2819
68  19  -16.5998
68  20  -16.8316
68  21  -16.9962
68  22  -17.1081
68  23  -17.1787
68  24  -17.2171
68  25  -17.2301
69  1  32.4934
69  2  32.1513
69  3  31.2169
69  4  29.7294
69  5  27.8442
69  6  25.7825
69  7  23.7567
69  8  21.9171
69  9  20.339
69  10  19.0382
69  11  17.9947
69  12  17.1729
69  13  16.5335
69  14  16.0402
69  15  15.6621
69  16  15.374
69  17  15.1561
69  18  14.9926
69  19  14.8714
69  20  14.7832
69  21  14.7207
69  22  14.6782
69  23  14.6514
69  24  14.6368
69  25  14.6319
70  1  34.6186
70  2  34.5529
70  3  34.3747
70  4  34.0947
70  5  33.7464
70  6  33.3734
70  7  33.0148
70  8  32.6957
70  9  32.4269
70  10  32.2085
70  11  32.0355
70  12  31.9005
70  13  31.7963
70  14  31.7163
70  15  31.6553
70  16  31.6089
70  17  31.574
70  18  31.5478
70  19  31.5284
70  20  31.5143
70  21  31.5043
70  22  31.4976
70  23  31.4933
70  24  31.491
70  25  31.4902
71  1  33.6114
71  2  33.7221
71  3  34.0204
71  4  34.4839
71  5  35.0516
71  6  35.6488
71  7  36.2127
71  8  36.7064
71  9  37.1165
71  10  37.4458
71  11  37.7043
71  12  37.9045
71  13  38.0582
71  14  38.1757
71  15  38.265
71  16  38.3326
71  17  38.3836
71  18  38.4217
71  19  38.4498
71  20  38.4703
71  21  38.4848
71  22  38.4946
71  23  38.5008
71  24  38.5042
71  25  38.5053
72  1  31.8368
72  2  32.0756
72  3  32.7161
72  4  33.7019
72  5  34.8946
72  6  36.1318
72  7  37.2842
72  8  38.2803
72  9  39.0992
72  10  39.7509
72  11  40.2591
72  12  40.6507
72  13  40.9501
72  14  41.1781
72  15  41.351
72  16  41.4818
72  17  41.5802
72  18  41.6536
72  19  41.7079
72  20  41.7473
72  21  41.7752
72  22  41.7942
72  23  41.8061
72  24  41.8126
72  25  41.8148
73  1  29.4558
73  2  29.7938
73  3  30.6972
73  4  32.0775
73  5  33.7318
73  6  35.4296
73  7  36.9948
73  8  38.3354
73  9  39.429
73  10  40.2938
73  11  40.9649
73  12  41.4799
73  13  41.8726
73  14  42.171
73  15  42.3969
73  16  42.5675
73  17  42.6958
73  18  42.7915
73  19  42.8621
73  20  42.9134
73  21  42.9497
73  22  42.9743
73  23  42.9898
73  24  42.9983
73  25  43.0011
74  1  28.2072
74  2  28.61
74  3  29.6827
74  4  31.3121
74  5  33.2495
74  6  35.2206
74  7  37.0225
74  8  38.5543
74  9  39.796
74  10  40.7731
74  11  41.5283
74  12  42.1061
74  13  42.5457
74  14  42.8791
74  15  43.1313
74  16  43.3215
74  17  43.4643
74  18  43.5709
74  19  43.6495
74  20  43.7066
74  21  43.7469
74  22  43.7743
74  23  43.7916
74  24  43.8009
74  25  43.8041
75  1  27.4614
75  2  27.9017
75  3  29.0717
75  4  30.841
75  5  32.9328
75  6  35.0478
75  7  36.9697
75  8  38.5948
75  9  39.9064
75  10  40.9348
75  11  41.7276
75  12  42.3329
75  13  42.7926
75  14  43.1409
75  15  43.404
75  16  43.6024
75  17  43.7513
75  18  43.8623
75  19  43.9442
75  20  44.0036
75  21  44.0456
75  22  44.0741
75  23  44.0921
75  24  44.1018
75  25  44.1052
76  1  26.9668
76  2  27.4293
76  3  28.6558
76  4  30.5043
76  5  32.6796
76  6  34.8682
76  7  36.8473
76  8  38.514
76  9  39.8544
76  10  40.9026
76  11  41.7088
76  12  42.3233
76  13  42.7896
76  14  43.1424
76  15  43.4088
76  16  43.6095
76  17  43.7601
76  18  43.8723
76  19  43.9551
76  20  44.0152
76  21  44.0576
76  22  44.0865
76  23  44.1046
76  24  44.1144
76  25  44.1178
77  1  26.6717
77  2  27.1438
77  3  28.3939
77  4  30.2725
77  5  32.4753
77  6  34.6827
77  7  36.6714
77  8  38.3406
77  9  39.6794
77  10  40.7241
77  11  41.5263
77  12  42.137
77  13  42.5998
77  14  42.9498
77  15  43.214
77  16  43.4129
77  17  43.5621
77  18  43.6732
77  19  43.7552
77  20  43.8147
77  21  43.8567
77  22  43.8853
77  23  43.9032
77  24  43.913
77  25  43.9163
78  1  26.5654
78  2  27.0353
78  3  28.2779
78  4  30.1413
78  5  32.3201
78  6  34.4967
78  7  36.452
78  8  38.0889
78  9  39.3991
78  10  40.4197
78  11  41.2025
78  12  41.7978
78  13  42.2486
78  14  42.5893
78  15  42.8464
78  16  43.0399
78  17  43.185
78  18  43.2931
78  19  43.3728
78  20  43.4306
78  21  43.4715
78  22  43.4992
78  23  43.5167
78  24  43.5262
78  25  43.5294
79  1  27.6114
79  2  28.0068
79  3  29.0515
79  4  30.6151
79  5  32.4389
79  6  34.2562
79  7  35.8847
79  8  37.2451
79  9  38.3322
79  10  39.1778
79  11  39.8256
79  12  40.3179
79  13  40.6905
79  14  40.972
79  15  41.1842
79  16  41.344
79  17  41.4637
79  18  41.5529
79  19  41.6187
79  20  41.6664
79  21  41.7002
79  22  41.723
79  23  41.7374
79  24  41.7453
79  25  41.7479
80  1  27.8109
80  2  28.1702
80  3  29.1186
80  4  30.5358
80  5  32.1855
80  6  33.8257
80  7  35.2924
80  8  36.5155
80  9  37.4913
80  10  38.2495
80  11  38.8298
80  12  39.2705
80  13  39.6039
80  14  39.8556
80  15  40.0454
80  16  40.1882
80  17  40.2952
80  18  40.375
80  19  40.4337
80  20  40.4764
80  21  40.5065
80  22  40.5269
80  23  40.5398
80  24  40.5468
80  25  40.5492
81  1  27.6822
81  2  28.0253
81  3  28.9305
81  4  30.2813
81  5  31.8512
81  6  33.4093
81  7  34.8002
81  8  35.9584
81  9  36.8814
81  10  37.5979
81  11  38.146
81  12  38.5619
81  13  38.8764
81  14  39.1138
81  15  39.2928
81  16  39.4274
81  17  39.5283
81  18  39.6035
81  19  39.6589
81  20  39.699
81  21  39.7274
81  22  39.7467
81  23  39.7588
81  24  39.7654
81  25  39.7676
82  1  27.48
82  2  27.8106
82  3  28.6823
82  4  29.9817
82  5  31.4895
82  6  32.9836
82  7  34.3154
82  8  35.4229
82  9  36.3045
82  10  36.9883
82  11  37.511
82  12  37.9075
82  13  38.2072
82  14  38.4334
82  15  38.6038
82  16  38.732
82  17  38.8281
82  18  38.8997
82  19  38.9524
82  20  38.9906
82  21  39.0177
82  22  39.036
82  23  39.0476
82  24  39.0538
82  25  39.0559
83  1  27.2967
83  2  27.6172
83  3  28.4617
83  4  29.7195
83  5  31.1772
83  6  32.6198
83  7  33.9042
83  8  34.9711
83  9  35.8198
83  10  36.4776
83  11  36.9801
83  12  37.3612
83  13  37.6491
83  14  37.8664
83  15  38.0301
83  16  38.1532
83  17  38.2454
83  18  38.3141
83  19  38.3648
83  20  38.4015
83  21  38.4274
83  22  38.445
83  23  38.4561
83  24  38.4621
83  25  38.4642
84  1  27.1417
84  2  27.4524
84  3  28.2708
84  4  29.4887
84  5  30.8988
84  6  32.2928
84  7  33.5326
84  8  34.5616
84  9  35.3795
84  10  36.0131
84  11  36.4969
84  12  36.8637
84  13  37.1408
84  14  37.3498
84  15  37.5073
84  16  37.6257
84  17  37.7144
84  18  37.7805
84  19  37.8292
84  20  37.8645
84  21  37.8894
84  22  37.9063
84  23  37.917
84  24  37.9228
84  25  37.9247
85  1  27.0117
85  2  27.3118
85  3  28.1017
85  4  29.2764
85  5  30.6352
85  6  31.9771
85  7  33.1695
85  8  34.1584
85  9  34.9439
85  10  35.552
85  11  36.0163
85  12  36.3681
85  13  36.6338
85  14  36.8342
85  15  36.9852
85  16  37.0987
85  17  37.1837
85  18  37.247
85  19  37.2937
85  20  37.3275
85  21  37.3515
85  22  37.3677
85  23  37.3779
85  24  37.3834
85  25  37.3853
86  1  26.9201
86  2  27.2091
86  3  27.9697
86  4  29.1001
86  5  30.4065
86  6  31.6957
86  7  32.8403
86  8  33.7888
86  9  34.5419
86  10  35.1247
86  11  35.5694
86  12  35.9064
86  13  36.1608
86  14  36.3527
86  15  36.4972
86  16  36.6059
86  17  36.6873
86  18  36.7479
86  19  36.7925
86  20  36.8249
86  21  36.8478
86  22  36.8633
86  23  36.8731
86  24  36.8784
86  25  36.8802
87  1  26.8632
87  2  27.1406
87  3  27.8704
87  4  28.9546
87  5  30.2067
87  6  31.4414
87  7  32.5368
87  8  33.4442
87  9  34.1641
87  10  34.7211
87  11  35.146
87  12  35.4678
87  13  35.7108
87  14  35.894
87  15  36.032
87  16  36.1357
87  17  36.2135
87  18  36.2713
87  19  36.3139
87  20  36.3449
87  21  36.3667
87  22  36.3815
87  23  36.3909
87  24  36.3959
87  25  36.3976
88  1  26.8389
88  2  27.1052
88  3  27.8059
88  4  28.8462
88  5  30.047
88  6  31.2304
88  7  32.2798
88  8  33.1485
88  9  33.8376
88  10  34.3705
88  11  34.7769
88  12  35.0848
88  13  35.3171
88  14  35.4923
88  15  35.6243
88  16  35.7234
88  17  35.7977
88  18  35.8531
88  19  35.8938
88  20  35.9234
88  21  35.9442
88  22  35.9584
88  23  35.9673
88  24  35.9722
88  25  35.9738
89  1  26.8391
89  2  27.0932
89  3  27.7614
89  4  28.7531
89  5  29.8973
89  6  31.0242
89  7  32.023
89  8  32.8494
89  9  33.5048
89  10  34.0114
89  11  34.3978
89  12  34.6903
89  13  34.9111
89  14  35.0776
89  15  35.2029
89  16  35.2972
89  17  35.3678
89  18  35.4203
89  19  35.459
89  20  35.4871
89  21  35.5069
89  22  35.5204
89  23  35.5289
89  24  35.5335
89  25  35.535
90  1  26.8636
90  2  27.105
90  3  27.7395
90  4  28.681
90  5  29.7668
90  6  30.8356
90  7  31.7824
90  8  32.5656
90  9  33.1864
90  10  33.6663
90  11  34.0321
90  12  34.3091
90  13  34.5182
90  14  34.6757
90  15  34.7944
90  16  34.8836
90  17  34.9504
90  18  35.0001
90  19  35.0367
90  20  35.0633
90  21  35.0821
90  22  35.0948
90  23  35.1028
90  24  35.1072
90  25  35.1087
91  1  26.9082
91  2  27.1367
91  3  27.7375
91  4  28.6285
91  5  29.6557
91  6  30.6664
91  7  31.5614
91  8  32.3015
91  9  32.888
91  10  33.3412
91  11  33.6867
91  12  33.9482
91  13  34.1456
91  14  34.2943
91  15  34.4064
91  16  34.4905
91  17  34.5536
91  18  34.6005
91  19  34.6351
91  20  34.6602
91  21  34.6779
91  22  34.6899
91  23  34.6975
91  24  34.7016
91  25  34.703
92  1  26.9695
92  2  27.1852
92  3  27.7519
92  4  28.5922
92  5  29.5605
92  6  30.513
92  7  31.3561
92  8  32.0531
92  9  32.6053
92  10  33.0319
92  11  33.3571
92  12  33.6032
92  13  33.789
92  14  33.9289
92  15  34.0343
92  16  34.1135
92  17  34.1729
92  18  34.217
92  19  34.2496
92  20  34.2732
92  21  34.2898
92  22  34.3011
92  23  34.3083
92  24  34.3121
92  25  34.3134
93  1  27.0474
93  2  27.2496
93  3  27.7811
93  4  28.569
93  5  29.4766
93  6  30.3691
93  7  31.1589
93  8  31.8116
93  9  32.3285
93  10  32.7279
93  11  33.0323
93  12  33.2626
93  13  33.4364
93  14  33.5674
93  15  33.666
93  16  33.7401
93  17  33.7956
93  18  33.837
93  19  33.8674
93  20  33.8895
93  21  33.9051
93  22  33.9157
93  23  33.9223
93  24  33.9259
93  25  33.9272
94  1  27.1321
94  2  27.3217
94  3  27.8199
94  4  28.5583
94  5  29.4087
94  6  30.2446
94  7  30.9842
94  8  31.5953
94  9  32.0792
94  10  32.453
94  11  32.7378
94  12  32.9533
94  13  33.116
94  14  33.2385
94  15  33.3308
94  16  33.4001
94  17  33.452
94  18  33.4907
94  19  33.5192
94  20  33.5398
94  21  33.5544
94  22  33.5643
94  23  33.5706
94  24  33.5739
94  25  33.5751
95  1  27.2329
95  2  27.409
95  3  27.8716
95  4  28.5571
95  5  29.3464
95  6  30.1221
95  7  30.8081
95  8  31.3749
95  9  31.8236
95  10  32.1702
95  11  32.4342
95  12  32.634
95  13  32.7848
95  14  32.8984
95  15  32.9839
95  16  33.0482
95  17  33.0963
95  18  33.1321
95  19  33.1585
95  20  33.1777
95  21  33.1912
95  22  33.2004
95  23  33.2061
95  24  33.2093
95  25  33.2103
96  1  27.3457
96  2  27.5079
96  3  27.934
96  4  28.5653
96  5  29.292
96  6  30.0059
96  7  30.6373
96  8  31.1588
96  9  31.5716
96  10  31.8904
96  11  32.1332
96  12  32.317
96  13  32.4556
96  14  32.5601
96  15  32.6387
96  16  32.6978
96  17  32.7421
96  18  32.775
96  19  32.7993
96  20  32.8169
96  21  32.8293
96  22  32.8378
96  23  32.8431
96  24  32.8459
96  25  32.8469
97  1  27.4753
97  2  27.6226
97  3  28.0096
97  4  28.5829
97  5  29.2427
97  6  29.8908
97  7  30.4638
97  8  30.937
97  9  31.3115
97  10  31.6007
97  11  31.821
97  12  31.9876
97  13  32.1134
97  14  32.2081
97  15  32.2794
97  16  32.333
97  17  32.3732
97  18  32.403
97  19  32.425
97  20  32.441
97  21  32.4523
97  22  32.4599
97  23  32.4647
97  24  32.4674
97  25  32.4682
98  1  27.5982
98  2  27.7322
98  3  28.0842
98  4  28.6056
98  5  29.2055
98  6  29.7946
98  7  30.3154
98  8  30.7454
98  9  31.0857
98  10  31.3484
98  11  31.5486
98  12  31.7
98  13  31.8142
98  14  31.9002
98  15  31.965
98  16  32.0137
98  17  32.0502
98  18  32.0773
98  19  32.0973
98  20  32.1118
98  21  32.122
98  22  32.129
98  23  32.1334
98  24  32.1357
98  25  32.1365
99  1  27.7441
99  2  27.863
99  3  28.1754
99  4  28.6379
99  5  29.1701
99  6  29.6926
99  7  30.1544
99  8  30.5356
99  9  30.8373
99  10  31.0702
99  11  31.2476
99  12  31.3818
99  13  31.483
99  14  31.5592
99  15  31.6166
99  16  31.6598
99  17  31.6921
99  18  31.7161
99  19  31.7339
99  20  31.7467
99  21  31.7558
99  22  31.7619
99  23  31.7658
99  24  31.7679
99  25  31.7686
100  1  27.8972
100  2  28.0009
100  3  28.2734
100  4  28.6767
100  5  29.1407
100  6  29.5962
100  7  29.9988
100  8  30.331
100  9  30.5939
100  10  30.7968
100  11  30.9514
100  12  31.0683
100  13  31.1565
100  14  31.2229
100  15  31.2729
100  16  31.3105
100  17  31.3387
100  18  31.3596
100  19  31.3751
100  20  31.3863
100  21  31.3942
100  22  31.3995
100  23  31.4029
100  24  31.4047
100  25  31.4054
101  1  28.0574
101  2  28.1458
101  3  28.3779
101  4  28.7215
101  5  29.1167
101  6  29.5046
101  7  29.8474
101  8  30.1303
101  9  30.3541
101  10  30.5268
101  11  30.6584
101  12  30.7579
101  13  30.8329
101  14  30.8895
101  15  30.932
101  16  30.964
101  17  30.988
101  18  31.0058
101  19  31.0189
101  20  31.0285
101  21  31.0352
101  22  31.0398
101  23  31.0426
101  24  31.0442
101  25  31.0447
102  1  28.2382
102  2  28.3098
102  3  28.4977
102  4  28.776
102  5  29.0961
102  6  29.4102
102  7  29.6876
102  8  29.9166
102  9  30.0977
102  10  30.2375
102  11  30.344
102  12  30.4245
102  13  30.4853
102  14  30.531
102  15  30.5655
102  16  30.5913
102  17  30.6107
102  18  30.6251
102  19  30.6358
102  20  30.6435
102  21  30.6489
102  22  30.6526
102  23  30.6549
102  24  30.6562
102  25  30.6566
103  1  28.4181
103  2  28.4734
103  3  28.6187
103  4  28.8337
103  5  29.081
103  6  29.3236
103  7  29.5379
103  8  29.7147
103  9  29.8546
103  10  29.9626
103  11  30.0448
103  12  30.1069
103  13  30.1538
103  14  30.1891
103  15  30.2157
103  16  30.2357
103  17  30.2507
103  18  30.2618
103  19  30.27
103  20  30.276
103  21  30.2802
103  22  30.283
103  23  30.2848
103  24  30.2858
103  25  30.2861
104  1  28.5963
104  2  28.6359
104  3  28.7398
104  4  28.8936
104  5  29.0704
104  6  29.2439
104  7  29.3971
104  8  29.5236
104  9  29.6236
104  10  29.7007
104  11  29.7595
104  12  29.8039
104  13  29.8375
104  14  29.8627
104  15  29.8817
104  16  29.896
104  17  29.9067
104  18  29.9147
104  19  29.9205
104  20  29.9248
104  21  29.9278
104  22  29.9298
104  23  29.9311
104  24  29.9318
104  25  29.932
105  1  28.7914
105  2  28.8141
105  3  28.8736
105  4  28.9617
105  5  29.0629
105  6  29.1623
105  7  29.25
105  8  29.3224
105  9  29.3796
105  10  29.4238
105  11  29.4575
105  12  29.4829
105  13  29.5021
105  14  29.5165
105  15  29.5274
105  16  29.5356
105  17  29.5417
105  18  29.5463
105  19  29.5496
105  20  29.5521
105  21  29.5538
105  22  29.5549
105  23  29.5557
105  24  29.5561
105  25  29.5562
106  1  28.9888
106  2  28.9946
106  3  29.01
106  4  29.0328
106  5  29.059
106  6  29.0847
106  7  29.1074
106  8  29.1262
106  9  29.141
106  10  29.1524
106  11  29.1611
106  12  29.1677
106  13  29.1726
106  14  29.1764
106  15  29.1792
106  16  29.1813
106  17  29.1829
106  18  29.1841
106  19  29.1849
106  20  29.1856
106  21  29.186
106  22  29.1863
106  23  29.1865
106  24  29.1866
106  25  29.1866
107  1  29.2036
107  2  29.1915
107  3  29.1596
107  4  29.1125
107  5  29.0583
107  6  29.0052
107  7  28.9582
107  8  28.9195
107  9  28.8889
107  10  28.8653
107  11  28.8473
107  12  28.8337
107  13  28.8234
107  14  28.8157
107  15  28.8099
107  16  28.8055
107  17  28.8022
107  18  28.7998
107  19  28.798
107  20  28.7967
107  21  28.7958
107  22  28.7952
107  23  28.7948
107  24  28.7946
107  25  28.7945
108  1  29.4258
108  2  29.3953
108  3  29.3153
108  4  29.1969
108  5  29.0609
108  6  28.9274
108  7  28.8096
108  8  28.7124
108  9  28.6355
108  10  28.5762
108  11  28.5311
108  12  28.497
108  13  28.4712
108  14  28.4518
108  15  28.4372
108  16  28.4263
108  17  28.418
108  18  28.4119
108  19  28.4074
108  20  28.4042
108  21  28.4019
108  22  28.4003
108  23  28.3993
108  24  28.3988
108  25  28.3986
109  1  29.6586
109  2  29.6091
109  3  29.4792
109  4  29.2871
109  5  29.0663
109  6  28.8498
109  7  28.6586
109  8  28.5009
109  9  28.3763
109  10  28.2801
109  11  28.2069
109  12  28.1515
109  13  28.1097
109  14  28.0783
109  15  28.0546
109  16  28.0368
109  17  28.0235
109  18  28.0136
109  19  28.0063
109  20  28.001
109  21  27.9972
109  22  27.9947
109  23  27.9931
109  24  27.9922
109  25  27.9919
110  1  29.8863
110  2  29.8185
110  3  29.6405
110  4  29.3771
110  5  29.0744
110  6  28.7776
110  7  28.5156
110  8  28.2996
110  9  28.1287
110  10  27.9969
110  11  27.8966
110  12  27.8207
110  13  27.7635
110  14  27.7204
110  15  27.6879
110  16  27.6636
110  17  27.6453
110  18  27.6317
110  19  27.6217
110  20  27.6145
110  21  27.6093
110  22  27.6059
110  23  27.6037
110  24  27.6025
110  25  27.6021
111  1  30.1268
111  2  30.0398
111  3  29.8114
111  4  29.4735
111  5  29.0852
111  6  28.7044
111  7  28.3684
111  8  28.0912
111  9  27.8721
111  10  27.703
111  11  27.5743
111  12  27.477
111  13  27.4036
111  14  27.3483
111  15  27.3067
111  16  27.2755
111  17  27.252
111  18  27.2346
111  19  27.2218
111  20  27.2125
111  21  27.2059
111  22  27.2014
111  23  27.1986
111  24  27.1971
111  25  27.1966
112  1  30.3891
112  2  30.2813
112  3  29.9985
112  4  29.58
112  5  29.0992
112  6  28.6278
112  7  28.2117
112  8  27.8686
112  9  27.5973
112  10  27.388
112  11  27.2287
112  12  27.1082
112  13  27.0174
112  14  26.9489
112  15  26.8974
112  16  26.8587
112  17  26.8297
112  18  26.8082
112  19  26.7923
112  20  26.7808
112  21  26.7726
112  22  26.7671
112  23  26.7636
112  24  26.7617
112  25  26.7611
113  1  30.6269
113  2  30.5005
113  3  30.1686
113  4  29.6777
113  5  29.1136
113  6  28.5606
113  7  28.0725
113  8  27.67
113  9  27.3518
113  10  27.1063
113  11  26.9194
113  12  26.7781
113  13  26.6716
113  14  26.5913
113  15  26.5309
113  16  26.4855
113  17  26.4515
113  18  26.4263
113  19  26.4076
113  20  26.3941
113  21  26.3846
113  22  26.3781
113  23  26.374
113  24  26.3718
113  25  26.371
114  1  30.8813
114  2  30.735
114  3  30.3512
114  4  29.7833
114  5  29.1308
114  6  28.4911
114  7  27.9266
114  8  27.4611
114  9  27.093
114  10  26.8091
114  11  26.5931
114  12  26.4296
114  13  26.3064
114  14  26.2136
114  15  26.1437
114  16  26.0913
114  17  26.052
114  18  26.0227
114  19  26.0011
114  20  25.9855
114  21  25.9745
114  22  25.967
114  23  25.9623
114  24  25.9597
114  25  25.9589
115  1  31.1504
115  2  30.9833
115  3  30.5447
115  4  29.8959
115  5  29.1506
115  6  28.4199
115  7  27.775
115  8  27.2432
115  9  26.8229
115  10  26.4986
115  11  26.2518
115  12  26.0651
115  13  25.9244
115  14  25.8184
115  15  25.7386
115  16  25.6787
115  17  25.6338
115  18  25.6004
115  19  25.5757
115  20  25.5579
115  21  25.5453
115  22  25.5367
115  23  25.5313
115  24  25.5284
115  25  25.5274
116  1  31.4354
116  2  31.2464
116  3  30.7502
116  4  30.0162
116  5  29.1731
116  6  28.3465
116  7  27.6171
116  8  27.0156
116  9  26.5402
116  10  26.1734
116  11  25.8943
116  12  25.6832
116  13  25.524
116  14  25.4041
116  15  25.3139
116  16  25.2461
116  17  25.1953
116  18  25.1575
116  19  25.1297
116  20  25.1095
116  21  25.0953
116  22  25.0856
116  23  25.0795
116  24  25.0762
116  25  25.0751
117  1  31.6916
117  2  31.483
117  3  30.9353
117  4  30.1252
117  5  29.1945
117  6  28.2822
117  7  27.4771
117  8  26.8133
117  9  26.2886
117  10  25.8838
117  11  25.5757
117  12  25.3428
117  13  25.1671
117  14  25.0348
117  15  24.9352
117  16  24.8604
117  17  24.8044
117  18  24.7627
117  19  24.7319
117  20  24.7097
117  21  24.6939
117  22  24.6833
117  23  24.6765
117  24  24.6729
117  25  24.6716
118  1  31.969
118  2  31.7392
118  3  31.136
118  4  30.2437
118  5  29.2188
118  6  28.2141
118  7  27.3274
118  8  26.5965
118  9  26.0186
118  10  25.5729
118  11  25.2337
118  12  24.9771
118  13  24.7837
118  14  24.638
118  15  24.5284
118  16  24.446
118  17  24.3843
118  18  24.3384
118  19  24.3045
118  20  24.28
118  21  24.2627
118  22  24.2509
118  23  24.2435
118  24  24.2395
118  25  24.2381
119  1  32.256
119  2  32.0043
119  3  31.3439
119  4  30.367
119  5  29.245
119  6  28.145
119  7  27.1744
119  8  26.3742
119  9  25.7416
119  10  25.2537
119  11  24.8824
119  12  24.6016
119  13  24.3898
119  14  24.2303
119  15  24.1103
119  16  24.0201
119  17  23.9526
119  18  23.9023
119  19  23.8653
119  20  23.8385
119  21  23.8195
119  22  23.8066
119  23  23.7985
119  24  23.7941
119  25  23.7926
120  1  32.5314
120  2  32.2589
120  3  31.5437
120  4  30.486
120  5  29.271
120  6  28.08
120  7  27.029
120  8  26.1626
120  9  25.4777
120  10  24.9495
120  11  24.5474
120  12  24.2434
120  13  24.0141
120  14  23.8414
120  15  23.7115
120  16  23.6139
120  17  23.5407
120  18  23.4863
120  19  23.4462
120  20  23.4172
120  21  23.3966
120  22  23.3827
120  23  23.3739
120  24  23.3692
120  25  23.3676
121  1  32.8271
121  2  32.5323
121  3  31.7585
121  4  30.614
121  5  29.2994
121  6  28.0109
121  7  26.8739
121  8  25.9365
121  9  25.1956
121  10  24.6241
121  11  24.1891
121  12  23.8602
121  13  23.6122
121  14  23.4254
121  15  23.2848
121  16  23.1792
121  17  23.1001
121  18  23.0412
121  19  22.9979
121  20  22.9664
121  21  22.9442
121  22  22.9292
121  23  22.9197
121  24  22.9145
121  25  22.9128
122  1  33.1308
122  2  32.8132
122  3  31.9795
122  4  30.7465
122  5  29.3303
122  6  27.9421
122  7  26.7172
122  8  25.7074
122  9  24.9092
122  10  24.2936
122  11  23.825
122  12  23.4707
122  13  23.2035
122  14  23.0023
122  15  22.8509
122  16  22.7371
122  17  22.6519
122  18  22.5885
122  19  22.5417
122  20  22.5079
122  21  22.4839
122  22  22.4677
122  23  22.4575
122  24  22.4519
122  25  22.4501
123  1  33.4485
123  2  33.107
123  3  32.2108
123  4  30.8852
123  5  29.3627
123  6  27.8704
123  7  26.5536
123  8  25.4681
123  9  24.6101
123  10  23.9483
123  11  23.4447
123  12  23.0638
123  13  22.7766
123  14  22.5603
123  15  22.3975
123  16  22.2752
123  17  22.1836
123  18  22.1155
123  19  22.0653
123  20  22.0288
123  21  22.0031
123  22  21.9857
123  23  21.9747
123  24  21.9687
123  25  21.9667
124  1  33.7753
124  2  33.4093
124  3  32.4488
124  4  31.0283
124  5  29.3968
124  6  27.7976
124  7  26.3865
124  8  25.2234
124  9  24.304
124  10  23.5948
124  11  23.0551
124  12  22.647
124  13  22.3393
124  14  22.1075
124  15  21.9331
124  16  21.802
124  17  21.7039
124  18  21.6308
124  19  21.577
124  20  21.538
124  21  21.5104
124  22  21.4918
124  23  21.48
124  24  21.4736
124  25  21.4714
125  1  34.1345
125  2  33.7417
125  3  32.7108
125  4  31.1861
125  5  29.4349
125  6  27.7185
125  7  26.204
125  8  24.9556
125  9  23.9689
125  10  23.2078
125  11  22.6285
125  12  22.1906
125  13  21.8603
125  14  21.6116
125  15  21.4243
125  16  21.2837
125  17  21.1784
125  18  21.1
125  19  21.0422
125  20  21.0004
125  21  20.9708
125  22  20.9507
125  23  20.9381
125  24  20.9312
125  25  20.9289
126  1  34.5241
126  2  34.1023
126  3  32.9951
126  4  31.3576
126  5  29.4769
126  6  27.6337
126  7  26.0073
126  8  24.6666
126  9  23.6069
126  10  22.7896
126  11  22.1676
126  12  21.6972
126  13  21.3426
126  14  21.0755
126  15  20.8744
126  16  20.7234
126  17  20.6103
126  18  20.5261
126  19  20.4641
126  20  20.4191
126  21  20.3874
126  22  20.3658
126  23  20.3523
126  24  20.3449
126  25  20.3424
127  1  34.9385
127  2  34.4857
127  3  33.2976
127  4  31.5404
127  5  29.5223
127  6  27.5444
127  7  25.7992
127  8  24.3606
127  9  23.2235
127  10  22.3465
127  11  21.6791
127  12  21.1744
127  13  20.7938
127  14  20.5072
127  15  20.2915
127  16  20.1295
127  17  20.0081
127  18  19.9178
127  19  19.8512
127  20  19.803
127  21  19.7689
127  22  19.7458
127  23  19.7312
127  24  19.7233
127  25  19.7206
128  1  35.4505
128  2  34.9597
128  3  33.6717
128  4  31.7669
128  5  29.5792
128  6  27.4351
128  7  25.5433
128  8  23.9839
128  9  22.7514
128  10  21.8008
128  11  21.0773
128  12  20.5303
128  13  20.1178
128  14  19.8071
128  15  19.5733
128  16  19.3976
128  17  19.2661
128  18  19.1682
128  19  19.096
128  20  19.0437
128  21  19.0068
128  22  18.9817
128  23  18.9659
128  24  18.9574
128  25  18.9545
129  1  36.1436
129  2  35.6015
129  3  34.1785
129  4  32.0741
129  5  29.6573
129  6  27.2887
129  7  25.1988
129  8  23.4762
129  9  22.1146
129  10  21.0645
129  11  20.2653
129  12  19.661
129  13  19.2053
129  14  18.8621
129  15  18.6039
129  16  18.4098
129  17  18.2645
129  18  18.1564
129  19  18.0767
129  20  18.0189
129  21  17.9781
129  22  17.9504
129  23  17.933
129  24  17.9235
129  25  17.9203
130  1  40.276
130  2  39.4281
130  3  37.2028
130  4  33.912
130  5  30.1328
130  6  26.429
130  7  23.1613
130  8  20.4678
130  9  18.339
130  10  16.6972
130  11  15.4476
130  12  14.5028
130  13  13.7904
130  14  13.2539
130  15  12.8501
130  16  12.5467
130  17  12.3195
130  18  12.1505
130  19  12.0259
130  20  11.9356
130  21  11.8718
130  22  11.8285
130  23  11.8012
130  24  11.7865
130  25  11.7814
