1 1 5.812190895791482*^-6
1 2 5.231545570256348*^-6
1 3 4.4961499077150685*^-6
1 4 3.6060039081676728*^-6
1 5 2.561107571614117*^-6
1 6 1.3614608980544319*^-6
1 7 7.063887488613791*^-9
1 8 -1.5020834600833372*^-6
1 9 -3.165981144661443*^-6
1 10 -4.9846291662456665*^-6
1 11 -6.9580275248360465*^-6
1 12 -9.086176220432548*^-6
1 13 -0.000011369075253035193
1 14 -0.00001380672462264398
1 15 -0.000016399124329258904
1 16 -0.000019146274372879962
1 17 -0.000022048174753507153
1 18 -0.000025104825471140497
1 19 -0.00002831622652577996
1 20 -0.00003168237791742558
1 21 -0.000035203279646077326
1 22 -0.000038878931711735205
1 23 -0.00004270933411439922
1 24 -0.000046694486854069385
1 25 -0.00005083438993074569
2 1 0.000026593639880412966
2 2 0.000024301595489183168
2 3 0.000021887574574255534
2 4 0.000019351577135630036
2 5 0.00001669360317330669
2 6 0.000013913652687285512
2 7 0.00001101172567756647
2 8 7.98782214414957*^-6
2 9 4.841942087034841*^-6
2 10 1.5740855062222526*^-6
2 11 -1.815747598288172*^-6
2 12 -5.327557226496456*^-6
2 13 -8.9613433784026*^-6
2 14 -0.00001271710605400659
2 15 -0.00001659484525330842
2 16 -0.000020594560976308103
2 17 -0.00002471625322300564
2 18 -0.000028959921993401018
2 19 -0.00003332556728749425
2 20 -0.000037813189105285344
2 21 -0.00004242278744677427
2 22 -0.000047154362311961055
2 23 -0.000052007913700845675
2 24 -0.000056983441613428165
2 25 -0.00006208094604970849
3 1 0.00005476398656188724
3 2 0.00005020261398432557
3 3 0.000045645027514625114
3 4 0.000041091227152785734
3 5 0.00003654121289880754
3 6 0.00003199498475269045
3 7 0.000027452542714434524
3 8 0.00002291388678403971
3 9 0.000018379016961506054
3 10 0.000013847933246833543
3 11 9.32063564002215*^-6
3 12 4.797124141071885*^-6
3 13 2.7739874998277474*^-7
3 14 -4.238540533245204*^-6
3 15 -8.750693708612041*^-6
3 16 -0.000013259060776117731
3 17 -0.0000177636417357623
3 18 -0.000022264436587545723
3 19 -0.00002676144533146801
3 20 -0.000031254667967529165
3 21 -0.000035744104495729176
3 22 -0.00004022975491606805
3 23 -0.00004471161922854579
3 24 -0.000049189697433162396
3 25 -0.000053663989529917855
4 1 0.00008400141141798412
4 2 0.00007713774818092775
4 3 0.00007049363147791696
4 4 0.00006406906130895206
4 5 0.00005786403767403277
4 6 0.00005187856057315924
4 7 0.00004611263000633148
4 8 0.00004056624597354939
4 9 0.000035239408474812994
4 10 0.00003013211751012237
4 11 0.000025244373079477472
4 12 0.000020576175182878235
4 13 0.000016127523820324762
4 14 0.000011898418991817008
4 15 7.888860697354982*^-6
4 16 4.098848936938658*^-6
4 17 5.2838371056807*^-7
4 18 -2.8225349817567996*^-6
4 19 -5.953907140035944*^-6
4 20 -8.865732764269373*^-6
4 21 -0.00001155801185445708
4 22 -0.000014030744410599057
4 23 -0.00001628393043269531
4 24 -0.00001831756992074587
4 25 -0.000020131662874750683
5 1 0.000135208089238017
5 2 0.0001244034254065986
5 3 0.00011434293925502702
5 4 0.00010502663078330225
5 5 0.00009645449999142448
5 6 0.00008862654687939362
5 7 0.00008154277144720965
5 8 0.00007520317369487255
5 9 0.00006960775362238241
5 10 0.00006475651122973922
5 11 0.00006064944651694288
5 12 0.00005728655948399349
5 13 0.000054667850130891
5 14 0.00005279331845763544
5 15 0.00005166296446422676
5 16 0.000051276788150665014
5 17 0.000051634789516950177
5 18 0.00005273696856308227
5 19 0.00005458332528906125
5 20 0.00005717385969488717
5 21 0.000060508571780559996
5 22 0.00006458746154607973
5 23 0.00006941052899144635
5 24 0.00007497777411665994
5 25 0.00008128919692172041
6 1 0.0002303512876183599
6 2 0.00021241526153871254
6 3 0.00019650551904854002
6 4 0.00018262206014784237
6 5 0.0001707648848366197
6 6 0.0001609339931148719
6 7 0.00015312938498259884
6 8 0.00014735106043980062
6 9 0.00014359901948647732
6 10 0.00014187326212262882
6 11 0.00014217378834825532
6 12 0.00014450059816335662
6 13 0.00014885369156793273
6 14 0.0001552330685619838
6 15 0.00016363872914550967
6 16 0.00017407067331851045
6 17 0.00018652890108098604
6 18 0.00020101341243293654
6 19 0.00021752420737436182
6 20 0.00023606128590526211
6 21 0.0002566246480256371
6 22 0.0002792142937354871
6 23 0.00030383022303481186
6 24 0.0003304724359236115
6 25 0.0003591409324018861
7 1 0.0004053652155815542
7 2 0.0003746589377247202
7 3 0.0003488965620705182
7 4 0.00032807808861894843
7 5 0.0003122035173700105
7 6 0.0003012728483237047
7 7 0.00029528608148003053
7 8 0.00029424321683898874
7 9 0.0002981442544005786
7 10 0.00030698919416480037
7 11 0.00032077803613165417
7 12 0.00033951078030113995
7 13 0.0003631874266732577
7 14 0.00039180797524800744
7 15 0.00042537242602538915
7 16 0.0004638807790054027
7 17 0.0005073330341880481
7 18 0.0005557291915733258
7 19 0.0006090692511612353
7 20 0.0006673532129517765
7 21 0.0007305810769449499
7 22 0.0007987528431407551
7 23 0.0008718685115391921
7 24 0.0009499280821402617
7 25 0.0010329315549439627
8 1 0.0007967881972694999
8 2 0.0007382636577107241
8 3 0.0006924027383723581
8 4 0.000659205439254402
8 5 0.0006386717603568558
8 6 0.0006308017016797195
8 7 0.0006355952632229926
8 8 0.0006530524449866759
8 9 0.0006831732469707683
8 10 0.0007259576691752709
8 11 0.0007814057116001833
8 12 0.0008495173742455054
8 13 0.0009302926571112375
8 14 0.0010237315601973793
8 15 0.001129834083503931
8 16 0.0012486002270308918
8 17 0.001380029990778263
8 18 0.0015241233747460437
8 19 0.0016808803789342345
8 20 0.0018503010033428348
8 21 0.0020323852479718447
8 22 0.0022271331128212645
8 23 0.002434544597891094
8 24 0.002654619703181334
8 25 0.0028873584286919834
9 1 0.0014951812438227462
9 2 0.0013880944174116828
9 3 0.0013091692899208475
9 4 0.0012584058613502344
9 5 0.0012358041316998436
9 6 0.0012413641009696777
9 7 0.0012750857691597346
9 8 0.0013369691362700162
9 9 0.0014270142023005208
9 10 0.0015452209672512493
9 11 0.0016915894311222007
9 12 0.0018661195939133767
9 13 0.0020688114556247756
9 14 0.0022996650162563984
9 15 0.002558680275808245
9 16 0.002845857234280316
9 17 0.0031611958916726093
9 18 0.0035046962479851253
9 19 0.0038763583032178674
9 20 0.004276182057370832
9 21 0.00470416751044402
9 22 0.005160314662437432
9 23 0.005644623513351066
9 24 0.006157094063184926
9 25 0.006697726311939009
10 1 0.002489541191756763
10 2 0.0023143435735591806
10 3 0.0021910320951157446
10 4 0.0021196067564264627
10 5 0.0021000675574913284
10 6 0.0021324144983103427
10 7 0.0022166475788835084
10 8 0.0023527667992108226
10 9 0.002540772159292288
10 10 0.0027806636591279016
10 11 0.003072441298717666
10 12 0.0034161050780615806
10 13 0.0038116549971596437
10 14 0.004259091056011858
10 15 0.004758413254618221
10 16 0.005309621592978734
10 17 0.005912716071093397
10 18 0.0065676966889622115
10 19 0.007274563446585173
10 20 0.008033316343962288
10 21 0.00884395538109355
10 22 0.009706480557978962
10 23 0.01062089187461852
10 24 0.011587189331012233
10 25 0.012605372927160095
11 1 0.003648555496366222
11 2 0.003394737473468603
11 3 0.003221694744322351
11 4 0.0031294273089274615
11 5 0.0031179351672839333
11 6 0.0031872183193917673
11 7 0.0033372767652509665
11 8 0.0035681105048615274
11 9 0.003879719538223452
11 10 0.004272103865336738
11 11 0.004745263486201388
11 12 0.005299198400817401
11 13 0.005933908609184777
11 14 0.0066493941113035145
11 15 0.007445654907173617
11 16 0.008322690996795083
11 17 0.009280502380167909
11 18 0.0103190890572921
11 19 0.011438451028167651
11 20 0.012638588292794569
11 21 0.013919500851172849
11 22 0.015281188703302494
11 23 0.016723651849183493
11 24 0.018246890288815862
11 25 0.019850904022199595
12 1 0.005087469087324179
12 2 0.004736710520586028
12 3 0.0045036648931790985
12 4 0.004388332205103392
12 5 0.004390712456358918
12 6 0.0045108056469456625
12 7 0.00474861177686363
12 8 0.005104130846112822
12 9 0.005577362854693237
12 10 0.006168307802604877
12 11 0.006876965689847736
12 12 0.007703336516421825
12 13 0.008647420282327133
12 14 0.009709216987563666
12 15 0.010888726632131421
12 16 0.012185949216030405
12 17 0.013600884739260605
12 18 0.01513353320182204
12 19 0.01678389460371469
12 20 0.018551968944938563
12 21 0.02043775622549366
12 22 0.02244125644537999
12 23 0.02456246960459753
12 24 0.0268013957031463
12 25 0.02915803474102629
13 1 0.0066182380850406675
13 2 0.006164880673956975
13 3 0.005869384222233117
13 4 0.005731748729869092
13 5 0.0057519741968649
13 6 0.005930060623220549
13 7 0.0062660080089360255
13 8 0.006759816354011338
13 9 0.007411485658446484
13 10 0.008221015922241462
13 11 0.009188407145396274
13 12 0.010313659327910927
13 13 0.011596772469785407
13 14 0.013037746571019724
13 15 0.014636581631613875
13 16 0.01639327765156785
13 17 0.018307834630881675
13 18 0.02038025256955532
13 19 0.02261053146758881
13 20 0.024998671324982128
13 21 0.027544672141735282
13 22 0.03024853391784827
13 23 0.03311025665332108
13 24 0.03612984034815375
13 25 0.03930728500234623
14 1 0.008345816418311077
14 2 0.007777134695629339
14 3 0.007412372413522649
14 4 0.007251529571991018
14 5 0.007294606171034447
14 6 0.007541602210652939
14 7 0.007992517690846485
14 8 0.008647352611615089
14 9 0.009506106972958759
14 10 0.010568780774877481
14 11 0.011835374017371267
14 12 0.013305886700440112
14 13 0.014980318824084009
14 14 0.016858670388302965
14 15 0.01894094139309699
14 16 0.021227131838466064
14 17 0.023717241724410205
14 18 0.026411271050929393
14 19 0.02930921981802365
14 20 0.032411088025692966
14 21 0.035716875673937346
14 22 0.03922658276275677
14 23 0.04294020929215127
14 24 0.04685775526212081
14 25 0.050979220672665415
15 1 0.01025973082602696
15 2 0.009563723792624983
15 3 0.009123366645976108
15 4 0.008938659386080348
15 5 0.009009602012937674
15 6 0.009336194526548125
15 7 0.009918436926911679
15 8 0.01075632921402834
15 9 0.011849871387898106
15 10 0.013199063448520978
15 11 0.014803905395896962
15 12 0.016664397230026058
15 13 0.018780538950908244
15 14 0.021152330558543552
15 15 0.023779772052931962
15 16 0.026662863434073467
15 17 0.029801604701968087
15 18 0.033195995856615826
15 19 0.03684603689801666
15 20 0.040751727826170606
15 21 0.04491306864107765
15 22 0.049330059342737806
15 23 0.054002699931151074
15 24 0.05893099040631745
15 25 0.06411493076823693
16 1 0.012394964373063228
16 2 0.011557341526324098
16 3 0.011033777282932844
16 4 0.010824271642889476
16 5 0.010928824606194005
16 6 0.011347436172846424
16 7 0.012080106342846732
16 8 0.01312683511619493
16 9 0.014487622492891027
16 10 0.01616246847293501
16 11 0.018151373056326872
16 12 0.02045433624306664
16 13 0.0230713580331543
16 14 0.026002438426589846
16 15 0.029247577423373278
16 16 0.03280677502350459
16 17 0.036680031226983816
16 18 0.04086734603381091
16 19 0.04536871944398591
16 20 0.050184151457508805
16 21 0.05531364207437959
16 22 0.06075719129459824
16 23 0.0665147991181648
16 24 0.07258646554507925
16 25 0.0789721905753416
17 1 0.01448691590936536
17 2 0.013510918592137516
17 3 0.012906800816450778
17 4 0.012674562582305173
17 5 0.012814203889700683
17 6 0.01332572473863732
17 7 0.01420912512911506
17 8 0.015464405061133914
17 9 0.0170915645346939
17 10 0.019090603549795002
17 11 0.021461522106437224
17 12 0.024204320204620558
17 13 0.027318997844345022
17 14 0.030805555025610592
17 15 0.03466399174841728
17 16 0.03889430801276508
17 17 0.04349650381865402
17 18 0.04847057916608406
17 19 0.05381653405505524
17 20 0.05953436848556751
17 21 0.06562408245762091
17 22 0.07208567597121544
17 23 0.07891914902635108
17 24 0.08612450162302783
17 25 0.0937017337612457
18 1 0.016860179191439114
18 2 0.015727587118902885
18 3 0.015033093880847122
18 4 0.014776699477271806
18 5 0.01495840390817698
18 6 0.0155782071735626
18 7 0.016636109273428693
18 8 0.018132110207775234
18 9 0.02006620997660224
18 10 0.022438408579909724
18 11 0.025248706017697645
18 12 0.028497102289966044
18 13 0.032183597396714905
18 14 0.036308191337944225
18 15 0.040870884113654
18 16 0.04587167572384425
18 17 0.051310566168514954
18 18 0.057187555447666114
18 19 0.06350264356129776
18 20 0.07025583050940984
18 21 0.0774471162920024
18 22 0.08507650090907541
18 23 0.09314398436062887
18 24 0.1016495666466628
18 25 0.11059324776717722
19 1 0.019203564019286988
19 2 0.017916715841199363
19 3 0.017133942591958783
19 4 0.016855244271565244
19 5 0.017080620880018754
19 6 0.017810072417319314
19 7 0.019043598883466913
19 8 0.020781200278461545
19 9 0.023022876602303254
19 10 0.02576862785499198
19 11 0.029018454036527763
19 12 0.03277235514691058
19 13 0.03703033118614044
19 14 0.041792382154217364
19 15 0.04705850805114131
19 16 0.05282870887691232
19 17 0.05910298463153037
19 18 0.06588133531499546
19 19 0.07316376092730761
19 20 0.08095026146846679
19 21 0.08924083693847304
19 22 0.09803548733732631
19 23 0.10733421266502663
19 24 0.11713701292157398
19 25 0.1274438881069684
20 1 0.021364585702667437
20 2 0.01993579078329827
20 3 0.01907240322780342
20 4 0.01877442303618289
20 5 0.01904185020843666
20 6 0.019874684744564747
20 7 0.02127292664456713
20 8 0.023236575908443836
20 9 0.02576563253619482
20 10 0.028860096527820154
20 11 0.03251996788331978
20 12 0.03674524660269372
20 13 0.04153593268594197
20 14 0.046892026133064514
20 15 0.0528135269440614
20 16 0.059300435118932564
20 17 0.06635275065767807
20 18 0.07397047356029784
20 19 0.08215360382679196
20 20 0.09090214145716036
20 21 0.10021608645140309
20 22 0.11009543880952014
20 23 0.12054019853151146
20 24 0.13155036561737712
20 25 0.14312594006711704
21 1 0.02359515370713726
21 2 0.02202014402192319
21 3 0.021074330586110017
21 4 0.020757713399697796
21 5 0.021070292462686473
21 6 0.022012067775076097
21 7 0.02358303933686663
21 8 0.02578320714805809
21 9 0.02861257120865049
21 10 0.032071131518643756
21 11 0.03615888807803801
21 12 0.04087584088683315
21 13 0.04622198994502924
21 14 0.05219733525262625
21 15 0.05880187680962415
21 16 0.06603561461602303
21 17 0.0738985486718228
21 18 0.0823906789770235
21 19 0.09151200553162511
21 20 0.10126252833562764
21 21 0.11164224738903111
21 22 0.1226511626918355
21 23 0.1342892742440408
21 24 0.14655658204564706
21 25 0.1594530860966542
22 1 0.025734013723875432
22 2 0.024019089631752324
22 3 0.022994992565929316
22 4 0.02266172252640644
22 5 0.023019279513183687
22 6 0.024067663526261083
22 7 0.02580687456563857
22 8 0.028236912631316197
22 9 0.03135777772329395
22 10 0.0351694698415718
22 11 0.03967198898614981
22 12 0.04486533515702794
22 13 0.050749508354206156
22 14 0.05732450857768453
22 15 0.06459033582746301
22 16 0.07254699010354163
22 17 0.08119447140592034
22 18 0.09053277973459922
22 19 0.10056191508957822
22 20 0.11128187747085733
22 21 0.12269266687843652
22 22 0.1347942833123159
22 23 0.14758672677249535
22 24 0.16106999725897495
22 25 0.1752440947717547
23 1 0.0279602123006093
23 2 0.026099973156512253
23 3 0.02499521122534802
23 4 0.024645926507116642
23 5 0.025052119001818078
23 6 0.026213788709452342
23 7 0.028130935630019446
23 8 0.030803559763519374
23 9 0.03423166110995211
23 10 0.0384152396693177
23 11 0.043354295441616106
23 12 0.049048828426847324
23 13 0.05549883862501139
23 14 0.06270432603610827
23 15 0.07066529066013799
23 16 0.07938173249710054
23 17 0.0888536515469959
23 18 0.0990810478098241
23 19 0.11006392128558515
23 20 0.12180227197427898
23 21 0.13429609987590568
23 22 0.1475454049904652
23 23 0.1615501873179575
23 24 0.1763104468583827
23 25 0.19182618361174064
24 1 0.03015300119091198
24 2 0.0281499634142809
24 3 0.0269666224907939
24 4 0.02660297842045093
24 5 0.027059031203252024
24 6 0.028334780839197146
24 7 0.03043022732828635
24 8 0.03334537067051956
24 9 0.03708021086589686
24 10 0.04163474791441818
24 11 0.04700898181608358
24 12 0.05320291257089303
24 13 0.0602165401788465
24 14 0.06804986463994404
24 15 0.07670288595418562
24 16 0.08617560412157124
24 17 0.09646801914210092
24 18 0.10758013101577463
24 19 0.1195119397425924
24 20 0.13226344532255424
24 21 0.14583464775566013
24 22 0.16022554704191005
24 23 0.175436143181304
24 24 0.19146643617384201
24 25 0.20831642601952408
25 1 0.03221143136970021
25 2 0.03007468316855698
25 3 0.02881846089854405
25 4 0.028442764559661354
25 5 0.028947594151908826
25 6 0.03033294967528657
25 7 0.03259883112979457
25 8 0.035745238515432785
25 9 0.03977217183220122
25 10 0.04467963108009991
25 11 0.05046761625912882
25 12 0.057136127369288
25 13 0.06468516441057737
25 14 0.07311472738299699
25 15 0.08242481628654685
25 16 0.09261543112122692
25 17 0.10368657188703731
25 18 0.11563823858397784
25 19 0.12847043121204865
25 20 0.14218314977124963
25 21 0.15677639426158096
25 22 0.17225016468304238
25 23 0.18860446103563416
25 24 0.20583928331935608
25 25 0.2239546315342083
26 1 0.0341983470081417
26 2 0.03193289517762422
26 3 0.030607266178087254
26 4 0.030221460009530847
26 5 0.030775476671955064
26 6 0.03226931616535978
26 7 0.03470297848974506
26 8 0.03807646364511092
26 9 0.04238977163145734
26 10 0.04764290244878431
26 11 0.05383585609709182
26 12 0.06096863257637991
26 13 0.06904123188664857
26 14 0.07805365402789777
26 15 0.08800589900012754
26 16 0.09889796680333784
26 17 0.11072985743752871
26 18 0.12350157090270017
26 19 0.13721310719885219
26 20 0.15186446632598477
26 21 0.1674556482840978
26 22 0.18398665307319154
26 23 0.20145748069326574
26 24 0.21986813114432058
26 25 0.2392186044263559
27 1 0.03604859650445052
27 2 0.033663681321180104
27 3 0.03227443063089494
27 4 0.03188084443359515
27 5 0.032482922729280606
27 6 0.034080665517951345
27 7 0.036674072799607424
27 8 0.0402631445742488
27 9 0.04484788084187547
27 10 0.05042828160248744
27 11 0.0570043468560847
27 12 0.06457607660266729
27 13 0.07314347084223514
27 14 0.0827065295747883
27 15 0.09326525280032683
27 16 0.10481964051885057
27 17 0.11736969273035963
27 18 0.13091540943485397
27 19 0.1454567906323337
27 20 0.16099383632279865
27 21 0.17752654650624894
27 22 0.19505492118268447
27 23 0.21357896035210533
27 24 0.2330986640145115
27 25 0.25361403216990297
28 1 0.037831576714042574
28 2 0.03533199639765097
28 3 0.03388262355302106
28 4 0.03348345818015281
28 5 0.03413450027904629
28 6 0.035835749849701476
28 7 0.038587206892118316
28 8 0.042388871406296894
28 9 0.04724074339223717
28 10 0.053142822849939146
28 11 0.060095109779402786
28 12 0.06809760418062813
28 13 0.07715030605361521
28 14 0.08725321539836392
28 15 0.09840633221487441
28 16 0.11060965650314653
28 17 0.12386318826318041
28 18 0.1381669274949759
28 19 0.15352087419853316
28 20 0.16992502837385207
28 21 0.18737939002093273
28 22 0.20588395913977503
28 23 0.22543873573037898
28 24 0.24604371979274478
28 25 0.26769891132687224
29 1 0.039384609717308214
29 2 0.03678565275291979
29 3 0.035285216593826524
29 4 0.03488330124002844
29 5 0.0355799066915255
29 6 0.03737503294831772
29 7 0.04026868001040513
29 8 0.0442608478777877
29 9 0.04935153655046545
29 10 0.055540746028438365
29 11 0.06282847631170645
29 12 0.07121472740026967
29 13 0.08069949929412809
29 14 0.0912827919932817
29 15 0.10296460549773043
29 16 0.11574493980747434
29 17 0.1296237949225134
29 18 0.14460117084284768
29 19 0.1606770675684771
29 20 0.17785148509940174
29 21 0.19612442343562145
29 22 0.2154958825771364
29 23 0.2359658625239465
29 24 0.2575343632760517
29 25 0.28020138483345214
30 1 0.040636229240789114
30 2 0.03795768468888242
30 3 0.03641740485616115
30 4 0.036015389742625255
30 5 0.03675163934827472
30 6 0.03862615367310953
30 7 0.04163893271712975
30 8 0.04578997648033532
30 9 0.05107928496272623
30 10 0.05750685816430251
30 11 0.06507269608506422
30 12 0.07377679872501122
30 13 0.08361916608414366
30 14 0.0945997981624614
30 15 0.10671869495996457
30 16 0.11997585647665304
30 17 0.1343712827125269
30 18 0.14990497366758615
30 19 0.16657692934183077
30 20 0.18438714973526077
30 21 0.20333563484787615
30 22 0.22342238467967682
30 23 0.24464739923066292
30 24 0.2670106785008344
30 25 0.29051222249019115
31 1 0.04170555770855282
31 2 0.038959591022895715
31 3 0.03738676754561479
31 4 0.036987087276709955
31 5 0.03776055021618123
31 6 0.03970715636402867
31 7 0.04282690572025222
31 8 0.047119798284851924
31 9 0.052585834057827775
31 10 0.05922501303917976
31 11 0.06703733522890787
31 12 0.07602280062701212
31 13 0.08618140923349249
31 14 0.09751316104834902
31 15 0.11001805607158172
31 16 0.12369609430319048
31 17 0.1385472757431754
31 18 0.15457160039153645
31 19 0.17176906824827365
31 20 0.190139679313387
31 21 0.20968343358687647
31 22 0.23040033106874214
31 23 0.25229037175898383
31 24 0.2753535556576017
31 25 0.29958988276459575
32 1 0.04255920373427266
32 2 0.03976010867511605
32 3 0.038163117660774085
32 4 0.03776823069124669
32 5 0.038575447766533835
32 6 0.04058476888663558
32 7 0.043796194051551884
32 8 0.04820972326128274
32 9 0.053825356515828204
32 10 0.06064309381518821
32 11 0.06866293515936281
32 12 0.07788488054835195
32 13 0.0883089299821557
32 14 0.09993508346077398
32 15 0.11276334098420684
32 16 0.1267937025524543
32 17 0.14202616816551636
32 18 0.15846073782339287
32 19 0.17609741152608405
32 20 0.1949361892735898
32 21 0.21497707106591007
32 22 0.23622005690304498
32 23 0.2586651467849943
32 24 0.2823123407117584
32 25 0.3071616386833369
33 1 0.04316528453247159
33 2 0.04032930054544397
33 3 0.03871732005033223
33 4 0.03832934304713637
33 5 0.03916536953585639
33 6 0.04122539951649237
33 7 0.04450943298904429
33 8 0.0490174699535121
33 9 0.05474951040989584
33 10 0.06170555435819548
33 11 0.069885601798411
33 12 0.07928965273054246
33 13 0.08991770715458985
33 14 0.10176976507055313
33 15 0.11484582647843226
33 16 0.1291458913782274
33 17 0.14466995976993846
33 18 0.16141803165356539
33 19 0.17939010702910824
33 20 0.19858618589656696
33 21 0.2190062682559417
33 22 0.2406503541072323
33 23 0.26351844345043873
33 24 0.28761053628556116
33 25 0.31292663261259945
34 1 0.04355865826992966
34 2 0.04069989595859504
34 3 0.03908122312830798
34 4 0.038702639779068494
34 5 0.039564145910876654
34 6 0.0416657415237324
34 7 0.04500742661763568
34 8 0.04958920119258665
34 9 0.055411065248585134
34 10 0.062473018785631225
34 11 0.0707750618037249
34 12 0.08031719430286617
34 13 0.09109941628305507
34 14 0.10312172774429154
34 15 0.1163841286865756
34 16 0.13088661910990726
34 17 0.14662919901428645
34 18 0.16361186839971328
34 19 0.1818346272661877
34 20 0.20129747561370975
34 21 0.22200041344227936
34 22 0.24394344075189658
34 23 0.2671265575425613
34 24 0.2915497638142737
34 25 0.3172130595670337
35 1 0.043713715734959316
35 2 0.040847950025092755
35 3 0.03923179085116925
35 4 0.03886523821318878
35 5 0.03974829211115137
35 6 0.04188095254505696
35 7 0.045263219514905625
35 8 0.049895093020697306
35 9 0.055776573062432104
35 10 0.06290765964010987
35 11 0.07128835275373069
35 12 0.08091865240329454
35 13 0.09179855858880148
35 14 0.10392807131025145
35 15 0.11730719056764444
35 16 0.1319359163609805
35 17 0.1478142486902596
35 18 0.16494218755548173
35 19 0.18331973295664689
35 20 0.2029468848937551
35 21 0.22382364336680644
35 22 0.24595000837580072
35 23 0.26932597992073803
35 24 0.29395155800161843
35 25 0.31982674261844185
36 1 0.04363630217211603
36 2 0.040778413779050865
36 3 0.03917242536725142
36 4 0.038818336936717816
36 5 0.039716148487449976
36 6 0.041865860019448024
36 7 0.04526747153271185
36 8 0.04992098302724142
36 9 0.05582639450303685
36 10 0.06298370596009809
36 11 0.07139291739842508
36 12 0.08105402881801795
36 13 0.09196704021887661
36 14 0.10413195160100108
36 15 0.11754876296439132
36 16 0.13221747430904734
36 17 0.14813808563496922
36 18 0.16531059694215688
36 19 0.18373500823061034
36 20 0.2034113195003296
36 21 0.22433953075131474
36 22 0.24651964198356563
36 23 0.26995165319708225
36 24 0.2946355643918648
36 25 0.32057137556791304
37 1 0.04331025994312303
37 2 0.04047687562817621
37 3 0.03889110369003164
37 4 0.0385529441286892
37 5 0.03946239694414899
37 6 0.041619462136411024
37 7 0.0450241397054752
37 8 0.049676429651341614
37 9 0.05557633197401024
37 10 0.06272384667348109
37 11 0.07111897374975411
37 12 0.08076171320282935
37 13 0.09165206503270679
37 14 0.10379002923938643
37 15 0.1171756058228683
37 16 0.13180879478315236
37 17 0.14768959612023863
37 18 0.1648180098341271
37 19 0.1831940359248178
37 20 0.20281767439231066
37 21 0.22368892523660575
37 22 0.24580778845770307
37 23 0.2691742640556025
37 24 0.2937883520303042
37 25 0.31965005238180816
38 1 0.042749224429002905
38 2 0.039955630544987034
38 3 0.038398452129388715
38 4 0.03807768918220796
38 5 0.038993341703444866
38 6 0.041145409693099294
38 7 0.044533893151171317
38 8 0.049158792077660926
38 9 0.055020106472568144
38 10 0.06211783633589295
38 11 0.07045198166763535
38 12 0.08002254246779532
38 13 0.09082951873637288
38 14 0.10287291047336804
38 15 0.11615271767878076
38 16 0.1306689403526111
38 17 0.14642157849485896
38 18 0.16341063210552445
38 19 0.18163610118460755
38 20 0.20109798573210821
38 21 0.22179628574802646
38 22 0.2437310012323623
38 23 0.26690213218511566
38 24 0.29130967860628665
38 25 0.31695364049587527
39 1 0.04200163771285567
39 2 0.03925982839280795
39 3 0.03773752579687019
39 4 0.037434729925042466
39 5 0.038351440777324775
39 6 0.04048765835371707
39 7 0.043843382654219436
39 8 0.048418613678831754
39 9 0.05421335142755408
39 10 0.06122759590038654
39 11 0.06946134709732887
39 12 0.0789146050183813
39 13 0.08958736966354372
39 14 0.1014796410328162
39 15 0.11459141912619866
39 16 0.12892270394369112
39 17 0.14447349548529365
39 18 0.16124379375100617
39 19 0.17923359874082873
39 20 0.1984429104547612
39 21 0.21887172889280382
39 22 0.2405200540549564
39 23 0.263387885941219
39 24 0.28747522455159163
39 25 0.3127820698860742
40 1 0.040975013533027335
40 2 0.03830336423389255
40 3 0.0368264688745789
40 4 0.03654432745508644
40 5 0.03745693997541513
40 6 0.03956430643556498
40 7 0.042866426835535994
40 8 0.04736330117532819
40 9 0.05305492945494155
40 10 0.05994131167437609
40 11 0.06802244783363177
40 12 0.07729833793270863
40 13 0.08776898197160664
40 14 0.09943437995032582
40 15 0.11229453186886618
40 16 0.12634943772722768
40 17 0.1415990975254104
40 18 0.1580435112634142
40 19 0.17568267894123923
40 20 0.1945166005588854
40 21 0.21454527611635277
40 22 0.23576870561364122
40 23 0.2581868890507509
40 24 0.28179982642768175
40 25 0.30660751774443373
41 1 0.039738450295639584
41 2 0.0371505467985127
41 3 0.0357263579616038
41 4 0.03546588378491289
41 5 0.03636912426843993
41 6 0.03843607941218486
41 7 0.041666749216147894
41 8 0.046061133680328825
41 9 0.05161923280472773
41 10 0.058341046589344615
41 11 0.06622657503417946
41 12 0.07527581813923226
41 13 0.08548877590450304
41 14 0.09686544832999178
41 15 0.10940583541569851
41 16 0.12310993716162319
41 17 0.13797775356776587
41 18 0.15400928463412647
41 19 0.1712045303607051
41 20 0.18956349074750162
41 21 0.20908616579451617
41 22 0.2297725555017487
41 23 0.25162265986919913
41 24 0.2746364788968676
41 25 0.298814012584754
42 1 0.03833537521358128
42 2 0.03584189199485993
42 3 0.03447593564103236
42 4 0.03423750615209848
42 5 0.0351266035280584
42 6 0.03714322776891209
42 7 0.04028737887465955
42 8 0.044559056845300746
42 9 0.049958261680835725
42 10 0.05648499338126444
42 11 0.06413925194658694
42 12 0.0729210373768032
42 13 0.08283034967191322
42 14 0.09386718883191703
42 15 0.10603155485681456
42 16 0.11932344774660587
42 17 0.1337428675012909
42 18 0.14928981412086978
42 19 0.16596428760534238
42 20 0.18376628795470873
42 21 0.2026958151689688
42 22 0.22275286924812276
42 23 0.24393745019217034
42 24 0.2662495580011118
42 25 0.28968919267494697
43 1 0.03667517142402348
43 2 0.03429286328521347
43 3 0.032994379972433256
43 4 0.03277972148568292
43 5 0.03364888782496249
43 6 0.03560187899027191
43 7 0.03863869498161114
43 8 0.042759335798980294
43 9 0.047963801442379286
43 10 0.05425209191180817
43 11 0.061624207207266905
43 12 0.07008014732875553
43 13 0.07961991227627399
43 14 0.09024350204982234
43 15 0.10195091664940051
43 16 0.11474215607500858
43 17 0.12861722032664652
43 18 0.1435761094043143
43 19 0.15961882330801197
43 20 0.1767453620377395
43 21 0.19495572559349691
43 22 0.21424991397528415
43 23 0.23462792718310127
43 24 0.2560897652169482
43 25 0.2786354280768252
44 1 0.0349158050072847
44 2 0.03265084505346299
44 3 0.03142264613502211
44 4 0.031231208251962107
44 5 0.032076531404282994
44 6 0.033958615591984695
44 7 0.0368774608150673
44 8 0.04083306707353074
44 9 0.045825434367375024
44 10 0.051854562696600194
44 11 0.05892045206120621
44 12 0.06702310246119306
44 13 0.07616251389656079
44 14 0.08633868636730938
44 15 0.09755161987343883
44 16 0.10980131441494909
44 17 0.12308776999184026
44 18 0.1374109866041123
44 19 0.15277096425176517
44 20 0.16916770293479894
44 21 0.1866012026532135
44 22 0.20507146340700896
44 23 0.22457848519618526
44 24 0.2451222680207424
44 25 0.2667028118806804
45 1 0.03304649199119734
45 2 0.0309058092681911
45 3 0.029751232515134368
45 4 0.02958276173202702
45 5 0.030400396918869116
45 6 0.03220413807566071
45 7 0.0349939852024017
45 8 0.03876993829909217
45 9 0.0435319973657321
45 10 0.049280162402321484
45 11 0.05601443340886031
45 12 0.06373481038534859
45 13 0.07244129333178631
45 14 0.08213388224817349
45 15 0.09281257713451009
45 16 0.10447737799079618
45 17 0.11712828481703169
45 18 0.1307652976132167
45 19 0.14538841637935113
45 20 0.160997641115435
45 21 0.17759297182146833
45 22 0.1951744084974511
45 23 0.2137419511433833
45 24 0.233295599759265
45 25 0.25383535434509613
46 1 0.03099168428945248
46 2 0.028987221565918493
46 3 0.027912556895377492
46 4 0.02776769027782952
46 5 0.028552621713274547
46 6 0.03026735120171259
46 7 0.03291187874314363
46 8 0.036486204337567704
46 9 0.04099032798498473
46 10 0.04642424968539484
46 11 0.05278796943879793
46 12 0.060081487245194035
46 13 0.06830480310458312
46 14 0.07745791701696525
46 15 0.08754082898234036
46 16 0.09855353900070846
46 17 0.11049604707206964
46 18 0.12336835319642378
46 19 0.13717045737377093
46 20 0.15190235960411114
46 21 0.1675640598874443
46 22 0.1841555582237705
46 23 0.20167685461308965
46 24 0.22012794905540187
46 25 0.2395088415507071
47 1 0.02883677964894566
47 2 0.02697480164065362
47 3 0.025982974130080515
47 4 0.025861297117226317
47 5 0.026609770602091038
47 6 0.028228394584674722
47 7 0.030717169064977276
47 8 0.03407609404299877
47 9 0.03830516951873922
47 10 0.04340439549219855
47 11 0.04937377196337682
47 12 0.056213298932274
47 13 0.06392297639889011
47 14 0.07250280436322515
47 15 0.08195278282527908
47 16 0.09227291178505198
47 17 0.10346319124254374
47 18 0.11552362119775446
47 19 0.1284542016506841
47 20 0.14225493260133268
47 21 0.15692581404970013
47 22 0.17246684599578654
47 23 0.18887802843959187
47 24 0.20615936138111612
47 25 0.2243108448203593
48 1 0.02665230169419943
48 2 0.024934422123835134
48 3 0.02402567741627746
48 4 0.02392606757152645
48 5 0.02463559258958202
48 6 0.02615425247044427
48 7 0.028482047214113116
48 8 0.03161897682058863
48 9 0.03556504128987075
48 10 0.04032024062195953
48 11 0.04588457481685493
48 12 0.05225804387455695
48 13 0.05944064779506561
48 14 0.0674323865783809
48 15 0.0762332602245028
48 16 0.08584326873343137
48 17 0.09626241210516656
48 18 0.10749069033970837
48 19 0.11952810343705683
48 20 0.13237465139721194
48 21 0.14603033422017364
48 22 0.160495151905942
48 23 0.17576910445451696
48 24 0.19185219186589852
48 25 0.20874441414008682
49 1 0.024271465712337903
49 2 0.022710279126817993
49 3 0.021891151252041646
49 4 0.0218140820880089
49 5 0.02247907163471973
49 6 0.02388611989217415
49 7 0.026035226860372147
49 8 0.02892639253931369
49 9 0.03255961692899883
49 10 0.036934900029427536
49 11 0.04205224184059981
49 12 0.04791164236251569
49 13 0.05451310159517514
49 14 0.061856619538578156
49 15 0.06994219619272476
49 16 0.07876983155761491
49 17 0.08833952563324868
49 18 0.09865127841962601
49 19 0.10970508991674689
49 20 0.1215009601246114
49 21 0.13403888904321948
49 22 0.1473188766725711
49 23 0.16134092301266628
49 24 0.17610502806350503
49 25 0.1916111918250874
50 1 0.02208930374945075
50 2 0.020671423489681956
50 3 0.01993362285875736
50 4 0.019875901856676873
50 5 0.020498260483440556
50 6 0.021800698739048406
50 7 0.023783216623500407
50 8 0.026445814136796558
50 9 0.02978849127893688
50 10 0.03381124804992135
50 11 0.03851408444974998
50 12 0.043897000478422744
50 13 0.049959996135939676
50 14 0.05670307142230076
50 15 0.06412622633750602
50 16 0.07222946088155542
50 17 0.08101277505444898
50 18 0.0904761688561867
50 19 0.10061964228676856
50 20 0.11144319534619458
50 21 0.12294682803446477
50 22 0.13513054035157912
50 23 0.1479943322975376
50 24 0.16153820387234025
50 25 0.17576215507598708
51 1 0.01979423011367216
51 2 0.018526756576998503
51 3 0.01787367051487025
51 4 0.017834971927287415
51 5 0.018410660814250013
51 6 0.019600737175758012
51 7 0.021405201011811432
51 8 0.02382405232241029
51 9 0.026857291107554547
51 10 0.030504917367244238
51 11 0.03476693110147934
51 12 0.03964333231025986
51 13 0.045134120993585804
51 14 0.05123929715145718
51 15 0.05795886078387394
51 16 0.06529281189083615
51 17 0.07324115047234375
51 18 0.0818038765283968
51 19 0.09098099005899526
51 20 0.10077249106413913
51 21 0.11117837954382845
51 22 0.12219865549806316
51 23 0.13383331892684328
51 24 0.14608236983016887
51 25 0.15894580820803983
52 1 0.017703264493134183
52 2 0.016572537218508553
52 3 0.01599589024142947
52 4 0.015973323561896926
52 5 0.016504837179910917
52 6 0.017590431095471436
52 7 0.019230105308578507
52 8 0.02142385981923211
52 9 0.02417169462743226
52 10 0.02747360973317894
52 11 0.03132960513647216
52 12 0.03573968083731191
52 13 0.040703836835698205
52 14 0.04622207313163103
52 15 0.05229438972511042
52 16 0.058920786616136325
52 17 0.06610126380470877
52 18 0.07383582129082775
52 19 0.08212445907449326
52 20 0.09096717715570532
52 21 0.10036397553446391
52 22 0.11031485421076907
52 23 0.12081981318462076
52 24 0.13187885245601894
52 25 0.14349197202496372
53 1 0.015562976576473955
53 2 0.01457192807344319
53 3 0.014072758805890508
53 4 0.014065468773815922
53 5 0.014550057977219437
53 6 0.015526526416101053
53 7 0.016994874090460743
53 8 0.018955101000298548
53 9 0.021407207145614435
53 10 0.02435119252640841
53 11 0.027787057142680486
53 12 0.03171480099443066
53 13 0.03613442408165892
53 14 0.04104592640436527
53 15 0.046449307962549716
53 16 0.052344568756212274
53 17 0.058731708785352915
53 18 0.06561072804997164
53 19 0.07298162655006846
53 20 0.08084440428564338
53 21 0.08919906125669641
53 22 0.0980455974632275
53 23 0.10738401290523672
53 24 0.11721430758272401
53 25 0.1275364814956894
54 1 0.01329038941302282
54 2 0.012447303224464554
54 3 0.012029486635927487
54 4 0.012036939647411647
54 5 0.012469662258917023
54 6 0.01332765447044361
54 7 0.01461091628199141
54 8 0.01631944769356043
54 9 0.01845324870515068
54 10 0.021012319316762146
54 11 0.02399665952839481
54 12 0.02740626934004872
54 13 0.031241148751723832
54 14 0.03550129776342017
54 15 0.04018671637513771
54 16 0.045297404586876484
54 17 0.05083336239863647
54 18 0.056794589810417684
54 19 0.06318108682222011
54 20 0.06999285343404374
54 21 0.0772298896458886
54 22 0.08489219545775469
54 23 0.09297977086964196
54 24 0.10149261588155048
54 25 0.11043073049348022
55 1 0.011237824043015737
55 2 0.010528027126571568
55 3 0.010182779414972297
55 4 0.010202080908217916
55 5 0.010585931606308429
55 6 0.011334331509243819
55 7 0.012447280617024107
55 8 0.013924778929649287
55 9 0.015766826447119364
55 10 0.017973423169434316
55 11 0.02054456909659416
55 12 0.023480264228598894
55 13 0.026780508565448523
55 14 0.030445302107143038
55 15 0.03447464485368244
55 16 0.038868536805066745
55 17 0.04362697796129593
55 18 0.048749968322369996
55 19 0.05423750788828897
55 20 0.06008959665905282
55 21 0.06630623463466158
55 22 0.07288742181511522
55 23 0.07983315820041371
55 24 0.0871434437905571
55 25 0.09481827858554545
56 1 0.009341541927293185
56 2 0.008754543051618893
56 3 0.008475445439443934
56 4 0.008504249090768313
56 5 0.008840954005592027
56 6 0.009485560183915089
56 7 0.010438067625737473
56 8 0.011698476331059197
56 9 0.01326678629988026
56 10 0.015142997532200662
56 11 0.017327110028020405
56 12 0.019819123787339476
56 13 0.022619038810157893
56 14 0.02572685509647564
56 15 0.029142572646292733
56 16 0.03286619145960915
56 17 0.036897711536424904
56 18 0.04123713287674001
56 19 0.045884455480554434
56 20 0.050839679347868226
56 21 0.05610280447868134
56 22 0.06167383087299379
56 23 0.06755275853080556
56 24 0.07373958745211667
56 25 0.08023431763692712
57 1 0.0074432121298139645
57 2 0.00697874194313329
57 3 0.0067648175156377055
57 4 0.0068014388473271944
57 5 0.007088605938201781
57 6 0.007626318788261448
57 7 0.008414577397506194
57 8 0.00945338176593603
57 9 0.01074273189355095
57 10 0.012282627780350953
57 11 0.01407306942633604
57 12 0.016114056831506213
57 13 0.018405589995861473
57 14 0.020947668919401814
57 15 0.02374029360212724
57 16 0.02678346404403774
57 17 0.03007718024513334
57 18 0.03362144220541402
57 19 0.03741624992487978
57 20 0.041461603403530625
57 21 0.04575750264136655
57 22 0.05030394763838757
57 23 0.05510093839459366
57 24 0.06014847490998486
57 25 0.0654465571845611
58 1 0.005771939856704702
58 2 0.005414914925439726
58 3 0.005257252393817344
58 4 0.005298952261837569
58 5 0.005540014529500398
58 6 0.005980439196805822
58 7 0.00662022626375385
58 8 0.0074593757303444905
58 9 0.008497887596577724
58 10 0.00973576186245356
58 11 0.011172998527972003
58 12 0.012809597593133043
58 13 0.01464555905793669
58 14 0.016680882922382935
58 15 0.018915569186471783
58 16 0.02134961785020324
58 17 0.023983028913577287
58 18 0.026815802376593947
58 19 0.029847938239253205
58 20 0.03307943650155507
58 21 0.03651029716349953
58 22 0.0401405202250866
58 23 0.04397010568631626
58 24 0.04799905354718854
58 25 0.05222736380770341
59 1 0.004353827857002781
59 2 0.004087544267068711
59 3 0.003976503980595044
59 4 0.004020706997581784
59 5 0.004220153318028931
59 6 0.004574842941936488
59 7 0.0050847758693044484
59 8 0.005749952100132818
59 9 0.006570371634421585
59 10 0.007546034472170767
59 11 0.00867694061338035
59 12 0.009963090058050343
59 13 0.011404482806180737
59 14 0.01300111885777154
59 15 0.014752998212822752
59 16 0.01666012087133437
59 17 0.018722486833306386
59 18 0.02094009609873882
59 19 0.023312948667631644
59 20 0.02584104453998489
59 21 0.028524383715798535
59 22 0.03136296619507259
59 23 0.03435679197780704
59 24 0.03750586106400191
59 25 0.04081017345365718
60 1 0.0030837170339696445
60 2 0.00289821832822695
60 3 0.002827666378387621
60 4 0.0028720611844516505
60 5 0.003031402746419041
60 6 0.003305691064289793
60 7 0.003694926138063904
60 8 0.004199107967741378
60 9 0.004818236553322208
60 10 0.0055523118948064025
60 11 0.006401333992193958
60 12 0.0073653028454848685
60 13 0.008444218454679145
60 14 0.00963808081977678
60 15 0.010946889940777776
60 16 0.012370645817682133
60 17 0.013909348450489849
60 18 0.015562997839200926
60 19 0.01733159398381537
60 20 0.019215136884333163
60 21 0.021213626540754323
60 22 0.02332706295307884
60 23 0.02555544612130672
60 24 0.027898776045437966
60 25 0.030357052725472563
61 1 0.002017492792260756
61 2 0.0018992465817591181
61 3 0.0018612118382422835
61 4 0.0019033885617102514
61 5 0.0020257767521630215
61 6 0.0022283764096005933
61 7 0.0025111875340229697
61 8 0.0028742101254301496
61 9 0.003317444183822134
61 10 0.003840889709198922
61 11 0.00444454670156051
61 12 0.005128415160906903
61 13 0.0058924950872381
61 14 0.006736786480554098
61 15 0.0076612893408549015
61 16 0.008666003668140505
61 17 0.009750929462410914
61 18 0.010916066723666126
61 19 0.012161415451906143
61 20 0.013486975647130958
61 21 0.01489274730934058
61 22 0.016378730438535005
61 23 0.017944925034714232
61 24 0.019591331097878265
61 25 0.021317948628027095
62 1 0.0011404205475173462
62 2 0.0010767908537007663
62 3 0.0010636655411306545
62 4 0.0011010446098070066
62 5 0.0011889280597298252
62 6 0.001327315890899111
62 7 0.001516208103314862
62 8 0.0017556046969770802
62 9 0.002045505671885762
62 10 0.0023859110280409126
62 11 0.0027768207654425272
62 12 0.00321823488409061
62 13 0.0037101533839851556
62 14 0.00425257626512617
62 15 0.004845503527513648
62 16 0.005488935171147596
62 17 0.006182871196028008
62 18 0.006927311602154885
62 19 0.007722256389528228
62 20 0.008567705558148037
62 21 0.009463659108014312
62 22 0.010410117039127054
62 23 0.011407079351486262
62 24 0.012454546045091934
62 25 0.013552517119944076
63 1 0.0005420916763680839
63 2 0.0005149204206407778
63 3 0.0005167006606203881
63 4 0.0005474323963069126
63 5 0.0006071156277003537
63 6 0.0006957503548007092
63 7 0.0008133365776079815
63 8 0.000959874296122169
63 9 0.0011353635103432715
63 10 0.00133980422027129
63 11 0.0015731964259062233
63 12 0.001835540127248073
63 13 0.002126835324296838
63 14 0.0024470820170525184
63 15 0.002796280205515115
63 16 0.0031744298896846258
63 17 0.003581531069561053
63 18 0.004017583745144395
63 19 0.0044825879164346535
63 20 0.004976543583431827
63 21 0.005499450746135916
63 22 0.00605130940454692
63 23 0.006632119558664839
63 24 0.007241881208489676
63 25 0.007880594354021428
64 1 0.00019805427367252423
64 2 0.00019102684256399092
64 3 0.00019923992145592223
64 4 0.00022269351034831758
64 5 0.00026138760924117777
64 6 0.0003153222181345021
64 7 0.0003844973370282915
64 8 0.00046891296592254506
64 9 0.000568569104817263
64 10 0.0006834657537124454
64 11 0.0008136029126080927
64 12 0.0009589805815042038
64 13 0.00111959876040078
64 14 0.0012954574492978204
64 15 0.001486556648195325
64 16 0.0016928963570932948
64 17 0.001914476575991729
64 18 0.0021512973048906274
64 19 0.0024033585437899904
64 20 0.0026706602926898177
64 21 0.0029532025515901098
64 22 0.003250985320490866
64 23 0.0035640085993920868
64 24 0.0038922723882937726
64 25 0.004235776687195922
65 1 0.00005676585163650176
65 2 0.000057409342277036404
65 3 0.00006669495083289539
65 4 0.0000846226773040789
65 5 0.00011119252169058689
65 6 0.00014640448399241935
65 7 0.00019025856420957623
65 8 0.00024275476234205735
65 9 0.0003038930783898629
65 10 0.000373673512352993
65 11 0.00045209606423144766
65 12 0.0005391607340252267
65 13 0.0006348675217343299
65 14 0.0007392164273587578
65 15 0.0008522074508985102
65 16 0.0009738405923535867
65 17 0.001104115851723988
65 18 0.0012430332290097137
65 19 0.0013905927242107634
65 20 0.0015467943373271378
65 21 0.001711638068358837
65 22 0.00188512391730586
65 23 0.0020672518841682074
65 24 0.0022580219689458795
65 25 0.0024574341716388764
66 1 5.44024877906451*^-6
66 2 8.525253686523025*^-6
66 3 0.00001730044509085311
66 4 0.000031765822992054705
66 5 0.00005192138739012777
66 6 0.0000777671382850723
66 7 0.00010930307567688847
66 8 0.00014652919956557617
66 9 0.0001894455099511353
66 10 0.000238052006833566
66 11 0.0002923486902128683
66 12 0.00035233556008904216
66 13 0.00041801261646208737
66 14 0.0004893798593320043
66 15 0.0005664372886987926
66 16 0.0006491849045624525
66 17 0.0007376227069229838
66 18 0.0008317506957803867
66 19 0.0009315688711346612
66 20 0.0010370772329858073
66 21 0.0011482757813338247
66 22 0.0012651645161787135
66 23 0.0013877434375204742
66 24 0.0015160125453591066
66 25 0.0016499718396946097
67 1 -0.000014342858085274025
67 2 -0.000010507107531594031
67 3 -2.425029739084186*^-6
67 4 9.903375292255466*^-6
67 5 0.000026478107562425122
67 6 0.000047299167071424704
67 7 0.00007236655381925393
67 8 0.00010168026780591304
67 9 0.00013524030903140207
67 10 0.00017304667749572084
67 11 0.00021509937319886963
67 12 0.00026139839614084824
67 13 0.00031194374632165657
67 14 0.00036673542374129474
67 15 0.0004257734283997629
67 16 0.000489057760297061
67 17 0.0005565884194331888
67 18 0.0006283654058081465
67 19 0.0007043887194219339
67 20 0.0007846583602745514
67 21 0.0008691743283659986
67 22 0.0009579366236962757
67 23 0.0010509452462653824
67 24 0.0011482001960733193
67 25 0.001249701473120086
68 1 -0.0000224541602361112
68 2 -0.000018417147741428375
68 3 -0.000010897156255265763
68 4 1.0581422237666712*^-7
68 5 0.000014591763691498974
68 6 0.00003256069215210127
68 7 0.00005401259960418333
68 8 0.0000789474860477453
68 9 0.00010736535148278702
68 10 0.00013926619590930877
68 11 0.0001746500193273102
68 12 0.0002135168217367915
68 13 0.0002558666031377528
68 14 0.0003016993635301938
68 15 0.0003510151029141148
68 16 0.00040381382128951555
68 17 0.00046009551865639625
68 18 0.0005198601950147568
68 19 0.0005831078503645971
68 20 0.0006498384847059172
68 21 0.0007200520980387174
68 22 0.0007937486903629974
68 23 0.0008709282616787572
68 24 0.0009515908119859969
68 25 0.0010357363412847162
69 1 -0.00002642668823599254
69 2 -0.000022363911151976828
69 3 -0.00001530908392785725
69 4 -5.262206563633807*^-6
69 5 7.776720940693437*^-6
69 6 0.000023807698585124465
69 7 0.000042830726369659484
69 8 0.00006484580429429835
69 9 0.0000898529323590411
69 10 0.00011785211056388754
69 11 0.00014884333890883802
69 12 0.00018282661739389217
69 13 0.00021980194601905036
69 14 0.00025976932478431237
69 15 0.0003027287536896781
69 16 0.0003486802327351477
69 17 0.00039762376192072123
69 18 0.00044955934124639863
69 19 0.0005044869707121799
69 20 0.000562406650318065
69 21 0.0006233183800640538
69 22 0.0006872221599501466
69 23 0.0007541179899763432
69 24 0.0008240058701426438
69 25 0.000896885800449048
70 1 -0.0000281271823762252
70 2 -0.000024096290825754976
70 3 -0.000017352509269945075
70 4 -7.895837708795206*^-6
70 5 4.273723857694411*^-6
70 6 0.000019156175429523973
70 7 0.0000367515170066933
70 8 0.00005705974858920252
70 9 0.00008008087017705165
70 10 0.00010581488177024046
70 11 0.0001342617833687692
70 12 0.00016542157497263782
70 13 0.00019929425658184635
70 14 0.00023587982819639464
70 15 0.0002751782898162828
70 16 0.0003171896414415107
70 17 0.0003619138830720785
70 18 0.0004093510147079863
70 19 0.00045950103634923386
70 20 0.0005123639479958212
70 21 0.0005679397496477484
70 22 0.0006262284413050155
70 23 0.0006872300229676223
70 24 0.0007509444946355692
70 25 0.0008173718563088559
71 1 -0.000029071055753596018
71 2 -0.000025087151206802527
71 3 -0.000018592406351340815
71 4 -9.58682118721101*^-6
71 5 1.9296042855870043*^-6
71 6 0.000015956870067053203
71 7 0.00003249497615718753
71 8 0.000051543922555990095
71 9 0.00007310370926346074
71 10 0.00009717433627959963
71 11 0.0001237558036044067
71 12 0.00015284811123788194
71 13 0.00018445125918002534
71 14 0.00021856524743083693
71 15 0.00025519007599031666
71 16 0.0002943257448584645
71 17 0.00033597225403528063
71 18 0.000380129603520765
71 19 0.00042679779331491737
71 20 0.00047597682341773804
71 21 0.0005276666938292268
71 22 0.0005818674045493838
71 23 0.0006385789555782087
71 24 0.000697801346915702
71 25 0.0007595345785618634
72 1 -0.00002960866452976987
72 2 -0.00002566951398048085
72 3 -0.000019363537967281742
72 4 -0.000010690736490172526
72 5 3.488904508468475*^-7
72 6 0.00001375534285577627
72 7 0.00002952862072461581
72 8 0.00004766872405736536
72 9 0.00006817565285402513
72 10 0.00009104940711459497
72 11 0.00011628998683907489
72 12 0.0001438973920274649
72 13 0.0001738716226797651
72 14 0.00020621267879597532
72 15 0.00024092056037609564
72 16 0.00027799526742012615
72 17 0.00031743679992806675
72 18 0.0003592451578999173
72 19 0.00040342034133567797
72 20 0.0004499623502353489
72 21 0.0004988711845989299
72 22 0.000550146844426421
72 23 0.0006037893297178222
72 24 0.0006597986404731334
72 25 0.0007181747766923547
73 1 -0.000029959265781402274
73 2 -0.00002605449997702315
73 3 -0.00001988518747548375
73 4 -0.000011451328276784095
73 5 -7.529223809243005*^-7
73 6 0.000012210030212095795
73 7 0.000027437529502276066
73 8 0.000044929575489616623
73 9 0.00006468616817411734
73 10 0.00008670730755577842
73 11 0.00011099299363459959
73 12 0.00013754322641058102
73 13 0.00016635800588372268
73 14 0.0001974373320540246
73 15 0.0002307812049214868
73 16 0.0002663896244861092
73 17 0.00030426259074789176
73 18 0.00034440010370683465
73 19 0.0003868021633629377
73 20 0.0004314687697162009
73 21 0.0004783999227666244
73 22 0.0005275956225142083
73 23 0.0005790558689589521
73 24 0.0006327806621008565
73 25 0.0006887700019399209
74 1 -0.000030277218042074
74 2 -0.000026396473505914738
74 3 -0.000020332419931391256
74 4 -0.00001208505731850372
74 5 -1.654385667251974*^-6
74 6 0.00001095959502236402
74 7 0.00002575688475034411
74 8 0.000042737483516688406
74 9 0.0000619013913213969
74 10 0.00008324860816446951
74 11 0.00010677913404590625
74 12 0.00013249296896570726
74 13 0.0001603901129238724
74 14 0.00019047056592040172
74 15 0.00022273432795529518
74 16 0.00025718139902855287
74 17 0.00029381177914017474
74 18 0.0003326254682901607
74 19 0.0003736224664785109
74 20 0.0004168027737052253
74 21 0.00046216638997030384
74 22 0.0005097133152737465
74 23 0.0005594435496155533
74 24 0.0006113570929957244
74 25 0.0006654539454142598
75 1 -0.000030583745483793066
75 2 -0.000026713048778698847
75 3 -0.000020716278680421875
75 4 -0.000012593435188962211
75 5 -2.344518304319768*^-6
75 6 0.000010030471973505343
75 7 0.00002453153564451321
75 8 0.000041158672708703745
75 9 0.00005991188316607712
75 10 0.00008079116701663307
75 11 0.00010379652426037184
75 12 0.00012892795489729332
75 13 0.00015618545892739753
75 14 0.0001855690363506844
75 15 0.00021707868716715401
75 16 0.00025071441137680634
75 17 0.00028647620897964145
75 18 0.0003243640799756593
75 19 0.00036437802436485985
75 20 0.0004065180421472431
75 21 0.00045078413332280904
75 22 0.0004971762978915577
75 23 0.0005456945358534892
75 24 0.0005963388472086033
75 25 0.0006491092319569002
76 1 -0.00003094177548492835
76 2 -0.00002706975369226655
76 3 -0.000021117506999814603
76 4 -0.000013085035407572396
76 5 -2.9723389155400395*^-6
76 6 9.220582476282437*^-6
76 7 0.000023493728767895193
76 8 0.00003984709995929805
76 9 0.000058280696050491134
76 10 0.00007879451704147435
76 11 0.00010138856293224777
76 12 0.0001260628337228113
76 13 0.00015281732941316506
76 14 0.00018165205000330898
76 15 0.0002125669954932431
76 16 0.00024556216588296736
76 17 0.0002806375611724818
76 18 0.0003177931813617865
76 19 0.0003570290264508813
76 20 0.00039834509643976626
76 21 0.0004417413913284414
76 22 0.0004872179111169067
76 23 0.0005347746558051621
76 24 0.000584411625393208
76 25 0.0006361288198810437
77 1 -0.00003136592331904503
77 2 -0.000027481685406396946
77 3 -0.000021554417483252643
77 4 -0.00001358411954961213
77 5 -3.570791605475473*^-6
77 6 8.485566349157409*^-6
77 7 0.00002258495431428652
77 8 0.00003872737228991174
77 9 0.00005691282027603322
77 10 0.00007714129827265092
77 11 0.0000994128062797647
77 12 0.00012372734429737475
77 13 0.00015008491232548099
77 14 0.0001784855103640834
77 15 0.00020892913841318202
77 16 0.00024141579647277682
77 17 0.00027594548454286773
77 18 0.0003125182026234549
77 19 0.00035113395071453835
77 20 0.00039179272881611794
77 21 0.00043449453692819375
77 22 0.00047923937505076574
77 23 0.0005260272431838338
77 24 0.0005748581413273982
77 25 0.0006257320694814587
78 1 -0.0000498679448005086
78 2 -0.000044727923859948335
78 3 -0.00003800488966082907
78 4 -0.000029698842203150704
78 5 -0.000019809781486913382
78 6 -8.337707512116935*^-6
78 7 4.717379721238508*^-6
78 8 0.00001935548021315296
78 9 0.000035576593963626465
78 10 0.000053380720972658996
78 11 0.00007276786124025059
78 12 0.00009373801476640124
78 13 0.00011629118155111083
78 14 0.00014042736159437954
78 15 0.0001661465548962072
78 16 0.00019344876145659397
78 17 0.00022233398127553976
78 18 0.00025280221435304453
78 19 0.00028485346068910834
78 20 0.00031848772028373126
78 21 0.00035370499313691313
78 22 0.00039050527924865407
78 23 0.0004288885786189542
78 24 0.00046885489124781307
78 25 0.0005104042171352312
79 1 -0.00004589827716829031
79 2 -0.00004106667858755075
79 3 -0.00003461607048398269
79 4 -0.000026546452857586235
79 5 -0.000016857825708361383
79 6 -5.550189036308067*^-6
79 7 7.37645715857368*^-6
79 8 0.000021922112876283788
79 9 0.00003808677811682237
79 10 0.00005587045288018941
79 11 0.00007527313716638481
79 12 0.00009629483097540862
79 13 0.00011893553430726095
79 14 0.00014319524716194167
79 15 0.0001690739695394508
79 16 0.00019657170143978835
79 17 0.0002256884428629543
79 18 0.0002564241938089487
79 19 0.00028877895427777155
79 20 0.00032275272426942275
79 21 0.00035834550378390233
79 22 0.00039555729282121047
79 23 0.000434388091381347
79 24 0.000474837899464312
79 25 0.0005169067170701054
80 1 -0.000012288445820605342
80 2 -9.882620694982185*^-6
80 3 -5.254651189094883*^-6
80 4 1.5954626970567765*^-6
80 5 0.00001066772096347282
80 6 0.00002196212361015305
80 7 0.00003547867063709763
80 8 0.0000512173620443065
80 9 0.00006917819783177967
80 10 0.00008936117799951714
80 11 0.00011176630254751894
80 12 0.00013639357147578502
80 13 0.00016324298478431537
80 14 0.00019231454247311004
80 15 0.00022360824454216904
80 16 0.00025712409099149235
80 17 0.00029286208182107993
80 18 0.00033082221703093184
80 19 0.00037100449662104797
80 20 0.0004134089205914285
80 21 0.0004580354889420732
80 22 0.0005048842016729824
80 23 0.0005539550587841557
80 24 0.0006052480602755934
80 25 0.0006587632061472956
81 1 -0.00001095932433274877
81 2 -8.641740222153959*^-6
81 3 -4.0657965339398425*^-6
81 4 2.768506731893511*^-6
81 5 0.000011861169575346231
81 6 0.000023212191996418287
81 7 0.000036821573995109674
81 8 0.00005268931557142038
81 9 0.00007081541672535039
81 10 0.00009119987745689971
81 11 0.00011384269776606841
81 12 0.00013874387765285635
81 13 0.0001659034171172637
81 14 0.0001953213161592903
81 15 0.00022699757477893633
81 16 0.00026093219297620155
81 17 0.0002971251707510862
81 18 0.00033557650810359
81 19 0.0003762862050337133
81 20 0.0004192542615414558
81 21 0.0004644806776268177
81 22 0.000511965453289799
81 23 0.0005617085885303995
81 24 0.0006137100833486192
81 25 0.0006679699377444583
82 1 -0.000010014689410845356
82 2 -7.756056011822159*^-6
82 3 -3.2072706783038522*^-6
82 4 3.63166658970932*^-6
82 5 0.000012760755792217561
82 6 0.000024179996929220708
82 7 0.00003788939000071891
82 8 0.00005388893500671208
82 9 0.00007217863194720018
82 10 0.0000927584808221833
82 11 0.00011562848163166144
82 12 0.0001407886343756345
82 13 0.00016823893905410257
82 14 0.00019797939566706555
82 15 0.0002300100042145236
82 16 0.00026433076469647667
82 17 0.0003009416771129247
82 18 0.00033984274146386755
82 19 0.00038103395774930567
82 20 0.00042451532596923867
82 21 0.00047028684612366646
82 22 0.0005183485182125894
82 23 0.0005687003422360072
82 24 0.0006213423181939202
82 25 0.000676274446086328
83 1 -9.464055162434438*^-6
83 2 -7.236094763656086*^-6
83 3 -2.6935164686029745*^-6
83 4 4.163679722724958*^-6
83 5 0.000013335493810327685
83 6 0.000024821925794205243
83 7 0.00003862297567435753
83 8 0.000054738643450784676
83 9 0.00007316892912348658
83 10 0.00009391383269246322
83 11 0.00011697335415771474
83 12 0.000142347493519241
83 13 0.0001700362507770421
83 14 0.000200039625931118
83 15 0.0002323576189814686
83 16 0.0002669902299280941
83 17 0.0003039374587709944
83 18 0.00034319930551016944
83 19 0.00038477577014561933
83 20 0.000428666852677344
83 21 0.00047487255310534347
83 22 0.0005233928714296176
83 23 0.0005742278076501667
83 24 0.0006273773617669905
83 25 0.0006828415337800893
84 1 -9.138500356713547*^-6
84 2 -6.924876383384655*^-6
84 3 -2.376060450304639*^-6
84 4 4.507947442526502*^-6
84 5 0.000013727147295108821
84 6 0.00002528153910744219
84 7 0.00003917112287952674
84 8 0.00005539589861136249
84 9 0.00007395586630294928
84 10 0.00009485102595428727
84 11 0.00011808137756537631
84 12 0.0001436469211362165
84 13 0.00017154765666680793
84 14 0.00020178358415715044
84 15 0.00023435470360724404
84 16 0.00026926101501708883
84 17 0.0003065025183866847
84 18 0.00034607921371603175
84 19 0.00038799110100512995
84 20 0.0004322381802539793
84 21 0.0004788204514625798
84 22 0.0005277379146309315
84 23 0.0005789905697590339
84 24 0.0006325784168468879
84 25 0.0006885014558944927
85 1 -8.956399829151775*^-6
85 2 -6.746096100659419*^-6
85 3 -2.181535379587104*^-6
85 4 4.737282334065041*^-6
85 5 0.000014010357040297003
85 6 0.00002563768873910895
85 7 0.000039619277430500625
85 8 0.00005595512311447223
85 9 0.00007464522579102374
85 10 0.00009568958546015509
85 11 0.00011908820212186629
85 12 0.00014484107577615737
85 13 0.00017294820642302825
85 14 0.00020340959406247905
85 15 0.0002362252386945097
85 16 0.00027139514031912027
85 17 0.0003089192989363107
85 18 0.0003487977145460809
85 19 0.00039103038714843105
85 20 0.00043561731674336105
85 21 0.00048255850333087097
85 22 0.0005318539469109608
85 23 0.0005835036474836303
85 24 0.0006375076050488798
85 25 0.0006938658196067091
86 1 -8.889294917282275*^-6
86 2 -6.674187054327022*^-6
86 3 -2.0881028789101886*^-6
86 4 4.868957608968062*^-6
86 5 0.000014196994409307879
86 6 0.000025896007522109228
86 7 0.000039965996947372056
86 8 0.00005640696268509643
86 9 0.00007521890473528223
86 10 0.00009640182309792959
86 11 0.00011995571777303846
86 12 0.00014588058876060882
86 13 0.00017417643606064078
86 14 0.00020484325967313414
86 15 0.00023788105959808903
86 16 0.00027328983583550543
86 17 0.00031106958838538336
86 18 0.0003512203172477229
86 19 0.0003937420224225238
86 20 0.00043863470390978634
86 21 0.00048589836170951034
86 22 0.0005355329958216959
86 23 0.0005875386062463427
86 24 0.0006419151929834514
86 25 0.0006986627560330214
87 1 -8.894880346653377*^-6
87 2 -6.669862474084664*^-6
87 3 -2.0586794341243453*^-6
87 4 4.938668773227619*^-6
87 5 0.000014322182147971188
87 6 0.000026091860690106227
87 7 0.00004024770439963286
87 8 0.00005678971327655108
87 9 0.00007571788732086096
87 10 0.00009703222653256235
87 11 0.00012073273091165533
87 12 0.00014681940045813987
87 13 0.000175292235172016
87 14 0.0002061512350532837
87 15 0.0002393964001019429
87 16 0.0002750277303179938
87 17 0.0003130452257014362
87 18 0.0003534488862522702
87 19 0.00039623871197049583
87 20 0.00044141470285611304
87 21 0.0004889768589091217
87 22 0.000538925180129522
87 23 0.000591259666517314
87 24 0.0006459803180724975
87 25 0.0007030871347950725
88 1 -8.939464942760131*^-6
88 2 -6.702717304821434*^-6
88 3 -2.0669156794373954*^-6
88 4 4.967939933391938*^-6
88 5 0.000014401849533666565
88 6 0.000026234813121386486
88 7 0.00004046683069655175
88 8 0.000057097902259162266
88 9 0.00007612802780921802
88 10 0.00009755720734671925
88 11 0.00012138544087166562
88 12 0.00014761272838405745
88 13 0.00017623906988389443
88 14 0.0002072644653711768
88 15 0.00024068891484590446
88 16 0.00027651241830807733
88 17 0.00031473497575769567
88 18 0.0003553565871947591
88 19 0.00039837725261926795
88 20 0.00044379697203122216
88 21 0.0004916157454306216
88 22 0.0005418335728174662
88 23 0.0005944504541917563
88 24 0.0006494663895534917
88 25 0.0007068813789026724
89 1 -9.011009817550377*^-6
89 2 -6.760180856357569*^-6
89 3 -2.097240452649481*^-6
89 4 4.977811393573888*^-6
89 5 0.00001446497468231251
89 6 0.00002636424941356646
89 7 0.00004067563558733569
89 8 0.00005739913320362026
89 9 0.00007653474226242001
89 10 0.00009808246276373514
89 11 0.00012204229470756549
89 12 0.00014841423809391124
89 13 0.00017719829292277213
89 14 0.00020839445919414837
89 15 0.0002420027369080398
89 16 0.00027802312606444655
89 17 0.00031645562666336876
89 18 0.00035730023870480604
89 19 0.0004005569621887587
89 20 0.00044622579711522665
89 21 0.00049430674348421
89 22 0.0005447998012957084
89 23 0.0005977049705497221
89 24 0.0006530222512462511
89 25 0.0007107516433852957
90 1 -9.094306853934912*^-6
90 2 -6.828739736505296*^-6
90 3 -2.1385224093339913*^-6
90 4 4.976345127579037*^-6
90 5 0.000014515862874233829
90 6 0.000026480030830630336
90 7 0.00004086884899676856
90 8 0.000057682317372648515
90 9 0.00007692043595827018
90 10 0.00009858320475363363
90 11 0.00012267062375873871
90 12 0.00014918269297358561
90 13 0.00017811941239817417
90 14 0.00020948078203250452
90 15 0.00024326680187657654
90 16 0.0002794774719303903
90 17 0.0003181127921939458
90 18 0.00035917276266724294
90 19 0.00040265738335028186
90 20 0.00044856665424306257
90 21 0.000496900575345585
90 22 0.000547659146657849
90 23 0.0006008423681798547
90 24 0.0006564502399116026
90 25 0.0007144827618530917
91 1 -9.177917912317021*^-6
91 2 -6.897985952797662*^-6
91 3 -2.1815074858727134*^-6
91 4 4.971517488457668*^-6
91 5 0.000014561088970193746
91 6 0.000026587206959335345
91 7 0.000041049871455882465
91 8 0.00005794908245983522
91 9 0.0000772848399711934
91 10 0.00009905714398995724
91 11 0.0001232659945161266
91 12 0.00014991139154970162
91 13 0.0001789933350906821
91 14 0.00021051182513906816
91 15 0.00024446686169485977
91 16 0.0002808584447580569
91 17 0.0003196865743286596
91 18 0.00036095125040666793
91 19 0.00040465247299208173
91 20 0.00045079024208490113
91 21 0.0004993645576851261
91 22 0.0005503754197927566
91 23 0.0006038228284077926
91 24 0.0006597067835302343
91 25 0.0007180272851600816
92 1 -9.256293475271558*^-6
92 2 -6.962697765341023*^-6
92 3 -2.2210851218321*^-6
92 4 4.96854445525519*^-6
92 5 0.000014606190965920847
92 6 0.000026691854410164804
92 7 0.000041225534787987195
92 8 0.00005820723209938795
92 9 0.00007763694634436706
92 10 0.00009951467752292452
92 11 0.00012384042563506033
92 12 0.0001506141906807745
92 13 0.00017983597266006706
92 14 0.00021150577157293793
92 15 0.0002456235874193872
92 16 0.0002821894201994149
92 17 0.0003212032699130208
92 18 0.0003626651365602051
92 19 0.0004065750201409677
92 20 0.000452932920655309
92 21 0.0005017388381032284
92 22 0.0005529927724847263
92 23 0.0006066947237998023
92 24 0.0006628446920484568
92 25 0.0007214426772306898
93 1 -9.327733586221798*^-6
93 2 -7.02104817698333*^-6
93 3 -2.2548691488864434*^-6
93 4 4.9708034980687*^-6
93 5 0.000014655969763882228
93 6 0.000026800629648554
93 7 0.00004140478315208413
93 8 0.00005846843027447254
93 9 0.00007799157101571935
93 10 0.00009997420537582438
93 11 0.00012441633335478786
93 12 0.00015131795495260954
93 13 0.00018067907016928954
93 14 0.000212499679004828
93 15 0.0002467797814592246
93 16 0.00028351937753247965
93 17 0.00032271846722459294
93 18 0.0003643770505355646
93 19 0.0004084951274653946
93 20 0.0004550726980140828
93 21 0.0005041097621816294
93 22 0.0005556063199680343
93 23 0.0006095623713732976
93 24 0.0006659779163974191
93 25 0.000724852955040399
94 1 -9.384554218176442*^-6
94 2 -7.066548324439459*^-6
94 3 -2.278458139291743*^-6
94 4 4.979716337266584*^-6
94 5 0.000014707975105235536
94 6 0.000026906318164615147
94 7 0.00004157474551540541
94 8 0.000058713257157606236
94 9 0.00007832185309121777
94 10 0.00010040053331623995
94 11 0.00012494929783267282
94 12 0.00015196814664051624
94 13 0.00018145707973977036
94 14 0.0002134160971304351
94 15 0.00024784519881251057
94 16 0.00028474438478599655
94 17 0.0003241136550508933
94 18 0.0003659530096072006
94 19 0.00041026244845491854
94 20 0.000457041971594047
94 21 0.0005062915790245864
94 22 0.000558011270746536
94 23 0.0006122010467598967
94 24 0.0006688609070646678
94 25 0.0007279908516608497
95 1 -9.432932945997624*^-6
95 2 -7.103972904826908*^-6
95 3 -2.2937957033832012*^-6
95 4 4.9975986583334635*^-6
95 5 0.000014770210180323039
95 6 0.00002702403886258568
95 7 0.00004175908470512122
95 8 0.000058975347707929706
95 9 0.00007867282787101116
95 10 0.00010085152519436559
95 11 0.000125511439677993
95 12 0.00015265257132189328
95 13 0.0001822749201260666
95 14 0.00021437848609051288
95 15 0.00024896326921523213
95 16 0.00028602926950022436
95 17 0.00032557648694548963
95 18 0.00036760492155102755
95 19 0.0004121145733168387
95 20 0.0004591054422429228
95 21 0.0005085775283292798
95 22 0.0005605308315759098
95 23 0.0006149653519828126
95 24 0.0006718810895499886
95 25 0.0007312780442774371
96 1 -9.468972043818035*^-6
96 2 -7.129994507985423*^-6
96 3 -2.2985195673021837*^-6
96 4 5.025452778231575*^-6
96 5 0.000014841922528615967
96 6 0.000027150889683850906
96 7 0.00004195235424393652
96 8 0.00005924631620887266
96 9 0.00007903277557865936
96 10 0.00010131173235329669
96 11 0.00012608318653278453
96 12 0.000153347138117123
96 13 0.0001831035871063121
96 14 0.00021535253350035181
96 15 0.00025009397729924203
96 16 0.0002873279185029828
96 17 0.0003270543571115743
96 18 0.0003692732931250162
96 19 0.00041398472654330886
96 20 0.000461188657366452
96 21 0.0005108850855944458
96 22 0.0005630740112272901
96 23 0.0006177554342649851
96 24 0.0006749293547075306
96 25 0.0007345957725549266
97 1 -9.49243925896954*^-6
97 2 -7.144060949928452*^-6
97 3 -2.2912119792528856*^-6
97 4 5.066107653057111*^-6
97 5 0.00001492789794700158
97 6 0.000027294158902580445
97 7 0.00004216489051979377
97 8 0.00005954009279864154
97 9 0.00007941976573912377
97 10 0.00010180390934124046
97 11 0.0001266925236049915
97 12 0.00015408560853037706
97 13 0.00018398316411739706
97 14 0.00021638519036605146
97 15 0.0002512916872763404
97 16 0.00028870265484826367
97 17 0.00032861809308182147
97 18 0.00037103800197701357
97 19 0.0004159623815338402
97 20 0.00046339123175230144
97 21 0.0005133245526323969
97 22 0.0005657623441741267
97 23 0.0006207046063774911
97 24 0.0006781513392424901
97 25 0.0007381025427691233
98 1 -9.500587430280336*^-6
98 2 -7.144886607918306*^-6
98 3 -2.274031121995862*^-6
98 4 5.111979027486765*^-6
98 5 0.000015013143840529806
98 6 0.000027429463317133165
98 7 0.00004236093745729672
98 8 0.000059807566261020704
98 9 0.00007976934972830507
98 10 0.00010224628785914968
98 11 0.00012723838065355458
98 12 0.00015474562811151982
98 13 0.00018476803023304537
98 14 0.0002173055870181313
98 15 0.00025235829846677744
98 16 0.000289926164578984
98 17 0.0003300091853547509
98 18 0.00037260736079407805
98 19 0.00041772069089696546
98 20 0.0004653491756634133
98 21 0.0005154928150934215
98 22 0.0005681516091869899
98 23 0.0006233255579441185
98 24 0.0006810146613648077
98 25 0.0007412189194490572
99 1 -9.495736909482995*^-6
99 2 -7.132933999105717*^-6
99 3 -2.242904891516952*^-6
99 4 5.174350413283244*^-6
99 5 0.000015118831915294844
99 6 0.00002759053961451806
99 7 0.00004258947351095268
99 8 0.00006011563360459879
99 9 0.00008016901989545628
99 10 0.00010274963238352532
99 11 0.0001278574710688058
99 12 0.00015549253595129785
99 13 0.0001856548270310013
99 14 0.0002183443443079162
99 15 0.0002535610877820426
99 16 0.00029130505745338044
99 17 0.00033157625332192977
99 18 0.00037437467538769045
99 19 0.00041970032365066276
99 20 0.0004675531981108465
99 21 0.0005179332987682419
99 22 0.0005708406256228484
99 23 0.0006262751786746663
99 24 0.0006842369579236962
99 25 0.0007447259633699373
100 1 -9.476541657661177*^-6
100 2 -7.10778047321363*^-6
100 3 -2.1996386188183467*^-6
100 4 5.247883905524836*^-6
100 5 0.000015234787099815673
100 6 0.000027761070964054356
100 7 0.000042826735498240856
100 8 0.00006043178070237514
100 9 0.00008057620657645711
100 10 0.00010326001312048687
100 11 0.0001284832003344645
100 12 0.00015624576821838976
100 13 0.00018654771677226298
100 14 0.00021938904599608382
100 15 0.0002547697558898526
100 16 0.0002926898464535691
100 17 0.0003331493176872333
100 18 0.00037614816959084536
100 19 0.00042168640216440513
100 20 0.0004697640154079128
100 21 0.0005203810093213682
100 22 0.0005735373839047713
100 23 0.0006292331391581224
100 24 0.000687468275081421
100 25 0.0007482427916746675
101 1 -9.443466543986899*^-6
101 2 -7.069814431211297*^-6
101 3 -2.144483560281049*^-6
101 4 5.332526068803851*^-6
101 5 0.000015361214456043524
101 6 0.000027941581601437897
101 7 0.00004307362750498702
101 8 0.00006075735216669077
101 9 0.0000809927555865492
101 10 0.00010377983776456254
101 11 0.00012911859870073046
101 12 0.00015700903839505312
101 13 0.0001874511568475305
101 14 0.00022044495405816253
101 15 0.0002559904300269495
101 16 0.0002940875847538909
101 17 0.00033473641823898704
101 18 0.00037793693048223797
101 19 0.00042368912148364366
101 20 0.0004719929912432041
101 21 0.000522848539760919
101 22 0.000576255767036789
101 23 0.0006322146730708134
101 24 0.0006907252578629926
101 25 0.0007517875214133264
102 1 -9.392623102584118*^-6
102 2 -7.014818316529851*^-6
102 3 -2.0718427163353816*^-6
102 4 5.43630369799902*^-6
102 5 0.000015509620926473348
102 6 0.000028148108969087824
102 7 0.000043351767825842335
102 8 0.00006112059749673689
102 9 0.00008145459798177156
102 10 0.0001043537692809462
102 11 0.00012981811139426092
102 12 0.00015784762432171563
102 13 0.00018844230806331036
102 14 0.00022160216261904526
102 15 0.0002573271879889201
102 16 0.00029561738417293497
102 17 0.00033647275117109005
102 18 0.00037989328898338493
102 19 0.00042587899760982003
102 20 0.00047442987705039526
102 21 0.0005255459273051103
102 22 0.0005792271483739656
102 23 0.0006354735402569607
102 24 0.000694285102954096
102 25 0.0007556618364653713
103 1 -9.329819174065635*^-6
103 2 -6.949085124277978*^-6
103 3 -1.9900527928563356*^-6
103 4 5.547277820199368*^-6
103 5 0.00001566290671488909
103 6 0.00002835683389121271
103 7 0.00004362905934917052
103 8 0.00006147958308876224
103 9 0.00008190840510998804
103 10 0.00010491552541284777
103 11 0.0001305009439973416
103 12 0.0001586646608634694
103 13 0.00018940667601123124
103 14 0.000222726989440627
103 15 0.00025862560115165695
103 16 0.0002971025111443208
103 17 0.0003381577194186187
103 18 0.0003817912259745506
103 19 0.0004280030308121166
103 20 0.00047679313393131654
103 21 0.0005281615353321507
103 22 0.0005821082350146185
103 23 0.0006386332329787205
103 24 0.0006977365292244564
103 25 0.0007594181237518266
104 1 -9.257318431070001*^-6
104 2 -6.8746878121811006*^-6
104 3 -1.9009926929688611*^-6
104 4 5.663766926566744*^-6
104 5 0.00001581959104642568
104 6 0.000028566479666607917
104 7 0.00004390443278711357
104 8 0.00006183345040794254
104 9 0.00008235353252909473
104 10 0.00010546467915057042
104 11 0.00013116689027236936
104 12 0.00015946016589449171
104 13 0.00019034450601693731
104 14 0.00022381991063970632
104 15 0.00025988637976279865
104 16 0.0002985439133862143
104 17 0.0003397925115099533
104 18 0.00038363217413401565
104 19 0.00043006290125840134
104 20 0.00047908469288311043
104 21 0.0005306975490081429
104 22 0.0005849014696334984
104 23 0.0006416964547591773
104 24 0.0007010825043851799
104 25 0.0007630596185115054
105 1 -9.167669484359093*^-6
105 2 -6.7839414800169865*^-6
105 3 -1.7953698786765752*^-6
105 4 5.798045319662161*^-6
105 5 0.00001599630411499921
105 6 0.000028799406507334555
105 7 0.00004420735249666832
105 8 0.00006222014208300026
105 9 0.00008283777526633058
105 10 0.00010606025204665916
105 11 0.0001318875724239861
105 12 0.00016031973639831144
105 13 0.00019135674396963503
105 14 0.000224998595137957
105 15 0.0002612452899032772
105 16 0.00030009682826559567
105 17 0.0003415532102249126
105 18 0.0003856144357812277
105 19 0.0004322805049345413
105 20 0.00048155141768485316
105 21 0.0005334271740321632
105 22 0.0005879077739764718
105 23 0.0006449932175177785
105 24 0.0007046835046560836
105 25 0.000766978635391387
106 1 -9.067449236546617*^-6
106 2 -6.6835084655601464*^-6
106 3 -1.6809509215499283*^-6
106 4 5.9402233954841595*^-6
106 5 0.00001618001448554203
106 6 0.00002903842234862379
106 7 0.000044515446984729384
106 8 0.00006261108839385875
106 9 0.00008332534657601191
106 10 0.00010665822153118899
106 11 0.0001326097132593899
106 12 0.00016117982176061453
106 13 0.00019236854703486304
106 14 0.00022617588908213537
106 15 0.00026260184790243165
106 16 0.00030164642349575163
106 17 0.00034330961586209556
106 18 0.00038759142500146323
106 19 0.00043449185091385463
106 20 0.00048401089359927
106 21 0.000536148553057709
106 22 0.0005909048292891722
106 23 0.0006482797222936588
106 24 0.0007082732320711696
106 25 0.0007708853586217041
107 1 -8.94882907318014*^-6
107 2 -6.565540659431371*^-6
107 3 -1.5487877146627232*^-6
107 4 6.101429761125817*^-6
107 5 0.00001638511176793423
107 6 0.000029302258305762642
107 7 0.000044852869374610886
107 8 0.00006303694497447908
107 9 0.00008385448510536717
107 10 0.00010730548976727517
107 11 0.00013338995896020305
107 12 0.00016210789268415081
107 13 0.00019345929093911855
107 14 0.00022744415372510614
107 15 0.0002640624810421136
107 16 0.0003033142728901411
107 17 0.0003451995292691885
107 18 0.00038971825017925573
107 19 0.00043687043562034276
107 20 0.00048665608559244993
107 21 0.0005390752000955769
107 22 0.0005941277791297237
107 23 0.0006518138226948904
107 24 0.0007121333307910771
107 25 0.0007750863034182839
108 1 -8.81707795046773*^-6
108 2 -6.435300236041529*^-6
108 3 -1.404830862880655*^-6
108 4 6.274330169014824*^-6
108 5 0.00001660218285964486
108 6 0.000029578727209009597
108 7 0.000045203963217108946
108 8 0.0000634778908839429
108 9 0.00008440051020951149
108 10 0.00010797182119381465
108 11 0.00013419182383685255
108 12 0.00016306051813862502
108 13 0.00019457790409913204
108 14 0.00022874398171837375
108 15 0.00026555875099635006
108 16 0.000305022211933061
108 17 0.0003471343645285066
108 18 0.0003918952087826868
108 19 0.0004393047446956016
108 20 0.000489362972267251
108 21 0.0005420698914976351
108 22 0.0005974255023867539
108 23 0.0006554298049346072
108 24 0.0007160827991411951
108 25 0.0007793844850065176
109 1 -8.670287717391168*^-6
109 2 -6.290880701300444*^-6
109 3 -1.246922472994172*^-6
109 4 6.461586967527607*^-6
109 5 0.000016834647620265014
109 6 0.000029872259485217914
109 7 0.00004557442256238635
109 8 0.00006394113685177034
109 9 0.00008497240235336987
109 10 0.00010866821906718496
109 11 0.00013502858699321563
109 12 0.00016405350613146166
109 13 0.00019574297648192345
109 14 0.00023009699804460063
109 15 0.00026711557081949346
109 16 0.00030679869480660174
109 17 0.0003491463700059257
109 18 0.00039415859641746503
109 19 0.0004418353740412201
109 20 0.0004921767028771905
109 21 0.0005451825829253765
109 22 0.0006008530141857782
109 23 0.0006591879966583952
109 24 0.0007201875303432281
109 25 0.0007838516152402764
110 1 -8.519224528858956*^-6
110 2 -6.1428099080031*^-6
110 3 -1.0864116866037758*^-6
110 4 6.64997013533903*^-6
110 5 0.000017066335557825242
110 6 0.000030162684580855057
110 7 0.00004593901720442824
110 8 0.000064395333428545
110 9 0.00008553163325320507
110 10 0.00010934791667840874
110 11 0.00013584418370415585
110 12 0.00016502043433044638
110 13 0.00019687666855728046
110 14 0.00023141288638465796
110 15 0.0002686290878125789
110 16 0.0003085252728410434
110 17 0.0003511014414700513
110 18 0.0003963575936996027
110 19 0.0004442937295296975
110 20 0.0004949098489603359
110 21 0.0005482059519915177
110 22 0.000604182038623243
110 23 0.0006628381088555117
110 24 0.0007241741626883239
110 25 0.0007881902001216796
111 1 -8.352501898699932*^-6
111 2 -5.979877378234618*^-6
111 3 -9.110211293619238*^-7
111 4 6.854066847918042*^-6
111 5 0.000017315386553605585
111 6 0.000030472937987700385
111 7 0.00004632672115020253
111 8 0.00006487673604111207
111 9 0.00008612298266042909
111 10 0.00011006546100815343
111 11 0.00013670417108428516
111 12 0.00016603911288882425
111 13 0.00019807028642177075
111 14 0.00023279769168312465
111 15 0.0002702213286728859
111 16 0.0003103411973910544
111 17 0.0003531572978376304
111 18 0.00039866963001261384
111 19 0.0004468781939160046
111 20 0.0004977829895478029
111 21 0.0005513840169080082
111 22 0.0006076812759966213
111 23 0.0006666747668136413
111 24 0.0007283644893590689
111 25 0.0007927504436329041
112 1 -8.163396157870068*^-6
112 2 -5.79554214739445*^-6
112 3 -7.137852921828891*^-7
112 4 7.0818744077647775*^-6
112 5 0.000017591436952448543
112 6 0.00003081490234186842
112 7 0.0000467522705760244
112 8 0.0000654035416549164
112 9 0.00008676871557854448
112 10 0.00011084779234690875
112 11 0.000137640771960009
112 12 0.00016714765441784536
112 13 0.0001993684397204178
112 14 0.00023430312786772628
112 15 0.0002719517188597709
112 16 0.0003123142126965515
112 17 0.0003553906093780683
112 18 0.00040118090890432106
112 19 0.00044968511127531005
112 20 0.000500903216491035
112 21 0.0005548352245514959
112 22 0.0006114811354566932
112 23 0.0006708409492066265
112 24 0.0007329146658012959
112 25 0.0007977022852407012
113 1 -7.986090788224934*^-6
113 2 -5.623062863877146*^-6
113 3 -5.30131781071173*^-7
113 4 7.292702460193079*^-6
113 5 0.0000178454398599157
113 6 0.000031128080418096536
113 7 0.00004714062413473573
113 8 0.00006588307100983316
113 9 0.00008735542104338891
113 10 0.00011155767423540294
113 11 0.0001384898305858752
113 12 0.00016815189009480592
113 13 0.00020054385276219486
113 14 0.00023566571858804207
113 15 0.00027351748757234744
113 16 0.0003140991597151112
113 17 0.00035741073501633323
113 18 0.0004034522134760136
113 19 0.0004522235950941522
113 20 0.0005037248798707491
113 21 0.0005579560678058042
113 22 0.0006149171588993178
113 23 0.0006746081531512895
113 24 0.0007370290505617197
113 25 0.0008021798511306079
114 1 -7.791128382657634*^-6
114 2 -5.433717761411789*^-6
114 3 -3.2930978697549406*^-7
114 4 7.522095540651183*^-6
114 5 0.000018120498221468492
114 6 0.00003146589825547633
114 7 0.00004755829564267453
114 8 0.0000663976903830633
114 9 0.00008798408247664252
114 10 0.00011231747192341234
114 11 0.00013939785872337255
114 12 0.00016922524287652326
114 13 0.00020179962438286465
114 14 0.00023712100324239634
114 15 0.00027518937945511865
114 16 0.0003160047530210315
114 17 0.0003595671239401346
114 18 0.00040587649221242837
114 19 0.0004549328578379126
114 20 0.0005067362208165873
114 21 0.0005612865811484525
114 22 0.0006185839388335085
114 23 0.0006786282938717545
114 24 0.0007414196462631913
114 25 0.0008069579960078187
115 1 -7.5796215189965365*^-6
115 2 -5.228598582149652*^-6
115 3 -1.1250581079949649*^-7
115 4 7.768656795054024*^-6
115 5 0.000018414889235410922
115 6 0.00003182619151027112
115 7 0.000048002563619634625
115 8 0.00006694400556350146
115 9 0.00008865051734187157
115 10 0.00011312209895474505
115 11 0.0001403587504021219
115 12 0.000170360471684002
115 13 0.00020312726280038543
115 14 0.00023865912375127223
115 15 0.00027695605453666237
115 16 0.00031801805515655585
115 17 0.00036184512561095264
115 18 0.0004084372658998527
115 19 0.0004577944760232561
115 20 0.0005099167559811627
115 21 0.0005648041057735728
115 22 0.0006224565254004863
115 23 0.0006828740148619029
115 24 0.000746056574157823
115 25 0.0008120042032882463
116 1 -7.350496317115243*^-6
116 2 -5.0066684226818275*^-6
116 3 1.213645245216866*^-7
116 4 8.033602524495177*^-6
116 5 0.000018730045577238705
116 6 0.00003221069368275236
116 7 0.000048475546841035953
116 8 0.0000675246050520896
116 9 0.00008935786831591326
116 10 0.00011397533663250707
116 11 0.00014137701000187087
116 12 0.00017156288842400463
116 13 0.00020453297189890847
116 14 0.0002402872604265824
116 15 0.0002788257540070263
116 16 0.0003201484526402402
116 17 0.00036425535632622435
116 18 0.0004111464650649783
116 19 0.00046082177885650233
116 20 0.0005132812977007966
116 21 0.0005685250215978606
116 22 0.0006265529505476949
116 23 0.0006873650845502991
116 24 0.0007509614236056734
116 25 0.0008173419677138175
117 1 -7.140480685042256*^-6
117 2 -4.8034505229983305*^-6
117 3 3.3499789142400717*^-7
117 4 8.274864558224934*^-6
117 5 0.000019016149477404272
117 6 0.00003255885264896206
117 7 0.000048902974072898405
117 8 0.00006804851374921324
117 9 0.00008999547167790654
117 10 0.00011474384785897828
117 11 0.00014229364229242862
117 12 0.00017264485497825747
117 13 0.00020579748591646464
117 14 0.00024175153510705045
117 15 0.0002805070025500147
117 16 0.00032206388824535735
117 17 0.0003664221921930786
117 18 0.00041358191439317836
117 19 0.0004635430548456566
117 20 0.0005163056135505133
117 21 0.0005718695905077484
117 22 0.000630234985717362
117 23 0.0006914017991793542
117 24 0.0007553700308937249
117 25 0.0008221396808604742
118 1 -6.909463340593714*^-6
118 2 -4.580092624780581*^-6
118 3 5.693382880972561*^-7
118 4 8.538829398039755*^-6
118 5 0.000019328380705046903
118 6 0.00003293799220911875
118 7 0.000049367663910255294
118 8 0.0000686173958084566
118 9 0.00009068718790372246
118 10 0.00011557704019605313
118 11 0.0001432869526854484
118 12 0.0001738169253719084
118 13 0.00020716695825543307
118 14 0.0002433370513360224
118 15 0.00028232720461367656
118 16 0.00032413741808839523
118 17 0.00036876769176017864
118 18 0.0004162180256290267
118 19 0.00046648841969493954
118 20 0.0005195788739579169
118 21 0.0005754893884179591
118 22 0.000634219963075066
118 23 0.0006957705979292374
118 24 0.0007601412929804739
118 25 0.0008273320482287746
119 1 -6.666908201179321*^-6
119 2 -4.3457472748918545*^-6
119 3 8.147769742388768*^-7
119 4 8.814664546212683*^-6
119 5 0.00001965391544102968
119 6 0.000033332529658689865
119 7 0.00004985050719919322
119 8 0.00006920784806253982
119 9 0.00009140455224872957
119 10 0.00011644061975776245
119 11 0.0001443160505896386
119 12 0.00017503084474435783
119 13 0.00020858500222192033
119 14 0.00024497852302232594
119 15 0.0002842114071455747
119 16 0.0003262836545916668
119 17 0.00037119526536060204
119 18 0.0004189462394523803
119 19 0.000469536576867002
119 20 0.0005229662776044667
119 21 0.0005792353416647746
119 22 0.0006383437690479256
119 23 0.0007002915597539199
119 24 0.0007650787137827573
119 25 0.0008327052311344379
120 1 -6.431149530269223*^-6
120 2 -4.118103223575226*^-6
120 3 1.0528517543179582*^-6
120 4 9.081715403410343*^-6
120 5 0.00001996848772370189
120 6 0.00003371316871519265
120 7 0.0000503157583778825
120 8 0.00006977625671177165
120 9 0.00009209466371685992
120 10 0.00011727097939314739
120 11 0.00014530520374063407
120 12 0.00017619733675931993
120 13 0.0002099473784492049
120 14 0.00024655532881028903
120 15 0.00028602118784257235
120 16 0.0003283449555460549
120 17 0.00037352663192073666
120 18 0.0004215662169666175
120 19 0.00047246371068369766
120 20 0.000526219113071977
120 21 0.0005828324241314554
120 22 0.0006423036438621331
120 23 0.0007046327722640098
120 24 0.0007698198093370858
120 25 0.000837864755081361
121 1 -6.1750454127001584*^-6
121 2 -3.8709373670412075*^-6
121 3 1.3110267211748484*^-6
121 4 9.37084685194809*^-6
121 5 0.000020308523025278438
121 6 0.000034124055241166026
121 7 0.00005081744349961066
121 8 0.00007038868780061248
121 9 0.0000928377881441714
121 10 0.00011816474453028755
121 11 0.00014636955695896073
121 12 0.00017745222543019112
121 13 0.00021141274994397873
121 14 0.00024825113050032344
121 15 0.00028796736709922523
121 16 0.00033056145974068416
121 17 0.0003760334084247003
121 18 0.0004243832131512735
121 19 0.0004756108739204039
121 20 0.0005297163907320916
121 21 0.0005866997635863363
121 22 0.000646560992483138
121 23 0.000709300077422497
121 24 0.0007749170184044132
121 25 0.0008434118154288862
122 1 -5.909797590602614*^-6
122 2 -3.6150577713395634*^-6
122 3 1.5780193892057942*^-6
122 4 9.669433891033445*^-6
122 5 0.000020659185734143553
122 6 0.00003454727491853593
122 7 0.000051333701444210636
122 8 0.0000710184653111676
122 9 0.00009360156651940698
122 10 0.00011908300506892862
122 11 0.00014746278095973265
122 12 0.00017874089419181907
122 13 0.00021291734476518767
122 14 0.0002499921326798387
122 15 0.000289965257935772
122 16 0.0003328367205329876
122 17 0.0003786065204714856
122 18 0.00042727465775126594
122 19 0.0004788411323723285
122 20 0.0005333059443346737
122 21 0.0005906690936383009
122 22 0.0006509305802832105
122 23 0.0007140904042694024
122 24 0.0007801485655968767
122 25 0.0008491050642656331
123 1 -5.629619229293787*^-6
123 2 -3.3448744189506184*^-6
123 3 1.859681961924889*^-6
123 4 9.984049913332885*^-6
123 5 0.000021028229435273232
123 6 0.00003499222052774593
123 7 0.000051876023190751175
123 8 0.00007167963742428884
123 9 0.00009440306322835883
123 10 0.0001200463006029612
123 11 0.00014860934954809607
123 12 0.00018009221006376336
123 13 0.00021449488214996302
123 14 0.0002518173658066951
123 15 0.0002920596610339596
123 16 0.00033522176783175653
123 17 0.0003813036862000858
123 18 0.0004303054161389476
123 19 0.0004822269576483417
123 20 0.0005370683107282682
123 21 0.0005948294753787273
123 22 0.0006555104515997185
123 23 0.0007191112393912424
123 24 0.0007856318387532985
123 25 0.0008550722496858871
124 1 -5.3391627902001*^-6
124 2 -3.0648666462039075*^-6
124 3 2.1513631464429705*^-6
124 4 0.00001030952658774052
124 5 0.000021409623677688783
124 6 0.00003545165441628774
124 7 0.000052435618803537486
124 8 0.00007236151683943783
124 9 0.00009522934852398896
124 10 0.00012103911385719069
124 11 0.00014979081283904316
124 12 0.00018148444546954633
124 13 0.00021612001174870025
124 14 0.00025369751167650476
124 15 0.00029421694525296003
124 16 0.0003376783124780661
124 17 0.0003840816133518227
124 18 0.00043342684787423013
124 19 0.00048571401604528825
124 20 0.000540943117864997
124 21 0.0005991141533333563
124 22 0.0006602271224503667
124 23 0.0007242820252160273
124 24 0.000791278861630339
124 25 0.0008612176316933012
125 1 -5.017626725944087*^-6
125 2 -2.7549794321321666*^-6
125 3 2.4739586001892324*^-6
125 4 0.000010669187371020123
125 5 0.00002183070688036046
125 6 0.00003595851712821025
125 7 0.00005305261811456957
125 8 0.00007311300983943834
125 9 0.00009613969230281663
125 10 0.00012213266550470435
125 11 0.00015109192944510162
125 12 0.0001830174841240083
125 13 0.00021790932954142444
125 14 0.0002557674656973501
125 15 0.0002965918925917852
125 16 0.00034038261022472987
125 17 0.00038713961859618393
125 18 0.00043686291770614745
125 19 0.0004895525075546206
125 20 0.000545208388141603
125 21 0.0006038305594670951
125 22 0.0006654190215310966
125 23 0.0007299737743336075
125 24 0.000797494817874628
125 25 0.0008679821521541579
126 1 -4.6666454864246316*^-6
126 2 -2.4167905979905017*^-6
126 3 2.825819159188168*^-6
126 4 0.00001106118378511154
126 5 0.00002228930327977959
126 6 0.000036510177643192305
126 7 0.000053723806875349596
126 8 0.00007393019097625166
126 9 0.0000971293299458983
126 10 0.00012332122378428951
126 11 0.00015250587249142548
126 12 0.0001846832760673061
126 13 0.00021985343451193132
126 14 0.00025801634782530124
126 15 0.00029917201600741577
126 16 0.000343320439058275
126 17 0.00039046161697787877
126 18 0.00044059554976622745
126 19 0.0004937222374233206
126 20 0.0005498416799491583
126 21 0.0006089538773437408
126 22 0.0006710588296070679
126 23 0.0007361565367391396
126 24 0.000804246998739956
126 25 0.0008753302156095171
127 1 -4.291359691817689*^-6
127 2 -2.0552502045576948*^-6
127 3 3.2018028574154494*^-6
127 4 0.00001147979949410173
127 5 0.000022778739705501093
127 6 0.00003709862349161358
127 7 0.00005443945085243924
127 8 0.00007480122178797804
127 9 0.00009818393629823005
127 10 0.00012458759438319517
127 11 0.0001540121960428734
127 12 0.00018645774127726478
127 13 0.00022192423008636936
127 14 0.00026041166247018705
127 15 0.0003019200384287179
127 16 0.00034644935796196186
127 17 0.00039399962106991893
127 18 0.00044457082775258916
127 19 0.0004981629780099726
127 20 0.0005547760718420691
127 21 0.0006144101092488787
127 22 0.0006770650902304016
127 23 0.0007427410147866373
127 24 0.0008114378829175866
127 25 0.0008831556946232488
128 1 -3.825195900366429*^-6
128 2 -1.606229870498529*^-6
128 3 3.668582732918417*^-6
128 4 0.000011999241909884504
128 5 0.00002338574766039967
128 6 0.000037828099984463936
128 7 0.000055326298882077296
128 8 0.00007588034435323967
128 9 0.00009949023639795133
128 10 0.00012615597501621195
128 11 0.00015587756020802164
128 12 0.00018865499197338046
128 13 0.00022448827031228849
128 14 0.0002633773952247455
128 15 0.0003053223667107516
128 16 0.00035032318477030684
128 17 0.00039837984940341113
128 18 0.0004494923606100646
128 19 0.0005036607183902672
128 20 0.0005608849227440188
128 21 0.0006211649736713195
128 22 0.0006845008711721691
128 23 0.0007508926152465683
128 24 0.0008203402058945164
128 25 0.0008928436431160134
129 1 -3.1909278402616955*^-6
129 2 -9.95367133796454*^-7
129 3 4.303401364600114*^-6
129 4 0.0000127053776549279
129 5 0.00002421056173718708
129 6 0.00003881895361137745
129 7 0.000056530553277499136
129 8 0.00007734536073555202
129 9 0.00010126337598553621
129 10 0.00012828459902745169
129 11 0.00015840902986129847
129 12 0.00019163666848707648
129 13 0.00022796751490478584
129 14 0.00026740156911442633
129 15 0.0003099388311159981
129 16 0.0003555793009095012
129 17 0.0004043229784949356
129 18 0.00045616986387230125
129 19 0.0005111199570415982
129 20 0.0005691732580028265
129 21 0.0006303297667559859
129 22 0.0006945894833010768
129 23 0.0007619524076380985
129 24 0.0008324185397670518
129 25 0.0009059878796879367
130 1 6.241797444618948*^-7
130 2 2.6786591177883743*^-6
130 3 8.12074224569661*^-6
130 4 0.0000169504291281867
130 5 0.000029167719765258476
130 6 0.00004477261415691207
130 7 0.00006376511230314741
130 8 0.00008614521420396455
130 9 0.00011191291985936357
130 10 0.00014106822926934426
130 11 0.00017361114243390674
130 12 0.00020954165935305104
130 13 0.00024885978002677704
130 14 0.00029156550445508494
130 15 0.0003376588326379745
130 16 0.0003871397645754461
130 17 0.0004400083002674993
130 18 0.0004962644397141342
130 19 0.000555908182915351
130 20 0.0006189395298711496
130 21 0.0006853584805815298
130 22 0.0007551650350464919
130 23 0.0008283591932660359
130 24 0.0009049409552401614
130 25 0.0009849103209688688
