1 1 -0.0004413825897066295
1 2 -0.00040622369200938826
1 3 -0.0003736733990324413
1 4 -0.00034373171077578833
1 5 -0.0003163986272394296
1 6 -0.00029167414842336487
1 7 -0.0002695582743275944
1 8 -0.000250051004952118
1 9 -0.00023315234029693568
1 10 -0.00021886228036204758
1 11 -0.00020718082514745357
1 12 -0.0001981079746531537
1 13 -0.00019164372887914795
1 14 -0.00018778808782543636
1 15 -0.00018654105149201885
1 16 -0.00018790261987889544
1 17 -0.0001918727929860662
1 18 -0.00019845157081353114
1 19 -0.00020763895336129007
1 20 -0.00021943494062934326
1 21 -0.0002338395326176906
1 22 -0.0002508527293263319
1 23 -0.0002704745307552674
1 24 -0.00029270493690449715
1 25 -0.00031754394777402093
2 1 -0.0005048793290075735
2 2 -0.000464462197453031
2 3 -0.00042670749940680467
2 4 -0.0003916152348688947
2 5 -0.0003591854038393006
2 6 -0.00032941800631802287
2 7 -0.0003023130423050612
2 8 -0.00027787051180041574
2 9 -0.0002560904148040865
2 10 -0.00023697275131607335
2 11 -0.00022051752133637643
2 12 -0.00020672472486499556
2 13 -0.00019559436190193097
2 14 -0.0001871264324471825
2 15 -0.00018132093650075024
2 16 -0.00017817787406263419
2 17 -0.00017769724513283421
2 18 -0.0001798790497113505
2 19 -0.00018472328779818288
2 20 -0.00019222995939333144
2 21 -0.0002023990644967961
2 22 -0.0002152306031085771
2 23 -0.0002307245752286741
2 24 -0.0002488809808570873
2 25 -0.0002696998199938168
3 1 -0.0005970406409937977
3 2 -0.0005489925243178661
3 3 -0.0005036860598606135
3 4 -0.00046112124762204
3 5 -0.00042129808760214566
3 6 -0.00038421657980093084
3 7 -0.000349876724218395
3 8 -0.0003182785208545384
3 9 -0.0002894219697093612
3 10 -0.0002633070707828632
3 11 -0.00023993382407504446
3 12 -0.00021930222958590483
3 13 -0.00020141228731544454
3 14 -0.00018626399726366343
3 15 -0.00017385735943056157
3 16 -0.00016419237381613895
3 17 -0.00015726904042039552
3 18 -0.00015308735924333142
3 19 -0.00015164733028494648
3 20 -0.00015294895354524087
3 21 -0.00015699222902421436
3 22 -0.00016377715672186713
3 23 -0.00017330373663819923
3 24 -0.0001855719687732105
3 25 -0.00020058185312690093
4 1 -0.0006922400508256182
4 2 -0.0006363030513109734
4 3 -0.0005831792018084613
4 4 -0.000532868502318082
4 5 -0.00048537095283983535
4 6 -0.0004406865533737215
4 7 -0.00039881530391974046
4 8 -0.0003597572044778919
4 9 -0.0003235122550481762
4 10 -0.00029008045563059316
4 11 -0.00025946180622514275
4 12 -0.0002316563068318251
4 13 -0.0002066639574506402
4 14 -0.00018448475808158796
4 15 -0.00016511870872466846
4 16 -0.00014856580937988166
4 17 -0.00013482606004722766
4 18 -0.00012389946072670626
4 19 -0.00011578601141831756
4 20 -0.00011048571212206169
4 21 -0.00010799856283793834
4 22 -0.00010832456356594786
4 23 -0.00011146371430609007
4 24 -0.00011741601505836496
4 25 -0.00012618146582277256
5 1 -0.0008542513227764065
5 2 -0.0007848731379448653
5 3 -0.0007184042708899066
5 4 -0.000654844721611531
5 5 -0.0005941944901097377
5 6 -0.0005364535763845272
5 7 -0.0004816219804358995
5 8 -0.0004296997022638544
5 9 -0.0003806867418683919
5 10 -0.0003345830992495121
5 11 -0.00029138877440721496
5 12 -0.0002511037673415006
5 13 -0.00021372807805236887
5 14 -0.00017926170653981966
5 15 -0.00014770465280385337
5 16 -0.00011905691684446956
5 17 -0.00009331849866166859
5 18 -0.00007048939825545019
5 19 -0.00005056961562581443
5 20 -0.000033559150772761336
5 21 -0.000019458003696290997
5 22 -8.266174396403289*^-6
5 23 1.633712690173386*^-8
5 24 5.389530873624153*^-6
5 25 7.853406843763967*^-6
6 1 -0.0011415791861189694
6 2 -0.0010483235108772455
6 3 -0.0009580841483726814
6 4 -0.0008708610986052772
6 5 -0.0007866543615750322
6 6 -0.0007054639372819465
6 7 -0.0006272898257260208
6 8 -0.0005521320269072547
6 9 -0.00047999054082564817
6 10 -0.000410865367481201
6 11 -0.00034475650687391355
6 12 -0.0002816639590037856
6 13 -0.00022158772387081716
6 14 -0.00016452780147500836
6 15 -0.00011048419181635918
6 16 -0.00005945689489486949
6 17 -0.000011445910710539313
6 18 0.00003354876073663115
6 19 0.00007552711944664212
6 20 0.00011448916541949354
6 21 0.00015043489865518536
6 22 0.0001833643191537178
6 23 0.00021327742691509035
6 24 0.00024017422193930337
6 25 0.0002640547042263571
7 1 -0.0016413218508557876
7 2 -0.0015064549490984608
7 3 -0.00137465907287305
7 4 -0.001245934222179554
7 5 -0.0011202803970179723
7 6 -0.0009976975973883064
7 7 -0.000878185823290556
7 8 -0.0007617450747247204
7 9 -0.0006483753516907996
7 10 -0.0005380766541887947
7 11 -0.00043084898221870416
7 12 -0.0003266923357805292
7 13 -0.00022560671487426945
7 14 -0.00012759211949992465
7 15 -0.00003264854965749522
7 16 0.000059223994653019384
7 17 0.00014802551343161857
7 18 0.00023375600667830255
7 19 0.00031641547439307155
7 20 0.00039600391657592526
7 21 0.0004725213332268638
7 22 0.0005459677243458876
7 23 0.0006163430899329956
7 24 0.0006836474299881888
7 25 0.000747880744511467
8 1 -0.0026930720462894223
8 2 -0.002470437823791929
8 3 -0.0022506793381392304
8 4 -0.0020337965893313264
8 5 -0.0018197895773682166
8 6 -0.0016086583022499022
8 7 -0.0014004027639763815
8 8 -0.0011950229625476566
8 9 -0.000992518897963725
8 10 -0.0007928905702245886
8 11 -0.0005961379793302469
8 12 -0.00040226112528069966
8 13 -0.0002112600080759467
8 14 -0.000023134627715988142
8 15 0.0001621150157991749
8 16 0.00034448892246954395
8 17 0.0005239870922951187
8 18 0.0007006095252758986
8 19 0.0008743562214118838
8 20 0.0010452271807030746
8 21 0.0012132224031494705
8 22 0.0013783418887510718
8 23 0.0015405856375078786
8 24 0.0016999536494198913
8 25 0.0018564459244871097
9 1 -0.004471349447426523
9 2 -0.004100017064692106
9 3 -0.0037307429655251876
9 4 -0.0033635271499257674
9 5 -0.0029983696178938475
9 6 -0.0026352703694294275
9 7 -0.0022742294045325078
9 8 -0.0019152467232030847
9 9 -0.0015583223254411612
9 10 -0.0012034562112467392
9 11 -0.0008506483806198148
9 12 -0.0004998988335603906
9 13 -0.00015120757006846503
9 14 0.00019542540985596096
9 15 0.0005400001062128878
9 16 0.0008825165190023157
9 17 0.0012229746482242437
9 18 0.0015613744938786723
9 19 0.001897716055965602
9 20 0.002231999334485032
9 21 0.002564224329436963
9 22 0.002894391040821394
9 23 0.0032224994686383263
9 24 0.00354854961288776
9 25 0.0038725414735696936
10 1 -0.006907315063048244
10 2 -0.006331978215939864
10 3 -0.005757079863276636
10 4 -0.00518262000505856
10 5 -0.0046085986412856324
10 6 -0.004035015771957856
10 7 -0.003461871397075232
10 8 -0.0028891655166377547
10 9 -0.0023168981306454306
10 10 -0.0017450692390982563
10 11 -0.0011736788419962336
10 12 -0.000602726939339358
10 13 -0.000032213531127634805
10 14 0.0005378613826389384
10 15 0.0011074978019603601
10 16 0.0016766957268366319
10 17 0.0022454551572677543
10 18 0.002813776093253725
10 19 0.0033816585347945464
10 20 0.003949102481890217
10 21 0.0045161079345407374
10 22 0.005082674892746108
10 23 0.005648803356506325
10 24 0.006214493325821395
10 25 0.006779744800691313
11 1 -0.009674728165821043
11 2 -0.008867387139994983
11 3 -0.008058255227868336
11 4 -0.007247332429441088
11 5 -0.006434618744713246
11 6 -0.005620114173684805
11 7 -0.00480381871635577
11 8 -0.003985732372726138
11 9 -0.003165855142795909
11 10 -0.0023441870265650836
11 11 -0.001520728024033662
11 12 -0.0006954781352016422
11 13 0.00013156263993097277
11 14 0.0009603943013641841
11 15 0.0017910168490979927
11 16 0.0026234302831323977
11 17 0.003457634603467399
11 18 0.004293629810102997
11 19 0.005131415903039191
11 20 0.00597099288227598
11 21 0.0068123607478133685
11 22 0.007655519499651354
11 23 0.008500469137789929
11 24 0.009347209662229107
11 25 0.01019574107296888
12 1 -0.013047938716525756
12 2 -0.01195759112164074
12 3 -0.010862388260305927
12 4 -0.009762330132521332
12 5 -0.008657416738286936
12 6 -0.007547648077602755
12 7 -0.006433024150468783
12 8 -0.005313544956885015
12 9 -0.004189210496851457
12 10 -0.003060020770368105
12 11 -0.0019259757774349672
12 12 -0.0007870755180520312
12 13 0.0003566800077806928
12 14 0.0015052908000632108
12 15 0.0026587568587955177
12 16 0.0038170781839776185
12 17 0.004980254775609508
12 18 0.006148286633691193
12 19 0.007321173758222668
12 20 0.008498916149203936
12 21 0.009681513806634994
12 22 0.010868966730515845
12 23 0.012061274920846484
12 24 0.013258438377626918
12 25 0.014460457100857142
13 1 -0.016586687691603114
13 2 -0.015199270150816796
13 3 -0.01380350119363631
13 4 -0.012399380820061654
13 5 -0.010986909030092838
13 6 -0.009566085823729847
13 7 -0.008136911200972695
13 8 -0.006699385161821373
13 9 -0.0052535077062758895
13 10 -0.003799278834336233
13 11 -0.002336698546002417
13 12 -0.0008657668412744255
13 13 0.0006135162798477261
13 14 0.0021011508173640462
13 15 0.003597136771274533
13 16 0.005101474141579184
13 17 0.006614162928278008
13 18 0.008135203131370995
13 19 0.009664594750858143
13 20 0.011202337786739465
13 21 0.012748432239014947
13 22 0.014302878107684604
13 23 0.01586567539274842
13 24 0.01743682409420641
13 25 0.01901632421205856
14 1 -0.020536636487604534
14 2 -0.01881747374256702
14 3 -0.01708580638124606
14 4 -0.015341634403641651
14 5 -0.013584957809753778
14 6 -0.011815776599582458
14 7 -0.010034090773127675
14 8 -0.008239900330389441
14 9 -0.006433205271367758
14 10 -0.004614005596062617
14 11 -0.002782301304474012
14 12 -0.0009380923966019643
14 13 0.0009186211275535392
14 14 0.0027878392679924952
14 15 0.004669562024714912
14 16 0.006563789397720777
14 17 0.008470521387010104
14 18 0.010389757992582878
14 19 0.01232149921443911
14 20 0.014265745052578794
14 21 0.016222495507001937
14 22 0.018191750577708537
14 23 0.020173510264698578
14 24 0.022167774567972094
14 25 0.02417454348752904
15 1 -0.024871435627796874
15 2 -0.022788056793670193
15 3 -0.020687376896439527
15 4 -0.01856939593610488
15 5 -0.016434113912666234
15 6 -0.01428153082612361
15 7 -0.012111646676477005
15 8 -0.00992446146372642
15 9 -0.007719975187871844
15 10 -0.005498187848913277
15 11 -0.0032590994468507327
15 12 -0.0010027099816841945
15 13 0.0012709805465863206
15 14 0.003561972137960824
15 15 0.005870264792439316
15 16 0.008195858510021782
15 17 0.010538753290708242
15 18 0.01289894913449869
15 19 0.015276446041393112
15 20 0.01767124401139153
15 21 0.020083343044493926
15 22 0.022512743140700314
15 23 0.024959444300010677
15 24 0.027423446522425027
15 25 0.029904749807943387
16 1 -0.02966674805210762
16 2 -0.027180311961618787
16 3 -0.024671030532741067
16 4 -0.022138903765474442
16 5 -0.019583931659818914
16 6 -0.01700611421577448
16 7 -0.014405451433341153
16 8 -0.01178194331251893
16 9 -0.009135589853307802
16 10 -0.006466391055707777
16 11 -0.0037743469197188597
16 12 -0.0010594574453410355
16 13 0.0016782773674256905
16 14 0.004438857518581312
16 15 0.007222283008125837
16 16 0.010028553836059254
16 17 0.01285767000238158
16 18 0.015709631507092793
16 19 0.018584438350192915
16 20 0.021482090531681933
16 21 0.024402588051559856
16 22 0.02734593090982667
16 23 0.030312119106482384
16 24 0.03330115264152699
16 25 0.03631303151496051
17 1 -0.0343299588243916
17 2 -0.031451440956770334
17 3 -0.02854448042235432
17 4 -0.025609077221143584
17 5 -0.02264523135313809
17 6 -0.01965294281833786
17 7 -0.01663221161674289
17 8 -0.013583037748353186
17 9 -0.010505421213168734
17 10 -0.007399362011189545
17 11 -0.0042648601424156145
17 12 -0.0011019156068469507
17 13 0.0020894715955164585
17 14 0.005309301464674601
17 15 0.008557574000627495
17 16 0.011834289203375117
17 17 0.015139447072917488
17 18 0.0184730476092546
17 19 0.02183509081238645
17 20 0.02522557668231303
17 21 0.028644505219034364
17 22 0.03209187642255043
17 23 0.035567690292861234
17 24 0.039071946829966786
17 25 0.042604646033867065
18 1 -0.0395837730312525
18 2 -0.036263380825890985
18 3 -0.03290802303422773
18 4 -0.029517699656262747
18 5 -0.026092410691995988
18 6 -0.022632156141427492
18 7 -0.019136936004557244
18 8 -0.01560675028138524
18 9 -0.012041598971911512
18 10 -0.00844148207613601
18 11 -0.004806399594058787
18 12 -0.0011363515256797893
18 13 0.0025686621290009425
18 14 0.006308641369983426
18 15 0.010083586197267656
18 16 0.013893496610853632
18 17 0.017738372610741352
18 18 0.02161821419693083
18 19 0.02553302136942205
18 20 0.029482794128215015
18 21 0.03346753247330974
18 22 0.0374872364047062
18 23 0.04154190592240441
18 24 0.04563154102640436
18 25 0.04975614171670608
19 1 -0.044736867531074496
19 2 -0.04098294344180604
19 3 -0.03718744906923362
19 4 -0.03335038441335728
19 5 -0.029471749474176967
19 6 -0.02555154425169271
19 7 -0.02158976874590449
19 8 -0.01758642295681232
19 9 -0.013541506884416195
19 10 -0.009455020528716123
19 11 -0.005326963889712105
19 12 -0.0011573369674041253
19 13 0.0030538602382078053
19 14 0.007306627727123683
19 15 0.011600965499343512
19 16 0.015936873554867302
19 17 0.02031435189369505
19 18 0.024733400515826738
19 19 0.029194019421262388
19 20 0.03369620861000198
19 21 0.03823996808204554
19 22 0.042825297837393035
19 23 0.04745219787604448
19 24 0.05212066819799989
19 25 0.056830708803259244
20 1 -0.04946021356586218
20 2 -0.045308804902821596
20 3 -0.041109599043938655
20 4 -0.036862595989213376
20 5 -0.03256779573864571
20 6 -0.02822519829223568
20 7 -0.023834803649983295
20 8 -0.019396611811888533
20 9 -0.01491062277795144
20 10 -0.01037683654817196
20 11 -0.005795253122550111
20 12 -0.0011658725010859168
20 13 0.0035113053162206444
20 14 0.008236280329369561
20 15 0.01300905253836086
20 16 0.017829621943194505
20 17 0.022697988543870527
20 18 0.027614152340388894
20 19 0.03257811333274964
20 20 0.03758987152095274
20 21 0.042649426904998206
20 22 0.04775677948488605
20 23 0.05291192926061622
20 24 0.05811487623218879
20 25 0.06336562039960368
21 1 -0.054307299721048016
21 2 -0.049747886861041306
21 3 -0.045134115509009226
21 4 -0.04046598566495182
21 5 -0.035743497328869084
21 6 -0.03096665050076101
21 7 -0.026135445180627603
21 8 -0.02124988136846883
21 9 -0.016309959064284733
21 10 -0.011315678268075302
21 11 -0.006267038979840505
21 12 -0.0011640411995803997
21 13 0.003993315072705064
21 14 0.009205029837015861
21 15 0.014471103093351997
21 16 0.019791534841713487
21 17 0.025166325082100316
21 18 0.030595473814512476
21 19 0.03607898103894996
21 20 0.041616846755412794
21 21 0.04720907096390098
21 22 0.05285565366441451
21 23 0.05855659485695335
21 24 0.06431189454151756
21 25 0.07012155271810708
22 1 -0.058927894124941656
22 2 -0.053979438940834665
22 3 -0.04897020476644227
22 4 -0.043900191601764504
22 5 -0.038769399446801286
22 6 -0.03357782830155269
22 7 -0.02832547816601869
22 8 -0.023012349040199255
22 9 -0.01763844092409445
22 10 -0.012203753817704225
22 11 -0.006708287721028582
22 12 -0.0011520426340675474
22 13 0.004464981443178889
22 14 0.010142784510710736
22 15 0.01588136656852799
22 16 0.021680727616630657
22 17 0.027540867655018713
22 18 0.03346178668369219
22 19 0.039443484702651084
22 20 0.04548596171189537
22 21 0.05158921771142504
22 22 0.05775325270124012
22 23 0.06397806668134065
22 24 0.07026365965172653
22 25 0.07661003161239785
23 1 -0.06370771696784339
23 2 -0.058356700573065086
23 3 -0.05293808292426328
23 4 -0.047451864021438014
23 5 -0.04189804386458928
23 6 -0.036276622453717086
23 7 -0.03058759978882139
23 8 -0.024830975869902225
23 9 -0.019006750696959604
23 10 -0.013114924269993484
23 11 -0.0071554965890039054
23 12 -0.0011284676539908569
23 13 0.004966162535045668
23 14 0.011128393978105678
23 15 0.01735822667518914
23 16 0.023655660626296114
23 17 0.03002069583142653
23 18 0.03645333229058043
23 19 0.04295357000375781
23 20 0.049521408970958664
23 21 0.056156849192182993
23 22 0.06285989066743078
23 23 0.06963053339670203
23 24 0.0764687773799968
23 25 0.08337462261731503
24 1 -0.06838419272436777
24 2 -0.06263919786120069
24 3 -0.05681973201858286
24 4 -0.050925795196514294
24 5 -0.044957387394995
24 6 -0.038914508614024984
24 7 -0.03279715885360424
24 8 -0.02660533811373276
24 9 -0.020339046394410552
24 10 -0.013998283695637609
24 11 -0.007583050017413929
24 12 -0.0010933453597395172
24 13 0.005470830277385602
24 14 0.012109476893961458
24 15 0.018822594489988062
24 16 0.0256101830654654
24 17 0.03247224262039344
24 18 0.039408773154772224
24 19 0.04641977466860174
24 20 0.05350524716188199
24 21 0.06066519063461297
24 22 0.06789960508679468
24 23 0.07520849051842712
24 24 0.08259184692951026
24 25 0.09004967432004418
25 1 -0.07274223794032858
25 2 -0.06662996825829322
25 3 -0.06043662765029055
25 4 -0.05416221611632061
25 5 -0.047806733656383424
25 6 -0.04137018027047891
25 7 -0.03485255595860714
25 8 -0.02825386072076812
25 9 -0.021574094556961798
25 10 -0.014813257467188201
25 11 -0.007971349451447347
25 12 -0.00104837050973921
25 13 0.0059556793579361895
25 14 0.013040800151578881
25 15 0.020206991871188837
25 16 0.02745425451676608
25 17 0.0347825880883106
25 18 0.042191992585822374
25 19 0.04968246800930142
25 20 0.05725401435874775
25 21 0.0649066316341614
25 22 0.07264031983554224
25 23 0.08045507896289042
25 24 0.08835090901620582
25 25 0.09632780999548855
26 1 -0.07691482927484256
26 2 -0.07045078150693374
26 3 -0.06389913079305298
26 4 -0.05725987713320034
26 5 -0.050533020527375724
26 6 -0.04371856097557926
26 7 -0.036816498477810884
26 8 -0.029826833034070573
26 9 -0.022749564644358348
26 10 -0.015584693308674204
26 11 -0.008332219027018173
26 12 -0.0009921417993901894
26 13 0.006435538374209679
26 14 0.013950821493781468
26 15 0.021553707559325157
26 16 0.029244196570840778
26 17 0.03702228852832829
26 18 0.04488798343178774
26 19 0.05284128128121909
26 20 0.06088218207662235
26 21 0.0690106858179975
26 22 0.0772267925053446
26 23 0.08553050213866357
26 24 0.09392181471795454
26 25 0.10240073024321733
27 1 -0.08076389709950697
27 2 -0.07397520329884615
27 3 -0.0670926507263378
27 4 -0.06011623938198193
27 5 -0.05304596926577853
27 6 -0.04588184037772763
27 7 -0.03862385271782918
27 8 -0.03127200628608322
27 9 -0.0238263010824897
27 10 -0.016286737107048692
27 11 -0.008653314359760142
27 12 -0.0009260328406240849
27 13 0.006895107450359535
27 14 0.014810106513190669
27 15 0.022818964347869307
27 16 0.030921680954395497
27 17 0.039118256332769184
27 18 0.047408690482990415
27 19 0.05579298340505919
27 20 0.06427113509897547
27 21 0.07284314556473928
27 22 0.08150901480235061
27 23 0.09026874281180947
27 24 0.09912232959311584
27 25 0.10806977514626975
28 1 -0.08443016760845329
28 2 -0.07733207600140374
28 3 -0.07013389410348177
28 4 -0.0628356219146873
28 5 -0.05543725943502037
28 6 -0.04793880666448094
28 7 -0.040340263603069075
28 8 -0.032641630250784724
28 9 -0.02484290660762794
28 10 -0.01694409267359862
28 11 -0.008945188448696875
28 12 -0.0008461939329226583
28 13 0.007352890873724024
28 14 0.01565206597124318
28 15 0.024051331359634814
28 16 0.03255068703889892
28 17 0.041150133009035486
28 18 0.04984966927004449
28 19 0.05864929582192602
28 20 0.06754901266468
28 21 0.07654881979830641
28 22 0.08564871722280532
28 23 0.09484870493817668
28 24 0.10414878294442055
28 25 0.11354895124153687
29 1 -0.0875764661084524
29 2 -0.08021266852926495
29 3 -0.07274312936799449
29 4 -0.0651678486246409
29 5 -0.057486826299204236
29 6 -0.049700062391684514
29 7 -0.04180755690208172
29 8 -0.03380930983039587
29 9 -0.025705321176626904
29 10 -0.017495590940774897
29 11 -0.009180119122839805
29 12 -0.0007589057228216416
29 13 0.007768049259279598
29 14 0.016400745823463903
29 15 0.025139183969731284
29 16 0.03398336369808174
29 17 0.04293328500851525
29 18 0.05198894790103187
29 19 0.06115035237563153
29 20 0.0704174984323143
29 21 0.07979038607108012
29 22 0.08926901529192902
29 23 0.09885338609486097
29 24 0.108543498479876
29 25 0.1183393524469741
30 1 -0.09006483487891759
30 2 -0.08249070148401899
30 3 -0.0748060478558279
30 4 -0.06701087399434434
30 5 -0.05910517989956839
30 6 -0.05108896557149993
30 7 -0.04296223101013907
30 8 -0.03472497621548572
30 9 -0.02637720118753994
30 10 -0.017918905926301704
30 11 -0.00935009043177101
30 12 -0.0006707547039478603
30 13 0.008119101257167726
30 14 0.017019477451575785
30 15 0.026030373879276293
30 16 0.035151790540269234
30 17 0.04438372743455463
30 18 0.05372618456213248
30 19 0.06317916192300278
30 20 0.07274265951716555
30 21 0.08241667734462077
30 22 0.09220121540536842
30 23 0.10209627369940857
30 24 0.11210185222674113
30 25 0.12221795098736613
31 1 -0.0921367087865347
31 2 -0.08438722089948654
31 3 -0.07652287379017023
31 4 -0.06854366745858582
31 5 -0.060449601904733266
31 6 -0.05224067712861261
31 7 -0.04391689313022383
31 8 -0.0354782499095669
31 9 -0.02692474746664186
31 10 -0.018256385801448647
31 11 -0.00947316491398734
31 12 -0.0005750848042579118
31 13 0.008437854527739637
31 14 0.017565653082005316
31 15 0.026808310858539148
31 16 0.03616582785734108
31 17 0.04563820407841115
31 18 0.055225439521749346
31 19 0.06492753418735567
31 20 0.07474448807523013
31 21 0.0846763011853727
31 22 0.09472297351778343
31 23 0.10488450507246226
31 24 0.1151608958494092
31 25 0.12555214584862429
32 1 -0.09372522770922893
32 2 -0.08584101621536452
32 3 -0.0778381714134164
32 4 -0.06971669330338454
32 5 -0.061476581885268874
32 6 -0.05311783715906942
32 7 -0.044640459124786265
32 8 -0.0360444477824193
32 9 -0.027329803131968623
32 10 -0.018496525173434183
32 11 -0.00954461390681597
32 12 -0.00047406933211403243
32 13 0.008715108550671702
32 14 0.018022919741541178
32 15 0.027449364240494416
32 16 0.03699444204753142
32 17 0.04665815316265216
32 18 0.05644049758585666
32 19 0.0663414753171449
32 20 0.07636108635651694
32 21 0.08649933070397267
32 22 0.09675620835951228
32 23 0.10713171932313552
32 24 0.11762586359484258
32 25 0.12823864117463338
33 1 -0.09477469870686392
33 2 -0.08680113394824776
33 3 -0.07870588489400598
33 4 -0.07048895154413853
33 5 -0.06215033389864543
33 6 -0.05369003195752662
33 7 -0.04510804572078216
33 8 -0.036404375188412025
33 9 -0.027579020360416224
33 10 -0.018631981236794784
33 11 -0.00956325781754766
33 12 -0.00037285010267487705
33 13 0.008939241907823595
33 14 0.018373018213947725
33 15 0.027928478815697506
33 16 0.03760562371307298
33 17 0.04740445290607411
33 18 0.057324966394700895
33 19 0.06736716417895336
33 20 0.07753104625883146
33 21 0.08781661263433531
33 22 0.09822386330546475
33 23 0.10875279827221987
33 24 0.11940341753460067
33 25 0.13017572109260708
34 1 -0.09534615990924097
34 2 -0.08732341859393931
34 3 -0.0791764928367787
34 4 -0.07090538263775914
34 5 -0.06251008799688051
34 6 -0.05399060891414294
34 7 -0.045346945389546416
34 8 -0.03657909742309082
34 9 -0.02768706501477629
34 10 -0.018670848164602766
34 11 -0.009530446872570276
34 12 -0.0002658611386787675
34 13 0.009122909037071721
34 14 0.018635863654681194
34 15 0.02827300271414965
34 16 0.0380343262154771
34 17 0.04791983415866352
34 18 0.057929526543708934
34 19 0.06806340337061334
34 20 0.07832146463937673
34 21 0.08870371034999912
34 22 0.0992101405024805
34 23 0.10984075509682084
34 24 0.12059555413302016
34 25 0.13147453761107852
35 1 -0.09538531491581423
35 2 -0.08735814928748535
35 3 -0.0792049316571369
35 4 -0.07092566202476894
35 5 -0.06252034039038136
35 6 -0.053988966753974264
35 7 -0.04533154111554758
35 8 -0.036548063475101394
35 9 -0.02763853383263558
35 10 -0.01860295218815023
35 11 -0.009441318541645326
35 12 -0.00015363289312088932
35 13 0.009260104757423159
35 14 0.01879989440998675
35 15 0.02846573606456989
35 16 0.038257629721172595
35 17 0.04817557537979485
35 18 0.05821957304043667
35 19 0.06838962270309804
35 20 0.07868572436777899
35 21 0.08910787803447953
35 22 0.09965608370319962
35 23 0.11033034137393918
35 24 0.12113065104669836
35 25 0.13205701272147707
36 1 -0.09495301542838583
36 2 -0.08696123798719321
36 3 -0.07884238459488416
36 4 -0.0705964552514587
36 5 -0.062223449956916775
36 6 -0.053723368711258386
36 7 -0.045096211514483564
36 8 -0.03634197836659231
36 9 -0.02746066926758459
36 10 -0.01845228421746042
36 11 -0.009316823216219836
36 12 -0.00005428626386277182
36 13 0.009335326639610736
36 14 0.01885201549420069
36 15 0.028495780299907073
36 16 0.03826662105672992
36 17 0.04816453776466921
36 18 0.058189530423724926
36 19 0.06834159903389714
36 20 0.07862074359518575
36 21 0.08902696410759085
36 22 0.09956026057111235
36 23 0.11022063298575029
36 24 0.12100808135150476
36 25 0.13192260566837558
37 1 -0.09394943083848535
37 2 -0.08604101209490599
37 3 -0.07800507783555216
37 4 -0.06984162806042389
37 5 -0.061550662769521085
37 6 -0.05313218196284383
37 7 -0.044586185640392115
37 8 -0.0359126738021659
37 9 -0.027111646448165227
37 10 -0.018183103578390064
37 11 -0.009127045192840428
37 12 0.00005652870848369589
37 13 0.00936761812558229
37 14 0.01880622305845536
37 15 0.02837234350710291
37 16 0.03806597947152494
37 17 0.047887130951721465
37 18 0.05783579794769244
37 19 0.06791198045943793
37 20 0.07811567848695783
37 21 0.08844689203025227
37 22 0.09890562108932115
37 23 0.10949186566416456
37 24 0.12020562575478236
37 25 0.13104690136117472
38 1 -0.09244626899411597
38 2 -0.08466330288813595
38 3 -0.07675312541601369
38 4 -0.0687157365777492
38 5 -0.06055113637334236
38 6 -0.052259324802793314
38 7 -0.043840301866101966
38 8 -0.03529406756326839
38 9 -0.026620621894292484
38 10 -0.017819964859174343
38 11 -0.008892096457913919
38 12 0.0001629833094887886
38 13 0.009345274443033754
38 14 0.018654776942720993
38 15 0.02809149080855051
38 16 0.03765541604052228
38 17 0.04734655263863632
38 18 0.05716490060289266
38 19 0.06711045993329127
38 20 0.07718323062983212
38 21 0.08738321269251526
38 22 0.09771040612134066
38 23 0.10816481091630833
38 24 0.11874642707741828
38 25 0.1294552546046705
39 1 -0.09055980324217107
39 2 -0.08293463809799827
39 3 -0.07518321912898335
39 4 -0.06730554633512623
39 5 -0.059301619716427036
39 6 -0.05117143927288567
39 7 -0.042915005004502196
39 8 -0.034532316911276575
39 9 -0.02602337499320882
39 10 -0.017388179250298928
39 11 -0.008626729682546923
39 12 0.00026097371004723364
39 13 0.009274930927483521
39 14 0.018415141969761954
39 15 0.0276816068368825
39 16 0.03707432552884518
39 17 0.04659329804565001
39 18 0.05623852438729696
39 19 0.06601000455378606
39 20 0.07590773854511726
39 21 0.08593172636129061
39 22 0.09608196800230612
39 23 0.10635846346816372
39 24 0.11676121275886348
39 25 0.12729021587440537
40 1 -0.08805901781261857
40 2 -0.08064333390803066
40 3 -0.07310313678064076
40 4 -0.06543842643044884
40 5 -0.05764920285745492
40 6 -0.049735466061659024
40 7 -0.041697216043061106
40 8 -0.03353445280166119
40 9 -0.025247176337459275
40 10 -0.01683538665045537
40 11 -0.008299083740649438
40 12 0.0003617323919584776
40 13 0.009147061747368401
40 14 0.018056904325580315
40 15 0.027091260126594248
40 16 0.03625012915041017
40 17 0.0455335113970281
40 18 0.054941406866448016
40 19 0.06447381555866995
40 20 0.07413073747369386
40 21 0.08391217261151983
40 22 0.09381812097214776
40 23 0.10384858255557768
40 24 0.11400355736180959
40 25 0.12428304539084352
41 1 -0.08511858649302334
41 2 -0.07794945383228977
41 3 -0.07065824457879773
41 4 -0.06324495873254736
41 5 -0.05570959629353856
41 6 -0.04805215726177137
41 7 -0.040272641637245754
41 8 -0.03237104941996173
41 9 -0.02434738060991934
41 10 -0.01620163520711855
41 11 -0.00793381321155936
41 12 0.00045608537675823643
41 13 0.008968060557834227
41 14 0.01760211233166862
41 15 0.0263582406982614
41 16 0.03523644565761261
41 17 0.04423672720972221
41 18 0.05335908535459017
41 19 0.06260352009221658
41 20 0.07197003142260137
41 21 0.08145861934574455
41 22 0.09106928386164616
41 23 0.10080202497030613
41 24 0.11065684267172451
41 25 0.12063373696590135
42 1 -0.08183896806328876
42 2 -0.07494502359570245
42 3 -0.06793203631630082
42 4 -0.06080000622508396
42 5 -0.05354893332205178
42 6 -0.04617881760720434
42 7 -0.038689659080541616
42 8 -0.031081457742063646
42 9 -0.02335421359177037
42 10 -0.015507926629661817
42 11 -0.007542596855737985
42 12 0.000541775730001114
42 13 0.008745191127555516
42 14 0.017067649336925172
42 15 0.025509150358110116
42 16 0.03406969419111035
42 17 0.04274928083592582
42 18 0.051547910292556606
42 19 0.06046558256100268
42 20 0.06950229764126399
42 21 0.0786580555333406
42 22 0.08793285623723252
42 23 0.09732669975293967
42 24 0.1068395860804621
42 25 0.11647151521979984
43 1 -0.07801002257311258
43 2 -0.07143754168927105
43 3 -0.06474985278822833
43 4 -0.057946955869984336
43 5 -0.05102885093453908
43 6 -0.043995537981892596
43 7 -0.03684701701204488
43 8 -0.029583288024995887
43 9 -0.022204351020745652
43 10 -0.014710205999294205
43 11 -0.007100852960641471
43 12 0.0006237080952125082
43 13 0.008463477168267711
43 14 0.016418454258524177
43 15 0.024488639365981876
43 16 0.03267403249064084
43 17 0.04097463363250101
43 18 0.049390442791562475
43 19 0.057921459967825176
43 20 0.06656768516128912
43 21 0.07532911837195432
43 22 0.08420575959982071
43 23 0.0931976088448884
43 24 0.10230466610715734
43 25 0.11152693138662755
44 1 -0.07399640191022747
44 2 -0.06776104641568152
44 3 -0.06141475541592848
44 4 -0.05495752891096839
44 5 -0.048389366900801194
44 6 -0.041710269385426914
44 7 -0.03492023636484552
44 8 -0.02801926783905706
44 9 -0.021007363808061515
44 10 -0.013884524271858854
44 11 -0.006650749230449129
44 12 0.0006939613161676817
44 13 0.008149607367991585
44 14 0.015716188925022575
44 15 0.02339370598726066
44 16 0.031182158554705824
44 17 0.039081546627358084
44 18 0.04709187020521743
44 19 0.055213129288283855
44 20 0.06344532387655741
44 21 0.071788453970038
44 22 0.08024251956872572
44 23 0.08880752067262046
44 24 0.09748345728172236
44 25 0.10627032939603132
45 1 -0.06977005027237096
45 2 -0.06388982606018957
45 3 -0.05790338638740439
45 4 -0.051810731254015446
45 5 -0.04561186066002269
45 6 -0.03930677460542616
45 7 -0.032895473090225835
45 8 -0.026377956114421734
45 9 -0.019754223678013848
45 10 -0.013024275781002162
45 11 -0.0061881124233867
45 12 0.0007542663948325632
45 13 0.007802860673655602
45 14 0.014957670413082437
45 15 0.022218695613113057
45 16 0.029585936273747462
45 17 0.03705939239498566
45 18 0.044639063976827646
45 19 0.0523249510192734
45 20 0.06011705352232297
45 21 0.06801537148597632
45 22 0.07601990491023346
45 23 0.08413065379509438
45 24 0.09234761814055908
45 25 0.10067079794662755
46 1 -0.06516100043513341
46 2 -0.059668198441374415
46 3 -0.05407454330787894
46 4 -0.048380035034646995
46 5 -0.042584673621678615
46 6 -0.036688459068973736
46 7 -0.030691391376532408
46 8 -0.02459347054435462
46 9 -0.01839469657244037
46 10 -0.01209506946078962
46 11 -0.005694589209402438
46 12 0.0008067441817212266
46 13 0.007408930712581344
46 14 0.014111970383177928
46 15 0.020915863193511
46 16 0.027820609143580508
46 17 0.0348262082333865
46 18 0.04193266046292895
46 19 0.049139965832207866
46 20 0.05644812434122326
46 21 0.06385713598997511
46 22 0.07136700077846345
46 23 0.0789777187066882
46 24 0.08668928977464944
46 25 0.09450171398234718
47 1 -0.060362381799552944
47 2 -0.05527306490216424
47 3 -0.05008868408165075
47 4 -0.04480923933801249
47 5 -0.03943473067124943
47 6 -0.033965158081361545
47 7 -0.028400521568348935
47 8 -0.0227408211322115
47 9 -0.016986056772949305
47 10 -0.011136228490562304
47 11 -0.005191336285050526
47 12 0.0008486198435860508
47 13 0.006983639895347402
47 14 0.013213723870233552
47 15 0.01953887176824448
47 16 0.025959083589380188
47 17 0.032474359333640714
47 18 0.03908469900102598
47 19 0.04579010259153606
47 20 0.052590570105170924
47 21 0.059486101541930576
47 22 0.06647669690181501
47 23 0.07356235618482422
47 24 0.08074307939095822
47 25 0.08801886652021702
48 1 -0.055530097216822075
48 2 -0.05084721520052411
48 3 -0.046075290498926016
48 4 -0.04121432311202777
48 5 -0.036264313039829396
48 6 -0.03122526028233085
48 7 -0.02609716483953217
48 8 -0.020880026711433353
48 9 -0.015573845898034396
48 10 -0.010178622399335285
48 11 -0.004694356215336052
48 12 0.0008789526539633399
48 13 0.006541304208562862
48 14 0.012292698448462527
48 15 0.018133135373662342
48 16 0.0240626149841623
48 17 0.0300811372799624
48 18 0.036188702261062626
48 19 0.04238530992746299
48 20 0.04867096027916353
48 21 0.055045653316164185
48 22 0.061509389038465
48 23 0.06806216744606594
48 24 0.07470398853896702
48 25 0.08143485231716824
49 1 -0.05029718663317462
49 2 -0.04605456102939869
49 3 -0.04172961512742605
49 4 -0.037322348927256645
49 5 -0.03283276242889048
49 6 -0.02826085563232758
49 7 -0.023606628537567936
49 8 -0.018870081144611542
49 9 -0.014051213453458394
49 10 -0.009150025464108496
49 11 -0.004166517176561864
49 12 0.0008993114091815305
49 13 0.006047460293121673
49 14 0.011277929475258562
49 15 0.016590718955592193
49 16 0.021985828734122567
49 17 0.027463258810849697
49 18 0.03302300918577356
49 19 0.03866507985889419
49 20 0.04438947083021157
49 21 0.05019618209972569
49 22 0.05608521366743657
49 23 0.06205656553334417
49 24 0.06811023769744856
49 25 0.07424623015974967
50 1 -0.04553024919394593
50 2 -0.04168878642481911
50 3 -0.037771303667847755
50 4 -0.03377780092303189
50 5 -0.02970827819037153
50 6 -0.025562735469866635
50 7 -0.021341172761517237
50 8 -0.017043590065323324
50 9 -0.012669987381284891
50 10 -0.00822036470940196
50 11 -0.003694722049674488
50 12 0.0009069405978974711
50 13 0.0055846232333139545
50 14 0.010338325856574942
50 15 0.015168048467680462
50 16 0.020073791066630486
50 17 0.02505555365342503
50 18 0.030113336228064076
50 19 0.03524713879054764
50 20 0.04045696134087571
50 21 0.04574280387904832
50 22 0.051104666405065426
50 23 0.05654254891892704
50 24 0.06205645142063316
50 25 0.06764637391018381
51 1 -0.04054629811304809
51 2 -0.03712437275585871
51 3 -0.03363319422109471
51 4 -0.030072762508756155
51 5 -0.026443077618842997
51 6 -0.02274413955135526
51 7 -0.018975948306292952
51 8 -0.015138503883656049
51 9 -0.011231806283444563
51 10 -0.007255855505658502
51 11 -0.003210651550297851
51 12 0.0009038055826373891
51 13 0.005087515893147203
51 14 0.00934047938123161
51 15 0.013662696046890587
51 16 0.018054165890124166
51 17 0.02251488891093231
51 18 0.027044865109315044
51 19 0.03164409448527236
51 20 0.03631257703880427
51 21 0.041050312769910766
51 22 0.04585730167859184
51 23 0.05073354376484748
51 24 0.05567903902867774
51 25 0.06069378747008254
52 1 -0.036032364059916076
52 2 -0.03299051272067077
52 3 -0.02988570015243952
52 4 -0.026717926355222302
52 5 -0.023487191329019132
52 6 -0.020193495073830003
52 7 -0.016836837589654916
52 8 -0.013417218876493883
52 9 -0.00993463893434688
52 10 -0.006389097763213921
52 11 -0.0027805953630950183
52 12 0.0008908682660098444
52 13 0.004625293124100661
52 14 0.00842267921117743
52 15 0.012283026527240165
52 16 0.016206335072288854
52 17 0.020192604846323507
52 18 0.0242418358493441
52 19 0.02835402808135065
52 20 0.03252918154234317
52 21 0.03676729623232164
52 22 0.04106837215128605
52 23 0.04543240929923645
52 24 0.049859407676172786
52 25 0.054349367282095065
53 1 -0.03143955719488291
53 2 -0.028784526272013597
53 3 -0.026073105325623534
53 4 -0.023305294355712766
53 5 -0.020481093362281235
53 6 -0.017600502345328964
53 7 -0.014663521304855966
53 8 -0.011670150240862215
53 9 -0.008620389153347736
53 10 -0.0055142380423125175
53 11 -0.0023516969077565517
53 12 0.0008672342503201453
53 13 0.004142555431917583
53 14 0.007474266637035759
53 15 0.010862367865674676
53 16 0.014306859117834334
53 17 0.017807740393514734
53 18 0.021365011692715867
53 19 0.024978673015437734
53 20 0.028648724361680356
53 21 0.03237516573144371
53 22 0.036157997124727795
53 23 0.039997218541532625
53 24 0.0438928299818582
53 25 0.04784483144570451
54 1 -0.026595859773212147
54 2 -0.02434890671612105
54 3 -0.022052697494393897
54 4 -0.019707232108030687
54 5 -0.01731251055703143
54 6 -0.014868532841396108
54 7 -0.012375298961124744
54 8 -0.00983280891621732
54 9 -0.00724106270667384
54 10 -0.004600060332494312
54 11 -0.00190980179367873
54 12 0.0008297129097729137
54 13 0.003618483777860603
54 14 0.006456510810584352
54 15 0.009343794007944146
54 16 0.012280333369940003
54 17 0.015266128896571907
54 18 0.018301180587839867
54 19 0.021385488443743883
54 20 0.02451905246428395
54 21 0.027701872649460075
54 22 0.030933948999272258
54 23 0.03421528151372048
54 24 0.03754587019280475
54 25 0.040925715036525104
55 1 -0.02225387236228573
55 2 -0.02037285507415506
55 3 -0.01844918012331167
55 4 -0.016482847509755563
55 5 -0.014473857233486749
55 6 -0.01242220929450521
55 7 -0.01032790369281096
55 8 -0.008190940428403994
55 9 -0.006011319501284304
55 10 -0.0037890409114519127
55 11 -0.0015241046589067964
55 12 0.0007834892563510336
55 13 0.00313374083432158
55 14 0.00552665007500484
55 15 0.007962216978400816
55 16 0.010440441544509514
55 17 0.01296132377333092
55 18 0.015524863664865043
55 19 0.01813106121911189
55 20 0.020779916436071445
55 21 0.02347142931574372
55 22 0.02620559985812871
55 23 0.028982428063226408
55 24 0.031801913931036825
55 25 0.03466405746155997
56 1 -0.018274730789634076
56 2 -0.016729194730522323
56 3 -0.015147249948699605
56 4 -0.013528896444165916
56 5 -0.011874134216921267
56 6 -0.01018296326696565
56 7 -0.008455383594299074
56 8 -0.006691395198921535
56 9 -0.004890998080833024
56 10 -0.0030541922400335493
56 11 -0.0011809776765231113
56 12 0.0007286456096982877
56 13 0.0026746776186306583
56 14 0.004657118350273989
56 15 0.006675967804628287
56 16 0.008731225981693545
56 17 0.010822892881469771
56 18 0.012950968503956967
56 19 0.015115452849155121
56 20 0.01731634591706424
56 21 0.01955364770768433
56 22 0.021827358221015395
56 23 0.024137477457057382
56 24 0.026484005415810374
56 25 0.028866942097274313
57 1 -0.014329123213011902
57 2 -0.013116389603669003
57 3 -0.01187368229432653
57 4 -0.01060100128498449
57 5 -0.00929834657564288
57 6 -0.007965718166301703
57 7 -0.006603116056960965
57 8 -0.005210540247620656
57 9 -0.003787990738280779
57 10 -0.0023354675289413355
57 11 -0.0008529706196023291
57 12 0.0006594999897362507
57 13 0.0022019442990743976
57 14 0.003774362308412111
57 15 0.0053767540177493914
57 16 0.0070091194270862365
57 17 0.008671458536422648
57 18 0.010363771345758638
57 19 0.012086057855094184
57 20 0.0138383180644293
57 21 0.015620551973763983
57 22 0.017432759583098232
57 23 0.01927494089243204
57 24 0.021147095901765438
57 25 0.023049224611098387
58 1 -0.010895705091032822
58 2 -0.009972731509233676
58 3 -0.009025640414902036
58 4 -0.00805443180803789
58 5 -0.00705910568864124
58 6 -0.006039662056712097
58 7 -0.004996100912250451
58 8 -0.003928422255256303
58 9 -0.002836626085729657
58 10 -0.0017207124036705127
58 11 -0.0005806812090788687
58 12 0.0005834674980452757
58 13 0.0017717337177019237
58 14 0.002984117449891069
58 15 0.004220618694612713
58 16 0.00548123745186686
58 17 0.006765973721653502
58 18 0.008074827503972648
58 19 0.009407798798824292
58 20 0.010764887606208444
58 21 0.012146093926125081
58 22 0.013551417758574227
58 23 0.014980859103555871
58 24 0.01643441796107002
58 25 0.017912094331116665
59 1 -0.008022658870198696
59 2 -0.007342314771083616
59 3 -0.0066430132564429464
59 4 -0.005924754326276691
59 5 -0.005187537980584849
59 6 -0.004431364219367419
59 7 -0.0036562330426244084
59 8 -0.0028621444503558117
59 9 -0.0020490984425616293
59 10 -0.001217095019241858
59 11 -0.0003661341803965043
59 12 0.0005037840739744383
59 13 0.001392659743870962
59 14 0.0023004928292930733
59 15 0.00322728333024077
59 16 0.004173031246714052
59 17 0.005137736578712918
59 18 0.006121399326237375
59 19 0.0071240194892874115
59 20 0.008145597067863037
59 21 0.009186132061964244
59 22 0.010245624471591042
59 23 0.011324074296743423
59 24 0.01242148153742139
59 25 0.013537846193624938
60 1 -0.005495156862138512
60 2 -0.005028446731141015
60 3 -0.00454761741586348
60 4 -0.004052668916305917
60 5 -0.0035436012324683115
60 6 -0.0030204143643506724
60 7 -0.0024831083119529972
60 8 -0.0019316830752752858
60 9 -0.0013661386543175403
60 10 -0.0007864750490797574
60 11 -0.00019269225956193917
60 12 0.0004152097142359143
60 13 0.0010372308723138046
60 14 0.0016733712146717314
60 15 0.0023236307413096926
60 16 0.00298800945222769
60 17 0.003666507347425723
60 18 0.004359124426903792
60 19 0.005065860690661898
60 20 0.005786716138700038
60 21 0.006521690771018215
60 22 0.007270784587616424
60 23 0.008033997588494674
60 24 0.00881132977365296
60 25 0.009602781143091276
61 1 -0.003426363067813118
61 2 -0.003134734441560143
61 3 -0.0028332993962910955
61 4 -0.0025220579320059727
61 5 -0.002201010048704778
61 6 -0.0018701557463875079
61 7 -0.0015294950250541615
61 8 -0.0011790278847047427
61 9 -0.0008187543253392506
61 10 -0.0004486743469576831
61 11 -0.00006878794956004215
61 12 0.0003209048668536727
61 13 0.0007204041022834622
61 14 0.0011297097567293248
61 15 0.0015488218301912629
61 16 0.001977740322669275
61 17 0.0024164652341633597
61 18 0.002864996564673519
61 19 0.0033233343141997533
61 20 0.0037914784827420608
61 21 0.004269429070300443
61 22 0.004757186076874899
61 23 0.005254749502465429
61 24 0.005762119347072034
61 25 0.006279295610694712
62 1 -0.0017906619925398889
62 2 -0.0016377428938368506
62 3 -0.0014788784235978622
62 4 -0.0013140685818229228
62 5 -0.001143313368512032
62 6 -0.0009666127836651889
62 7 -0.0007839668272823959
62 8 -0.00059537549936365
62 9 -0.00040083879990895465
62 10 -0.00020035672891830674
62 11 6.070713608291306*^-6
62 12 0.00021844352767084161
62 13 0.00043676171326934216
62 14 0.0006610252704037946
62 15 0.0008912341990741982
62 16 0.001127388499280553
62 17 0.0013694881710228587
62 18 0.0016175332143011155
62 19 0.0018715236291153244
62 20 0.0021314594154654832
62 21 0.002397340573351594
62 22 0.0026691671027736555
62 23 0.0029469390037316677
62 24 0.003230656276225634
62 25 0.0035203189202555507
63 1 -0.0007495375608245233
63 2 -0.000685237276031499
63 3 -0.0006179800616446398
63 4 -0.000547765917663947
63 5 -0.0004745948440894196
63 6 -0.00039846684092105825
63 7 -0.00031938190815886255
63 8 -0.0002373400458028331
63 9 -0.00015234125385296923
63 10 -0.00006438553230927145
63 11 0.00002652711882826089
63 12 0.00012039669955962724
63 13 0.00021722320988482776
63 14 0.00031700664980386246
63 15 0.0004197470193167315
63 16 0.0005254443184234344
63 17 0.0006340985471239707
63 18 0.0007457097054183421
63 19 0.0008602777933065476
63 20 0.0009778028107885878
63 21 0.001098284757864461
63 22 0.0012217236345341686
63 23 0.0013481194407977102
63 24 0.0014774721766550858
63 25 0.001609781842106297
64 1 -0.0002268488430206081
64 2 -0.00020739860022652828
64 3 -0.00018707006363477704
64 4 -0.00016586323324535435
64 5 -0.0001437781090582605
64 6 -0.00012081469107349537
64 7 -0.00009697297929105869
64 8 -0.00007225297371095073
64 9 -0.00004665467433317174
64 10 -0.000020178081157721232
64 11 7.1768058154005586*^-6
64 12 0.00003540998658619368
64 13 0.00006452146115465805
64 14 0.00009451122952079368
64 15 0.00012537929168460085
64 16 0.00015712564764607927
64 17 0.0001897502974052289
64 18 0.00022325324096204976
64 19 0.00025763447831654216
64 20 0.0002928940094687058
64 21 0.0003290318344185408
64 22 0.00036604795316604695
64 23 0.00040394236571122456
64 24 0.0004427150720540733
64 25 0.00048236607219459375
65 1 -0.00006711039516667418
65 2 -0.0000616643263098246
65 3 -0.00005645376851764271
65 4 -0.0000514787217901281
65 5 -0.00004673918612728104
65 6 -0.00004223516152910139
65 7 -0.00003796664799558924
65 8 -0.000033933645526744514
65 9 -0.000030136154122567252
65 10 -0.000026574173783057423
65 11 -0.000023247704508215047
65 12 -0.0000201567462980402
65 13 -0.00001730129915253261
65 14 -0.000014681363071692615
65 15 -0.000012296938055519999
65 16 -0.00001014802410401498
65 17 -8.23462121717723*^-6
65 18 -6.556729395007131*^-6
65 19 -5.1143486375044645*^-6
65 20 -3.9074789446692315*^-6
65 21 -2.9361203165010523*^-6
65 22 -2.200272753001011*^-6
65 23 -1.6999362541678066*^-6
65 24 -1.4351108200024148*^-6
65 25 -1.4057964505042935*^-6
66 1 -0.00003981543199138351
66 2 -0.000036985492327217906
66 3 -0.00003494030931195203
66 4 -0.00003367988294558604
66 5 -0.000033204213228119774
66 6 -0.000033513300159553316
66 7 -0.00003460714373988662
66 8 -0.00003648574396911963
66 9 -0.00003914910084725247
66 10 -0.0000425972143742851
66 11 -0.00004683008455021752
66 12 -0.00005184771137504972
66 13 -0.00005765009484878168
66 14 -0.00006423723497141342
66 15 -0.00007160913174294493
66 16 -0.00007976578516337627
66 17 -0.00008870719523270727
66 18 -0.00009843336195093801
66 19 -0.00010894428531806874
66 20 -0.00012023996533409913
66 21 -0.0001323204019990293
66 22 -0.00014518559531285916
66 23 -0.00015883554527558908
66 24 -0.00017327025188721855
66 25 -0.000188489715147748
67 1 -0.000045759161061388076
67 2 -0.00004261283597111036
67 3 -0.00004053900654858696
67 4 -0.00003953767279381787
67 5 -0.000039608834706803186
67 6 -0.00004075249228754282
67 7 -0.00004296864553603678
67 8 -0.000046257294452285106
67 9 -0.000050618439036287776
67 10 -0.000056052079288044796
67 11 -0.00006255821520755616
67 12 -0.00007013684679482182
67 13 -0.00007878797404984185
67 14 -0.00008851159697261629
67 15 -0.00009930771556314501
67 16 -0.00011117632982142814
67 17 -0.00012411743974746552
67 18 -0.00013813104534125733
67 19 -0.0001532171466028033
67 20 -0.00016937574353210387
67 21 -0.0001866068361291586
67 22 -0.00020491042439396776
67 23 -0.00022428650832653123
67 24 -0.000244735087926849
67 25 -0.0002662561631949212
68 1 -0.000057209686825620094
68 2 -0.00005320741852055552
68 3 -0.00005043567995500882
68 4 -0.00004889447112898006
68 5 -0.00004858379204246924
68 6 -0.00004950364269547636
68 7 -0.00005165402308800144
68 8 -0.00005503493322004446
68 9 -0.00005964637309160538
68 10 -0.00006548834270268429
68 11 -0.00007256084205328108
68 12 -0.00008086387114339585
68 13 -0.00009039742997302852
68 14 -0.00010116151854217917
68 15 -0.00011315613685084776
68 16 -0.00012638128489903425
68 17 -0.0001408369626867386
68 18 -0.00015652317021396103
68 19 -0.00017343990748070127
68 20 -0.0001915871744869595
68 21 -0.0002109649712327359
68 22 -0.00023157329771802997
68 23 -0.0002534121539428418
68 24 -0.0002764815399071721
68 25 -0.0003007814556110199
69 1 -0.00006894684336646493
69 2 -0.00006403047059252546
69 3 -0.000060447543565538865
69 4 -0.000058198062285505354
69 5 -0.00005728202675242468
69 6 -0.00005769943696629694
69 7 -0.00005945029292712221
69 8 -0.00006253459463490038
69 9 -0.00006695234208963153
69 10 -0.00007270353529131563
69 11 -0.00007978817423995267
69 12 -0.0000882062589355426
69 13 -0.00009795778937808546
69 14 -0.00010904276556758135
69 15 -0.0001214611875040302
69 16 -0.0001352130551874319
69 17 -0.00015029836861778662
69 18 -0.0001667171277950942
69 19 -0.00018446933271935482
69 20 -0.00020355498339056822
69 21 -0.0002239740798087347
69 22 -0.00024572662197385413
69 23 -0.0002688126098859264
69 24 -0.00029323204354495176
69 25 -0.00031898492295093
70 1 -0.0000776623378281664
70 2 -0.00007205575882159688
70 3 -0.00006784066199310426
70 4 -0.00006501704734268842
70 5 -0.00006358491487034947
70 6 -0.00006354426457608742
70 7 -0.00006489509645990217
70 8 -0.00006763741052179384
70 9 -0.00007177120676176233
70 10 -0.00007729648517980765
70 11 -0.00008421324577592988
70 12 -0.00009252148855012897
70 13 -0.00010222121350240489
70 14 -0.00011331242063275773
70 15 -0.00012579510994118728
70 16 -0.00013966928142769385
70 17 -0.00015493493509227726
70 18 -0.00017159207093493748
70 19 -0.00018964068895567472
70 20 -0.00020908078915448855
70 21 -0.0002299123715313794
70 22 -0.0002521354360863471
70 23 -0.00027574998281939146
70 24 -0.000300756011730513
70 25 -0.00032715352281971125
71 1 -0.00008517086775442048
71 2 -0.00007896408337622648
71 3 -0.00007418980381537661
71 4 -0.00007084802907187073
71 5 -0.00006893875914570895
71 6 -0.00006846199403689114
71 7 -0.0000694177337454174
71 8 -0.00007180597827128769
71 9 -0.000075626727614502
71 10 -0.00008087998177506035
71 11 -0.00008756574075296275
71 12 -0.0000956840045482092
71 13 -0.00010523477316079968
71 14 -0.00011621804659073416
71 15 -0.00012863382483801277
71 16 -0.00014248210790263538
71 17 -0.00015776289578460197
71 18 -0.0001744761884839126
71 19 -0.00019262198600056738
71 20 -0.00021220028833456608
71 21 -0.00023321109548590888
71 22 -0.00025565440745459563
71 23 -0.0002795302242406266
71 24 -0.00030483854584400144
71 25 -0.00033157937226472044
72 1 -0.00009131288281280647
72 2 -0.00008461181072696394
72 3 -0.00007937146675017713
72 4 -0.00007559185088244605
72 5 -0.00007327296312377058
72 6 -0.00007241480347415082
72 7 -0.00007301737193358682
72 8 -0.0000750806685020785
72 9 -0.00007860469317962586
72 10 -0.00008358944596622891
72 11 -0.00009003492686188768
72 12 -0.00009794113586660211
72 13 -0.00010730807298037227
72 14 -0.00011813573820319817
72 15 -0.00013042413153507967
72 16 -0.00014417325297601694
72 17 -0.0001593831025260099
72 18 -0.00017605368018505855
72 19 -0.00019418498595316283
72 20 -0.00021377701983032294
72 21 -0.00023482978181653868
72 22 -0.00025734327191181017
72 23 -0.00028131749011613713
72 24 -0.00030675243642952
72 25 -0.00033364811085195855
73 1 -0.00009619430598222864
73 2 -0.00008909843582760329
73 3 -0.00008348257535431016
73 4 -0.00007934672456234909
73 5 -0.00007669088345172016
73 6 -0.00007551505202242338
73 7 -0.00007581923027445871
73 8 -0.00007760341820782625
73 9 -0.00008086761582252586
73 10 -0.00008561182311855768
73 11 -0.00009183604009592158
73 12 -0.00009954026675461766
73 13 -0.0001087245030946458
73 14 -0.00011938874911600615
73 15 -0.00013153300481869867
73 16 -0.0001451572702027233
73 17 -0.0001602615452680801
73 18 -0.00017684583001476896
73 19 -0.00019491012444278996
73 20 -0.0002144544285521431
73 21 -0.00023547874234282858
73 22 -0.00025798306581484596
73 23 -0.0002819673989681955
73 24 -0.00030743174180287725
73 25 -0.0003343760943188912
74 1 -0.00010047645725274079
74 2 -0.00009303297265559181
74 3 -0.00008708434727038639
74 4 -0.00008263058109712445
74 5 -0.00007967167413580595
74 6 -0.00007820762638643101
74 7 -0.00007823843784899958
74 8 -0.00007976410852351162
74 9 -0.00008278463840996725
74 10 -0.00008730002750836628
74 11 -0.00009331027581870887
74 12 -0.00010081538334099496
74 13 -0.00010981535007522456
74 14 -0.00012031017602139766
74 15 -0.00013229986117951426
74 16 -0.00014578440554957443
74 17 -0.000160763809131578
74 18 -0.00017723807192552513
74 19 -0.00019520719393141577
74 20 -0.00021467117514924997
74 21 -0.00023563001557902762
74 22 -0.00025808371522074877
74 23 -0.00028203227407441343
74 24 -0.0003074756921400216
74 25 -0.00033441396941757327
75 1 -0.0001037756497436545
75 2 -0.00009606369910171371
75 3 -0.00008985701003401823
75 4 -0.00008515558254056792
75 5 -0.000081959416621363
75 6 -0.00008026851227640336
75 7 -0.00008008286950568898
75 8 -0.00008140248830921989
75 9 -0.00008422736868699611
75 10 -0.00008855751063901759
75 11 -0.0000943929141652844
75 12 -0.00010173357926579645
75 13 -0.00011057950594055384
75 14 -0.0001209306941895565
75 15 -0.00013278714401280444
75 16 -0.0001461488554102977
75 17 -0.00016101582838203617
75 18 -0.00017738806292802008
75 19 -0.0001952655590482491
75 20 -0.00021464831674272356
75 21 -0.00023553633601144315
75 22 -0.0002579296168544081
75 23 -0.0002818281592716184
75 24 -0.00030723196326307395
75 25 -0.0003341410288287746
76 1 -0.00010663457997799245
76 2 -0.00009868975311682531
76 3 -0.00009225882287298439
76 4 -0.00008734178924646979
76 5 -0.00008393865223728136
76 6 -0.00008204941184541929
76 7 -0.00008167406807088341
76 8 -0.00008281262091367374
76 9 -0.00008546507037379041
76 10 -0.00008963141645123329
76 11 -0.00009531165914600244
76 12 -0.00010250579845809781
76 13 -0.00011121383438751948
76 14 -0.00012143576693426737
76 15 -0.00013317159609834155
76 16 -0.00014642132187974203
76 17 -0.00016118494427846866
76 18 -0.00017746246329452162
76 19 -0.00019525387892790086
76 20 -0.0002145591911786062
76 21 -0.000235378400046638
76 22 -0.00025771150553199586
76 23 -0.00028155850763468006
76 24 -0.0003069194063546906
76 25 -0.0003337942016920273
77 1 -0.00010912646982622103
77 2 -0.00010097873348949943
77 3 -0.00009435253142521955
77 4 -0.0000892478636333816
77 5 -0.00008566473011398544
77 6 -0.00008360313086703106
77 7 -0.00008306306589251859
77 8 -0.00008404453519044784
77 9 -0.00008654753876081897
77 10 -0.00009057207660363194
77 11 -0.00009611814871888667
77 12 -0.00010318575510658327
77 13 -0.00011177489576672165
77 14 -0.00012188557069930188
77 15 -0.00013351777990432395
77 16 -0.00014667152338178785
77 17 -0.00016134680113169338
77 18 -0.000177543613154041
77 19 -0.00019526195944883027
77 20 -0.00021450184001606143
77 21 -0.0002352632548557344
77 22 -0.0002575462039678493
77 23 -0.0002813506873524059
77 24 -0.00030667670500940435
77 25 -0.0003335242569388446
78 1 -0.00012929270763010578
78 2 -0.00011973617115394797
78 3 -0.00011213813946348142
78 4 -0.00010649861255870616
78 5 -0.00010281759043962222
78 6 -0.0001010950731062295
78 7 -0.00010133106055852819
78 8 -0.00010352555279651815
78 9 -0.00010767854982019941
78 10 -0.00011379005162957194
78 11 -0.00012186005822463575
78 12 -0.0001318885696053909
78 13 -0.0001438755857718373
78 14 -0.00015782110672397508
78 15 -0.00017372513246180407
78 16 -0.00019158766298532442
78 17 -0.00021140869829453608
78 18 -0.0002331882383894389
78 19 -0.0002569262832700331
78 20 -0.0002826228329363186
78 21 -0.0003102778873882954
78 22 -0.00033989144662596347
78 23 -0.0003714635106493229
78 24 -0.0004049940794583736
78 25 -0.0004404831530531156
79 1 -0.00012676952207859966
79 2 -0.00011738872721664784
79 3 -0.00010991091914863659
79 4 -0.00010433609787456587
79 5 -0.00010066426339443575
79 6 -0.00009889541570824617
79 7 -0.0000990295548159972
79 8 -0.0001010666807176888
79 9 -0.00010500679341332091
79 10 -0.00011084989290289365
79 11 -0.00011859597918640692
79 12 -0.00012824505226386078
79 13 -0.00013979711213525523
79 14 -0.00015325215880059023
79 15 -0.00016861019225986585
79 16 -0.000185871212513082
79 17 -0.00020503521956023865
79 18 -0.00022610221340133593
79 19 -0.00024907219403637375
79 20 -0.0002739451614653523
79 21 -0.00030072111568827124
79 22 -0.0003294000567051308
79 23 -0.0003599819845159309
79 24 -0.00039246689912067175
79 25 -0.000426854800519353
80 1 -0.0000944326947078657
80 2 -0.0000873611380205368
80 3 -0.00008157262739265502
80 4 -0.00007706716282422043
80 5 -0.00007384474431523294
80 6 -0.0000719053718656925
80 7 -0.0000712490454755992
80 8 -0.00007187576514495309
80 9 -0.00007378553087375403
80 10 -0.00007697834266200212
80 11 -0.00008145420050969732
80 12 -0.00008721310441683963
80 13 -0.00009425505438342907
80 14 -0.00010258005040946563
80 15 -0.00011218809249494934
80 16 -0.0001230791806398802
80 17 -0.0001352533148442581
80 18 -0.00014871049510808314
80 19 -0.00016345072143135532
80 20 -0.00017947399381407455
80 21 -0.000196780312256241
80 22 -0.00021536967675785462
80 23 -0.0002352420873189152
80 24 -0.00025639754393942297
80 25 -0.00027883604661937787
81 1 -0.00009414330162354206
81 2 -0.00008706496135951416
81 3 -0.00008121997631368189
81 4 -0.00007660834648604512
81 5 -0.000073230071876604
81 6 -0.00007108515248535849
81 7 -0.00007017358831230857
81 8 -0.00007049537935745423
81 9 -0.00007205052562079552
81 10 -0.00007483902710233236
81 11 -0.00007886088380206486
81 12 -0.0000841160957199929
81 13 -0.00009060466285611661
81 14 -0.00009832658521043585
81 15 -0.00010728186278295075
81 16 -0.00011747049557366122
81 17 -0.0001288924835825673
81 18 -0.00014154782680966902
81 19 -0.00015543652525496626
81 20 -0.00017055857891845914
81 21 -0.00018691398780014762
81 22 -0.00020450275190003162
81 23 -0.00022332487121811128
81 24 -0.00024338034575438646
81 25 -0.00026466917550885743
82 1 -0.00009417483169352832
82 2 -0.00008706635032878899
82 3 -0.00008114697860093622
82 4 -0.00007641671650997006
82 5 -0.00007287556405589048
82 6 -0.00007052352123869748
82 7 -0.0000693605880583911
82 8 -0.00006938676451497132
82 9 -0.00007060205060843805
82 10 -0.00007300644633879145
82 11 -0.00007659995170603145
82 12 -0.000081382566710158
82 13 -0.00008735429135117118
82 14 -0.00009451512562907087
82 15 -0.0001028650695438572
82 16 -0.00011240412309553012
82 17 -0.0001231322862840897
82 18 -0.00013504955910953576
82 19 -0.00014815594157186856
82 20 -0.0001624514336710878
82 21 -0.00017793603540719363
82 22 -0.00019460974678018616
82 23 -0.0002124725677900652
82 24 -0.00023152449843683089
82 25 -0.0002517655387204832
83 1 -0.00009441344701135257
83 2 -0.0000872636911948781
83 3 -0.00008126864725344627
83 4 -0.00007642831518705706
83 5 -0.00007274269499571045
83 6 -0.00007021178667940647
83 7 -0.00006883559023814508
83 8 -0.00006861410567192636
83 9 -0.00006954733298075024
83 10 -0.0000716352721646167
83 11 -0.00007487792322352585
83 12 -0.00007927528615747759
83 13 -0.00008482736096647187
83 14 -0.00009153414765050889
83 15 -0.00009939564620958849
83 16 -0.00010841185664371067
83 17 -0.00011858277895287555
83 18 -0.00012990841313708295
83 19 -0.00014238875919633304
83 20 -0.00015602381713062573
83 21 -0.00017081358693996114
83 22 -0.000186758068624339
83 23 -0.00020385726218375945
83 24 -0.00022211116761822273
83 25 -0.00024151978492772844
84 1 -0.00009477047030986334
84 2 -0.00008757288753889017
84 3 -0.00008150094956866932
84 4 -0.00007655465639920089
84 5 -0.00007273400803048482
84 6 -0.00007003900446252114
84 7 -0.00006846964569530981
84 8 -0.00006802593172885093
84 9 -0.00006870786256314438
84 10 -0.00007051543819819022
84 11 -0.00007344865863398846
84 12 -0.000077507523870539
84 13 -0.000082692033907842
84 14 -0.00008900218874589741
84 15 -0.00009643798838470516
84 16 -0.00010499943282426531
84 17 -0.00011468652206457777
84 18 -0.00012549925610564266
84 19 -0.00013743763494745992
84 20 -0.00015050165859002953
84 21 -0.00016469132703335153
84 22 -0.000180006640277426
84 23 -0.0001964475983222528
84 24 -0.00021401420116783193
84 25 -0.00023270644881416346
85 1 -0.00009522626375921639
85 2 -0.00008797395661139731
85 3 -0.00008182037150578973
85 4 -0.0000767655084423937
85 5 -0.0000728093674212093
85 6 -0.00006995194844223646
85 7 -0.00006819325150547511
85 8 -0.00006753327661092537
85 9 -0.00006797202375858723
85 10 -0.00006950949294846066
85 11 -0.0000721456841805456
85 12 -0.00007588059745484215
85 13 -0.00008071423277135022
85 14 -0.00008664659013006989
85 15 -0.00009367766953100112
85 16 -0.0001018074709741439
85 17 -0.00011103599445949823
85 18 -0.0001213632399870642
85 19 -0.00013278920755684163
85 20 -0.00014531389716883076
85 21 -0.00015893730882303144
85 22 -0.00017365944251944359
85 23 -0.00018948029825806737
85 24 -0.00020639987603890257
85 25 -0.0002244181758619495
86 1 -0.00009571181385537623
86 2 -0.00008840445206108533
86 3 -0.0000821723461469087
86 4 -0.00007701549611284644
86 5 -0.00007293390195889843
86 6 -0.00006992756368506478
86 7 -0.00006799648129134542
86 8 -0.00006714065477774042
86 9 -0.00006736008414424967
86 10 -0.00006865476939087325
86 11 -0.00007102471051761115
86 12 -0.00007446990752446333
86 13 -0.00007899036041142987
86 14 -0.0000845860691785107
86 15 -0.00009125703382570588
86 16 -0.00009900325435301534
86 17 -0.00010782473076043906
86 18 -0.00011772146304797715
86 19 -0.0001286934512156296
86 20 -0.00014074069526339624
86 21 -0.00015386319519127727
86 22 -0.00016806095099927262
86 23 -0.0001833339626873823
86 24 -0.00019968223025560618
86 25 -0.00021710575370394454
87 1 -0.00009620369672041483
87 2 -0.00008884223664445176
87 3 -0.00008253495289957434
87 4 -0.00007728184548578264
87 5 -0.00007308291440307668
87 6 -0.00006993815965145646
87 7 -0.00006784758123092187
87 8 -0.00006681117914147307
87 9 -0.00006682895338310993
87 10 -0.0000679009039558325
87 11 -0.00007002703085964078
87 12 -0.00007320733409453476
87 13 -0.00007744181366051446
87 14 -0.00008273046955757987
87 15 -0.00008907330178573103
87 16 -0.00009647031034496783
87 17 -0.00010492149523529039
87 18 -0.00011442685645669855
87 19 -0.00012498639400919262
87 20 -0.00013660010789277223
87 21 -0.00014926799810743754
87 22 -0.00016299006465318868
87 23 -0.00017776630753002553
87 24 -0.00019359672673794799
87 25 -0.0002104813222769562
88 1 -0.00009664197851117948
88 2 -0.00008923303406607315
88 3 -0.00008286063931206225
88 4 -0.00007752479424914674
88 5 -0.00007322549887732665
88 6 -0.00006996275319660195
88 7 -0.00006773655720697261
88 8 -0.00006654691090843864
88 9 -0.0000663938143010001
88 10 -0.00006727726738465694
88 11 -0.00006919727015940916
88 12 -0.0000721538226252568
88 13 -0.00007614692478219979
88 14 -0.00008117657663023822
88 15 -0.00008724277816937201
88 16 -0.00009434552939960113
88 17 -0.00010248483032092576
88 18 -0.00011166068093334568
88 19 -0.00012187308123686103
88 20 -0.00013312203123147173
88 21 -0.00014540753091717794
88 22 -0.0001587295802939794
88 23 -0.00017308817936187632
88 24 -0.00018848332812086872
88 25 -0.00020491502657095633
89 1 -0.00009708908032356975
89 2 -0.00008963196338916899
89 3 -0.00008319384488047208
89 4 -0.00007777472479747902
89 5 -0.00007337460314018978
89 6 -0.00006999347990860436
89 7 -0.00006763135510272285
89 8 -0.00006628822872254516
89 9 -0.00006596410076807136
89 10 -0.00006665897123930134
89 11 -0.00006837284013623521
89 12 -0.00007110570745887296
89 13 -0.00007485757320721453
89 14 -0.00007962843738125993
89 15 -0.00008541829998100925
89 16 -0.00009222716100646236
89 17 -0.00010005502045761935
89 18 -0.00010890187833448024
89 19 -0.00011876773463704489
89 20 -0.00012965258936531345
89 21 -0.0001415564425192858
89 22 -0.00015447929409896204
89 23 -0.00016842114410434204
89 24 -0.00018338199253542607
89 25 -0.00019936183939221394
90 1 -0.00009750727221462355
90 2 -0.00009000503009326451
90 3 -0.00008350526133663161
90 4 -0.000078007965944725
90 5 -0.00007351314391754459
90 6 -0.00007002079525509044
90 7 -0.0000675309199573625
90 8 -0.00006604351802436082
90 9 -0.00006555858945608534
90 10 -0.00006607613425253613
90 11 -0.0000675961524137131
90 12 -0.00007011864393961636
90 13 -0.00007364360883024581
90 14 -0.00007817104708560154
90 15 -0.00008370095870568343
90 16 -0.0000902333436904916
90 17 -0.00009776820204002602
90 18 -0.00010630553375428668
90 19 -0.00011584533883327345
90 20 -0.00012638761727698657
90 21 -0.00013793236908542586
90 22 -0.00015047959425859147
90 23 -0.00016402929279648326
90 24 -0.00017858146469910128
90 25 -0.00019413610996644564
91 1 -0.00009788339224488956
91 2 -0.00009034025414474139
91 3 -0.00008378422737154842
91 4 -0.00007821531192531045
91 5 -0.00007363350780602773
91 6 -0.00007003881501370007
91 7 -0.00006743123354832757
91 8 -0.00006581076340991019
91 9 -0.00006517740459844798
91 10 -0.0000655311571139409
91 11 -0.00006687202095638892
91 12 -0.00006919999612579212
91 13 -0.00007251508262215043
91 14 -0.00007681728044546391
91 15 -0.00008210658959573243
91 16 -0.00008838301007295623
91 17 -0.00009564654187713508
91 18 -0.00010389718500826905
91 19 -0.00011313493946635812
91 20 -0.00012335980525140253
91 21 -0.0001345717823634019
91 22 -0.00014677087080235644
91 23 -0.0001599570705682661
91 24 -0.00017413038166113086
91 25 -0.0001892908040809508
92 1 -0.00009822002035289278
92 2 -0.00009063980215596798
92 3 -0.00008403217732839315
92 4 -0.00007839714587016835
92 5 -0.00007373470778129345
92 6 -0.0000700448630617686
92 7 -0.00006732761171159368
92 8 -0.00006558295373076881
92 9 -0.00006481088911929384
92 10 -0.00006501141787716892
92 11 -0.0000661845400043939
92 12 -0.00006833025550096892
92 13 -0.00007144856436689393
92 14 -0.00007553946660216889
92 15 -0.0000806029622067938
92 16 -0.00008663905118076879
92 17 -0.00009364773352409369
92 18 -0.0001016290092367685
92 19 -0.00011058287831879337
92 20 -0.00012050934077016822
92 21 -0.00013140839659089298
92 22 -0.00014328004578096785
92 23 -0.00015612428834039268
92 24 -0.00016994112426916744
92 25 -0.00018473055356729213
93 1 -0.00009852689418319466
93 2 -0.00009091224519665257
93 3 -0.00008425594464329622
93 4 -0.00007855799252312548
93 5 -0.0000738183888361405
93 6 -0.00007003713358234116
93 7 -0.00006721422676172743
93 8 -0.00006534966837429948
93 9 -0.0000644434584200572
93 10 -0.00006449559689900055
93 11 -0.00006550608381112959
93 12 -0.00006747491915644437
93 13 -0.00007040210293494476
93 14 -0.00007428763514663085
93 15 -0.00007913151579150262
93 16 -0.00008493374486956007
93 17 -0.0000916943223808032
93 18 -0.00009941324832523198
93 19 -0.00010809052270284656
93 20 -0.00011772614551364667
93 21 -0.00012832011675763252
93 22 -0.00013987243643480405
93 23 -0.00015238310454516131
93 24 -0.00016585212108870416
93 25 -0.0001802794860654328
94 1 -0.00009878150135820529
94 2 -0.00009113760791612532
94 3 -0.00008443915397436041
94 4 -0.00007868613953291049
94 5 -0.00007387856459177572
94 6 -0.00007001642915095582
94 7 -0.00006709973321045103
94 8 -0.00006512847677026125
94 9 -0.0000641026598303865
94 10 -0.00006402228239082679
94 11 -0.00006488734445158209
94 12 -0.00006669784601265245
94 13 -0.00006945378707403782
94 14 -0.00007315516763573819
94 15 -0.00007780198769775362
94 16 -0.00008339424726008407
94 17 -0.00008993194632272957
94 18 -0.00009741508488569
94 19 -0.00010584366294896563
94 20 -0.00011521768051255617
94 21 -0.00012553713757646175
94 22 -0.0001368020341406824
94 23 -0.00014901237020521806
94 24 -0.0001621681457700687
94 25 -0.00017626936083523442
95 1 -0.00009901892632835965
95 2 -0.00009134695070835846
95 3 -0.00008460707212857037
95 4 -0.00007879929058899555
95 5 -0.00007392360608963385
95 6 -0.00006998001863048538
95 7 -0.00006696852821155006
95 8 -0.00006488913483282794
95 9 -0.00006374183849431903
95 10 -0.0000635266391960233
95 11 -0.00006424353693794075
95 12 -0.00006589253172007137
95 13 -0.00006847362354241519
95 14 -0.0000719868124049722
95 15 -0.00007643209830774242
95 16 -0.00008180948125072582
95 17 -0.00008811896123392243
95 18 -0.00009536053825733213
95 19 -0.0001035342123209551
95 20 -0.00011263998342479124
95 21 -0.00012267785156884058
95 22 -0.00013364781675310311
95 23 -0.00014554987897757874
95 24 -0.00015838403824226764
95 25 -0.00017215029454716973
96 1 -0.00009922832029851024
96 2 -0.00009153062413674642
96 3 -0.0000847517239027514
96 4 -0.00007889161959652509
96 5 -0.00007395031121806757
96 6 -0.00006992779876737876
96 7 -0.00006682408224445872
96 8 -0.00006463916164930741
96 9 -0.00006337303698192485
96 10 -0.00006302570824231103
96 11 -0.00006359717543046598
96 12 -0.00006508743854638968
96 13 -0.00006749649759008211
96 14 -0.00007082435256154331
96 15 -0.00007507100346077321
96 16 -0.00008023645028777195
96 17 -0.0000863206930425394
96 18 -0.00009332373172507552
96 19 -0.00010124556633538044
96 20 -0.00011008619687345413
96 21 -0.00011984562333929654
96 22 -0.00013052384573290784
96 23 -0.00014212086405428765
96 24 -0.00015463667830343636
96 25 -0.00016807128848035386
97 1 -0.00009941758253282345
97 2 -0.00009169547029477029
97 3 -0.00008487825272911878
97 4 -0.00007896592983586893
97 5 -0.00007395850161502073
97 6 -0.00006985596806657413
97 7 -0.00006665832919052922
97 8 -0.0000643655849868859
97 9 -0.00006297773545564422
97 10 -0.0000624947805968042
97 11 -0.00006291672041036581
97 12 -0.00006424355489632906
97 13 -0.00006647528405469397
97 14 -0.00006961190788546048
97 15 -0.00007365342638862865
97 16 -0.00007859983956419851
97 17 -0.00008445114741216996
97 18 -0.00009120734993254301
97 19 -0.00009886844712531778
97 20 -0.00010743443899049416
97 21 -0.00011690532552807218
97 22 -0.00012728110673805183
97 23 -0.0001385617826204331
97 24 -0.00015074735317521608
97 25 -0.00016383781840240065
98 1 -0.00009955937973722678
98 2 -0.00009181784308867992
98 3 -0.00008496896629229237
98 4 -0.00007901274934806428
98 5 -0.00007394919225599549
98 6 -0.00006977829501608613
98 7 -0.00006650005762833615
98 8 -0.00006411448009274558
98 9 -0.00006262156240931437
98 10 -0.00006202130457804255
98 11 -0.00006231370659893011
98 12 -0.00006349876847197706
98 13 -0.00006557649019718342
98 14 -0.00006854687177454915
98 15 -0.00007240991320407428
98 16 -0.00007716561448575877
98 17 -0.00008281397561960262
98 18 -0.00008935499660560591
98 19 -0.00009678867744376861
98 20 -0.00010511501813409061
98 21 -0.00011433401867657201
98 22 -0.00012444567907121288
98 23 -0.00013544999931801308
98 24 -0.00014734697941697268
98 25 -0.0001601366193680915
99 1 -0.0000996910035940139
99 2 -0.00009193000904362568
99 3 -0.00008504802229335839
99 4 -0.0000790450433432121
99 5 -0.00007392107219318685
99 6 -0.00006967610884328253
99 7 -0.00006631015329349919
99 8 -0.00006382320554383682
99 9 -0.0000622152655942954
99 10 -0.00006148633344487501
99 11 -0.00006163640909557553
99 12 -0.0000626654925463971
99 13 -0.00006457358379733959
99 14 -0.0000673606828484031
99 15 -0.00007102678969958754
99 16 -0.00007557190435089301
99 17 -0.0000809960268023194
99 18 -0.0000872991570538667
99 19 -0.00009448129510553519
99 20 -0.00010254244095732446
99 21 -0.00011148259460923483
99 22 -0.00012130175606126615
99 23 -0.00013199992531341828
99 24 -0.00014357710236569165
99 25 -0.00015603328721808588
100 1 -0.00009979531522429379
100 2 -0.00009201718227312502
100 3 -0.00008510447498577382
100 4 -0.00007905719336224012
100 5 -0.00007387533740252387
100 6 -0.00006955890710662508
100 7 -0.00006610790247454381
100 8 -0.00006352232350628003
100 9 -0.00006180217020183376
100 10 -0.00006094744256120496
100 11 -0.00006095814058439365
100 12 -0.00006183426427139985
100 13 -0.00006357581362222354
100 14 -0.00006618278863686474
100 15 -0.00006965518931532333
100 16 -0.00007399301565759949
100 17 -0.00007919626766369318
100 18 -0.00008526494533360425
100 19 -0.00009219904866733286
100 20 -0.000099998577664879
100 21 -0.00010866353232624266
100 22 -0.00011819391265142373
100 23 -0.0001285897186404223
100 24 -0.00013985095029323832
100 25 -0.00015197760760987178
101 1 -0.0000998746173469023
101 2 -0.00009208142219187409
101 3 -0.0000851400578041336
101 4 -0.00007905052418368075
101 5 -0.00007381282133051551
101 6 -0.00006942694924463795
101 7 -0.00006589290792604805
101 8 -0.00006321069737474583
101 9 -0.00006138031759073122
101 10 -0.00006040176857400427
101 11 -0.000060275050324565005
101 12 -0.00006100016284241339
101 13 -0.00006257710612754941
101 14 -0.00006500588017997313
101 15 -0.00006828648499968451
101 16 -0.0000724189205866835
101 17 -0.00007740318694097014
101 18 -0.00008323928406254446
101 19 -0.00008992721195140647
101 20 -0.0000974669706075561
101 21 -0.00010585856003099344
101 22 -0.0001151019802217184
101 23 -0.00012519723117973092
101 24 -0.0001361443129050313
101 25 -0.00014794322539761907
102 1 -0.000099934211454528
102 2 -0.00009212686918008564
102 3 -0.00008515659323157446
102 4 -0.00007902338360899427
102 5 -0.00007372724031234519
102 6 -0.00006926816334162717
102 7 -0.00006564615269684023
102 8 -0.00006286120837798438
102 9 -0.00006091333038505958
102 10 -0.00005980251871806584
102 11 -0.0000595287733770032
102 12 -0.00006009209436187165
102 13 -0.00006149248167267111
102 14 -0.00006372993530940166
102 15 -0.00006680445527206327
102 16 -0.00007071604156065598
102 17 -0.00007546469417517982
102 18 -0.0000810504131156346
102 19 -0.00008747319838202058
102 20 -0.0000947330499743376
102 21 -0.00010282996789258563
102 22 -0.00011176395213676474
102 23 -0.00012153500270687504
102 24 -0.00013214311960291615
102 25 -0.00014358830282488864
103 1 -0.00009996750600212086
103 2 -0.00009214853870424499
103 3 -0.00008515240472487654
103 4 -0.0000789791040640157
103 5 -0.0000736286367216623
103 6 -0.0000691010026978164
103 7 -0.00006539620199247804
103 8 -0.00006251423460564714
103 9 -0.000060455100537323803
103 10 -0.00005921879978750794
103 11 -0.000058805332356199586
103 12 -0.00005921469824339876
103 13 -0.00006044689744910534
103 14 -0.0000625019299733195
103 15 -0.00006537979581604121
103 16 -0.00006908049497727039
103 17 -0.00007360402745700708
103 18 -0.00007895039325525119
103 19 -0.00008511959237200294
103 20 -0.00009211162480726219
103 21 -0.00009992649056102883
103 22 -0.00010856418963330302
103 23 -0.00011802472202408467
103 24 -0.0001283080877333739
103 25 -0.0001394142867611706
104 1 -0.00009997901037272655
104 2 -0.0000921505458260191
104 3 -0.0000851311832116218
104 4 -0.0000789209225295346
104 5 -0.00007351976377975748
104 6 -0.00006892770696229047
104 7 -0.00006514475207713356
104 8 -0.00006217089912428673
104 9 -0.00006000614810375
104 10 -0.00005865049901552341
104 11 -0.00005810395185960689
104 12 -0.00005836650663600045
104 13 -0.00005943816334470416
104 14 -0.0000613189219857179
104 15 -0.00006400878255904179
104 16 -0.0000675077450646758
104 17 -0.00007181580950261983
104 18 -0.000076932975872874
104 19 -0.00008285924417543829
104 20 -0.00008959461441031264
104 21 -0.00009713908657749712
104 22 -0.00010549266067699168
104 23 -0.00011465533670879631
104 24 -0.00012462711467291107
104 25 -0.00013540799456933595
105 1 -0.00009997082301679491
105 2 -0.00009213389122927714
105 3 -0.00008509134744235949
105 4 -0.00007884319165604199
105 5 -0.00007338942387032458
105 6 -0.00006873004408520734
105 7 -0.00006486505230069024
105 8 -0.00006179444851677325
105 9 -0.000059518232733456376
105 10 -0.00005803640495073964
105 11 -0.00005734896516862308
105 12 -0.0000574559133871066
105 13 -0.00005835724960619029
105 14 -0.00006005297382587409
105 15 -0.00006254308604615799
105 16 -0.00006582758626704207
105 17 -0.00006990647448852625
105 18 -0.00007477975071061056
105 19 -0.00008044741493329501
105 20 -0.00008690946715657959
105 21 -0.00009416590738046434
105 22 -0.00010221673560494919
105 23 -0.0001110619518300342
105 24 -0.00012070155605571929
105 25 -0.00013113554828200448
106 1 -0.0000999436120127027
106 2 -0.00009209986286541489
106 3 -0.00008503589163089275
106 4 -0.00007875169830913651
106 5 -0.00007324728290014599
106 6 -0.00006852264540392128
106 7 -0.00006457778582046232
106 8 -0.00006141270414976915
106 9 -0.000059027400391841734
106 10 -0.000057421874546680155
106 11 -0.00005659612661428433
106 12 -0.000056550156594654296
106 13 -0.00005728396448779006
106 14 -0.000058797550293691555
106 15 -0.00006109091401235885
106 16 -0.00006416405564379195
106 17 -0.0000680169751879908
106 18 -0.00007264967264495543
106 19 -0.0000780621480146859
106 20 -0.00008425440129718211
106 21 -0.00009122643249244417
106 22 -0.00009897824160047178
106 23 -0.00010750982862126534
106 24 -0.00011682119355482475
106 25 -0.0001269123364011499
107 1 -0.00009989542399693858
107 2 -0.00009204595625893973
107 3 -0.00008496061213334023
107 4 -0.00007863939162014014
107 5 -0.00007308229471933943
107 6 -0.00006828932143093812
107 7 -0.00006426047175493619
107 8 -0.000060995745691333674
107 9 -0.000058495143240130506
107 10 -0.000056758664401326796
107 11 -0.000055786309174922423
107 12 -0.00005557807756091746
107 13 -0.00005613396955931189
107 14 -0.000057453985170105684
107 15 -0.00005953812439329888
107 16 -0.0000623863872288915
107 17 -0.00006599877367688344
107 18 -0.00007037528373727485
107 19 -0.00007551591741006552
107 20 -0.00008142067469525579
107 21 -0.00008808955559284532
107 22 -0.00009552256010283424
107 23 -0.00010371968822522263
107 24 -0.00011268093996001036
107 25 -0.00012240631530719743
108 1 -0.000099828090270026
108 2 -0.0000919743067903394
108 3 -0.00008486868284056827
108 4 -0.00007851121842071264
108 5 -0.00007290191353077246
108 6 -0.0000680407681707478
108 7 -0.00006392778234063857
108 8 -0.00006056295604044486
108 9 -0.00005794628927016663
108 10 -0.000056077782029803855
108 11 -0.00005495743431935657
108 12 -0.00005458524613882477
108 13 -0.00005496121748820848
108 14 -0.000056085348367507614
108 15 -0.000057957638776722246
108 16 -0.00006057808871585235
108 17 -0.00006394669818489797
108 18 -0.000068063467183859
108 19 -0.00007292839571273555
108 20 -0.00007854148377152762
108 21 -0.0000849027313602351
108 22 -0.00009201213847885814
108 23 -0.00009986970512739662
108 24 -0.0001084754313058506
108 25 -0.00011782931701422001
109 1 -0.00009974104210124254
109 2 -0.00009188422613116002
109 3 -0.00008475902727579795
109 4 -0.00007836544553515643
109 5 -0.00007270348090923534
109 6 -0.00006777313339803482
109 7 -0.0000635744030015548
109 8 -0.000060107289719795266
109 9 -0.00005737179355275623
109 10 -0.000055367914500437684
109 11 -0.00005409565256283968
109 12 -0.000053555007739962166
109 13 -0.000053745980031805134
109 14 -0.00005466856943836862
109 15 -0.000056322775959652565
109 16 -0.00005870859959565707
109 17 -0.00006182604034638207
109 18 -0.00006567509821182754
109 19 -0.00007025577319199358
109 20 -0.0000755680652868801
109 21 -0.00008161197449648707
109 22 -0.0000883875008208145
109 23 -0.00009589464425986254
109 24 -0.00010413340481363109
109 25 -0.00011310378248212009
110 1 -0.00009964181141223661
110 2 -0.00009178330029838114
110 3 -0.00008464038192848965
110 4 -0.00007821305630256201
110 5 -0.00007250132342059837
110 6 -0.00006750518328259858
110 7 -0.0000632246358885628
110 8 -0.00005965968123849089
110 9 -0.00005681031933238295
110 10 -0.00005467655017023889
110 11 -0.000053258373752058786
110 12 -0.000052555790077842614
110 13 -0.00005256879914759039
110 14 -0.00005329740096130206
110 15 -0.00005474159551897766
110 16 -0.00005690138282061718
110 17 -0.00005977676286622065
110 18 -0.00006336773565578801
110 19 -0.00006767430118931935
110 20 -0.00007269645946681453
110 21 -0.00007843421048827373
110 22 -0.00008488755425369686
110 23 -0.0000920564907630839
110 24 -0.00009994102001643489
110 25 -0.00010854114201374975
111 1 -0.0000995237821942698
111 2 -0.00009166465777710707
111 3 -0.00008450432224401302
111 4 -0.00007804277559498768
111 5 -0.00007228001783003098
111 6 -0.00006721604894914297
111 7 -0.00006285086895232367
111 8 -0.00005918447783957303
111 9 -0.00005621687561089107
111 10 -0.00005394806226627777
111 11 -0.000052378037805733186
111 12 -0.00005150680222925726
111 13 -0.00005133435553685002
111 14 -0.000051860697728511464
111 15 -0.000053085828804241625
111 16 -0.000055009748764040396
111 17 -0.00005763245760790787
111 18 -0.000060953955335844
111 19 -0.00006497424194784889
111 20 -0.00006969331744392242
111 21 -0.00007511118182406464
111 22 -0.00008122783508827548
111 23 -0.00008804327723655505
111 24 -0.00009555750826890322
111 25 -0.00010377052818532018
112 1 -0.00009938165134954104
112 2 -0.0000915230496734519
112 3 -0.00008434503001185394
112 4 -0.00007784759236474718
112 5 -0.00007203073673213174
112 6 -0.00006689446311400747
112 7 -0.00006243877151037441
112 8 -0.000058663661921232565
112 9 -0.00005556913434658198
112 10 -0.000053155188786422586
112 11 -0.00005142182524075443
112 12 -0.00005036904370957748
112 13 -0.00004999684419289175
112 14 -0.00005030522669069726
112 15 -0.000051294191202993976
112 16 -0.000052963737729781914
112 17 -0.0000553138662710611
112 18 -0.000058344576826831494
112 19 -0.00006205586939709307
112 20 -0.00006644774398184596
112 21 -0.00007152020058109
112 22 -0.00007727323919482523
112 23 -0.00008370685982305175
112 24 -0.00009082106246576947
112 25 -0.0000986158471229784
113 1 -0.00009924217276218526
113 2 -0.00009138497679602042
113 3 -0.00008419193137314794
113 4 -0.00007766303649356778
113 5 -0.00007179829215727998
113 6 -0.00006659769836428453
113 7 -0.00006206125511458142
113 8 -0.000058188962408170646
113 9 -0.00005498082024505222
113 10 -0.000052436828625226144
113 11 -0.00005055698754869241
113 12 -0.000049341297015451
113 13 -0.00004878975702550192
113 14 -0.00004890236757884518
113 15 -0.00004967912867548079
113 16 -0.00005112004031540879
113 17 -0.00005322510249862911
113 18 -0.000055994315225141745
113 19 -0.00005942767849494675
113 20 -0.00006352519230804415
113 21 -0.00006828685666443368
113 22 -0.00007371267156411576
113 23 -0.00007980263700709016
113 24 -0.00008655675299335685
113 25 -0.00009397501952291583
114 1 -0.00009908329433989013
114 2 -0.00009122845302274166
114 3 -0.00008402025697794667
114 4 -0.00007745870620550524
114 5 -0.00007154380070541724
114 6 -0.00006627554047768282
114 7 -0.00006165392552230195
114 8 -0.00005767895583927453
114 9 -0.00005435063142860064
114 10 -0.00005166895229028033
114 11 -0.00004963391842431349
114 12 -0.0000482455298307002
114 13 -0.0000475037865094404
114 14 -0.00004740868846053414
114 15 -0.0000479602356839814
114 16 -0.00004915842817978212
114 17 -0.000051003265947936456
114 18 -0.00005349474898844428
114 19 -0.00005663287730130561
114 20 -0.000060417650886520464
114 21 -0.00006484906974408883
114 22 -0.00006992713387401074
114 23 -0.00007565184327628608
114 24 -0.00008202319795091507
114 25 -0.00008904119789789744
115 1 -0.00009890566789066941
115 2 -0.00009105415096641859
115 3 -0.00008383082105275458
115 4 -0.0000772356781496774
115 5 -0.00007126872225718709
115 6 -0.00006592995337528357
115 7 -0.00006121937150396691
115 8 -0.00005713697664323706
115 9 -0.00005368276879309404
115 10 -0.00005085674795353787
115 11 -0.00004865891412456849
115 12 -0.000047089267306186
115 13 -0.00004614780749839029
115 14 -0.00004583453470118144
115 15 -0.00004614944891455938
115 16 -0.00004709255013852419
115 17 -0.0000486638383730758
115 18 -0.000050863313618214275
115 19 -0.000053690975873939636
115 20 -0.000057146825140251724
115 21 -0.00006123086141715067
115 22 -0.00006594308470463654
115 23 -0.00007128349500270896
115 24 -0.0000772520923113685
115 25 -0.0000838488766306148
116 1 -0.00009870823931457042
116 2 -0.0000908610516928146
116 3 -0.00008362255511713509
116 4 -0.00007699274958753181
116 5 -0.00007097163510400486
116 6 -0.00006555921166655423
116 7 -0.00006075547927517981
116 8 -0.0000565604379298817
116 9 -0.000052974087630659895
116 10 -0.000049996428377514356
116 11 -0.00004762746017044511
116 12 -0.00004586718300945217
116 13 -0.00004471559689453549
116 14 -0.00004417270182569512
116 15 -0.00004423849780293099
116 16 -0.000044912984826243186
116 17 -0.000046196162895631665
116 18 -0.00004808803201109644
116 19 -0.000050588592172637516
116 20 -0.00005369784338025478
116 21 -0.000057415785633948446
116 22 -0.00006174241893371827
116 23 -0.00006667774327956454
116 24 -0.00007222175867148693
116 25 -0.00007837446510948568
117 1 -0.00009852352455669987
117 2 -0.0000906808472496019
117 3 -0.00008342935995094342
117 4 -0.00007676906266072445
117 5 -0.00007069995537894495
117 6 -0.00006522203810560497
117 7 -0.000060335310840704404
117 8 -0.00005603977358424338
117 9 -0.00005233542633622183
117 10 -0.0000492222690966398
117 11 -0.00004670030186549722
117 12 -0.00004476952464279415
117 13 -0.00004342993742853052
117 14 -0.000042681540222706406
117 15 -0.000042524333025321785
117 16 -0.00004295831583637667
117 17 -0.00004398348865587102
117 18 -0.00004559985148380483
117 19 -0.00004780740432017822
117 20 -0.00005060614716499107
117 21 -0.00005399608001824328
117 22 -0.00005797720287993509
117 23 -0.00006254951575006631
117 24 -0.00006771301862863716
117 25 -0.00007346771151564742
118 1 -0.00009831690112237344
118 2 -0.00009047967790215903
118 3 -0.00008321472532392982
118 4 -0.00007652204338768576
118 5 -0.00007040163209342681
118 6 -0.00006485349144115299
118 7 -0.000059877621430864344
118 8 -0.000055474022062560794
118 9 -0.000051642693336242434
118 10 -0.00004838363525190923
118 11 -0.00004569684780956114
118 12 -0.00004358233100919815
118 13 -0.000042040084850820323
118 14 -0.00004107010933442766
118 15 -0.00004067240446002014
118 16 -0.00004084697022759771
118 17 -0.000041593806637160475
118 18 -0.000042912913688708364
118 19 -0.000044804291382241374
118 20 -0.00004726793971775959
118 21 -0.00005030385869526284
118 22 -0.00005391204831475138
118 23 -0.000058092508576224956
118 24 -0.00006284523947968382
118 25 -0.00006817024102512758
119 1 -0.0000980967110619023
119 2 -0.0000902656757432538
119 3 -0.00008298735367666223
119 4 -0.00007626174486212751
119 5 -0.00007008884929964976
119 6 -0.00006446866698922891
119 7 -0.00005940119793086495
119 8 -0.00005488644212455788
119 9 -0.00005092439957030769
119 10 -0.00004751507026811446
119 11 -0.00004465845421797811
119 12 -0.00004235455141989868
119 13 -0.00004060336187387614
119 14 -0.00003940488557991053
119 15 -0.00003875912253800181
119 16 -0.00003866607274814995
119 17 -0.00003912573621035504
119 18 -0.00004013811292461703
119 19 -0.000041703202890935935
119 20 -0.00004382100610931169
119 21 -0.00004649152257974444
119 22 -0.00004971475230223409
119 23 -0.000053490695276780544
119 24 -0.00005781935150338393
119 25 -0.00006270072098204426
120 1 -0.00009788000634590449
120 2 -0.00009005536313672125
120 3 -0.00008276467127438645
120 4 -0.00007600793075890011
120 5 -0.00006978514159026218
120 6 -0.00006409630376847267
120 7 -0.00005894141729353161
120 8 -0.00005432048216543894
120 9 -0.000050233498384194765
120 10 -0.00004668046594979898
120 11 -0.00004366138486225162
120 12 -0.00004117625512155271
120 13 -0.00003922507672770224
120 14 -0.0000378078496807002
120 15 -0.000036924573980546524
120 16 -0.00003657524962724136
120 17 -0.000036759876620784594
120 18 -0.00003747845496117623
120 19 -0.000038730984648416354
120 20 -0.00004051746568250485
120 21 -0.00004283789806344186
120 22 -0.00004569228179122719
120 23 -0.00004908061686586103
120 24 -0.00005300290328734327
120 25 -0.000057459141055673916
121 1 -0.00009764206336261013
121 2 -0.00008982471665079625
121 3 -0.00008252116755953032
121 4 -0.00007573141608881248
121 5 -0.00006945546223864264
121 6 -0.00006369330600902089
121 7 -0.000058444947399947106
121 8 -0.00005371038641142143
121 9 -0.00004948962304344375
121 10 -0.000045782657296014136
121 11 -0.00004258948916913251
121 12 -0.00003991011866279898
121 13 -0.00003774454577701348
121 14 -0.000036092770511775984
121 15 -0.00003495479286708654
121 16 -0.000034330612842945125
121 17 -0.000034220230439351745
121 18 -0.00003462364565630648
121 19 -0.00003554085849380922
121 20 -0.00003697186895185991
121 21 -0.000038916677030458746
121 22 -0.00004137528272960553
121 23 -0.000044347686049300405
121 24 -0.00004783388698954334
121 25 -0.000051833885550334224
122 1 -0.00009739325810218487
122 2 -0.0000895837932403594
122 3 -0.00008226745791854835
122 4 -0.00007544425213675171
122 5 -0.00006911417589496941
122 6 -0.00006327722919320159
122 7 -0.00005793341203144808
122 8 -0.00005308272440970903
122 9 -0.00004872516632798436
122 10 -0.0000448607377862741
122 11 -0.00004148943878457825
122 12 -0.00003861126932289675
122 13 -0.00003622622940122972
122 14 -0.00003433431901957702
122 15 -0.00003293553817793876
122 16 -0.00003202988687631494
122 17 -0.0000316173651147054
122 18 -0.00003169797289311036
122 19 -0.00003227171021152978
122 20 -0.00003333857706996343
122 21 -0.00003489857346841154
122 22 -0.000036951699406874124
122 23 -0.00003949795488535112
122 24 -0.000042537339903842366
122 25 -0.00004606985446234808
123 1 -0.00009712822718277446
123 2 -0.00008932738805384896
123 3 -0.00008199803220461317
123 4 -0.00007514015963506713
123 5 -0.00006875377034521078
123 6 -0.00006283886433504417
123 7 -0.00005739544160456726
123 8 -0.000052423502153780034
123 9 -0.00004792304598268256
123 10 -0.0000438940730912748
123 11 -0.00004033658347955676
123 12 -0.00003725057714752843
123 13 -0.000034636054095189806
123 14 -0.00003249301432254096
123 15 -0.00003082145782958178
123 16 -0.000029621384616312262
123 17 -0.000028892794682732522
123 18 -0.000028635688028842558
123 19 -0.000028850064654642232
123 20 -0.000029535924560131628
123 21 -0.00003069326774531066
123 22 -0.00003232209421017958
123 23 -0.00003442240395473814
123 24 -0.000036994196978986336
123 25 -0.00004003747328292439
124 1 -0.00009685142725898924
124 2 -0.0000890598023146989
124 3 -0.00008171738350525115
124 4 -0.00007482417083064598
124 5 -0.00006838016429088346
124 6 -0.00006238536388596352
124 7 -0.00005683976961588617
124 8 -0.00005174338148065145
124 9 -0.00004709619948025935
124 10 -0.00004289822361470982
124 11 -0.00003914945388400292
124 12 -0.000035849890288138596
124 13 -0.000032999532827116874
124 14 -0.000030598381500937755
124 15 -0.00002864643630960128
124 16 -0.000027143697253107364
124 17 -0.00002609016433145612
124 18 -0.00002548583754464741
124 19 -0.00002533071689268129
124 20 -0.00002562480237555784
124 21 -0.00002636809399327695
124 22 -0.000027560591745838677
124 23 -0.000029202295633243074
124 24 -0.000031293205655490033
124 25 -0.000033833321812579554
125 1 -0.00009654295137685148
125 2 -0.00008876179472411532
125 3 -0.00008140533884900858
125 4 -0.0000744735837515314
125 5 -0.00006796652943168372
125 6 -0.00006188417588946551
125 7 -0.00005622652312487683
125 8 -0.000050993571137917645
125 9 -0.00004618531992858798
125 10 -0.000041801769496887815
125 11 -0.00003784291984281717
125 12 -0.000034308770966375984
125 13 -0.000031199322867564346
125 14 -0.000028514575546382138
125 15 -0.000026254529002829493
125 16 -0.00002441918323690636
125 17 -0.00002300853824861268
125 18 -0.00002202259403794862
125 19 -0.000021461350604913933
125 20 -0.000021324807949508893
125 21 -0.000021612966071733145
125 22 -0.000022325824971587097
125 23 -0.000023463384649070396
125 24 -0.000025025645104183314
125 25 -0.00002701260633692585
126 1 -0.00009620414855902474
126 2 -0.00008843468347406341
126 3 -0.00008106331680422023
126 4 -0.00007409004854949512
126 5 -0.00006751487870988805
126 6 -0.00006133780728539915
126 7 -0.000055558834276028346
126 8 -0.00005017795968177563
126 9 -0.00004519518350264104
126 10 -0.00004061050573862453
126 11 -0.00003642392638972612
126 12 -0.0000326354454559458
126 13 -0.00002924506293728362
126 14 -0.000026252778833739558
126 15 -0.000023658593145313596
126 16 -0.000021462505872005668
126 17 -0.000019664517013815976
126 18 -0.00001826462657074433
126 19 -0.000017262834542790706
126 20 -0.00001665914092995529
126 21 -0.000016453545732237978
126 22 -0.00001664604894963871
126 23 -0.0000172366505821576
126 24 -0.00001822535062979459
126 25 -0.000019612149092549627
127 1 -0.00009583988162746414
127 2 -0.00008808316593425367
127 3 -0.00008069623490019474
127 4 -0.00007367908852528741
127 5 -0.00006703172680953162
127 6 -0.00006075414975292745
127 7 -0.0000548463573554748
127 8 -0.000049308349617173695
127 9 -0.000044140126538024194
127 10 -0.00003934168811802627
127 11 -0.0000349130343571799
127 12 -0.00003085416525548508
127 13 -0.000027165080812941898
127 14 -0.000023845781029550224
127 15 -0.000020896265905310125
127 16 -0.000018316535440221612
127 17 -0.000016106589634284647
127 18 -0.000014266428487499228
127 19 -0.000012796051999865437
127 20 -0.000011695460171383192
127 21 -0.000010964653002052576
127 22 -0.000010603630491873425
127 23 -0.000010612392640845848
127 24 -0.000010990939448969899
127 25 -0.000011739270916245631
128 1 -0.00009538503986070698
128 2 -0.00008764444422496176
128 3 -0.00008023860177941973
128 4 -0.00007316751252408083
128 5 -0.0000664311764589451
128 6 -0.00006002959358401245
128 7 -0.000053962763899283
128 8 -0.00004823068740475667
128 9 -0.000042833364100433514
128 10 -0.00003777079398631346
128 11 -0.00003304297706239658
128 12 -0.000028649913328682855
128 13 -0.00002459160278517225
128 14 -0.00002086804543186479
128 15 -0.000017479241268760517
128 16 -0.000014425190295859296
128 17 -0.000011705892513161288
128 18 -9.32134792066644*^-6
128 19 -7.271556518374643*^-6
128 20 -5.5565183062860864*^-6
128 21 -4.17623328440069*^-6
128 22 -3.130701452718344*^-6
128 23 -2.4199228112392395*^-6
128 24 -2.043897359963213*^-6
128 25 -2.0026250988903734*^-6
129 1 -0.00009476284993985137
129 2 -0.0000870445678964033
129 3 -0.00007961354079786012
129 4 -0.00007246976864422183
129 5 -0.00006561325143548847
129 6 -0.00005904398917166004
129 7 -0.000052761981852736476
129 8 -0.00004676722947871792
129 9 -0.00004105973204960418
129 10 -0.000035639489565395387
129 11 -0.000030506502026091524
129 12 -0.00002566076943169255
129 13 -0.00002110229178219849
129 14 -0.000016831069077609317
129 15 -0.000012847101317925072
129 16 -9.150388503145784*^-6
129 17 -5.7409306332713555*^-6
129 18 -2.6187277083018962*^-6
129 19 2.1622027176267534*^-7
129 20 2.763913306922332*^-6
129 21 5.024351397177101*^-6
129 22 6.99753454252701*^-6
129 23 8.683462742971923*^-6
129 24 0.000010082135998511893
129 25 0.000011193554309147085
130 1 -0.00009097864143032023
130 2 -0.00008339864784953921
130 3 -0.00007582116280684299
130 4 -0.00006824618630223134
130 5 -0.00006067371833570447
130 6 -0.00005310375890726225
130 7 -0.00004553630801690477
130 8 -0.00003797136566463191
130 9 -0.000030408931850443736
130 10 -0.00002284900657434034
130 11 -0.00001529158983632159
130 12 -7.736681636387547*^-6
130 13 -1.8428197453814387*^-7
130 14 7.365609149226538*^-6
130 15 0.0000149129917349065
130 16 0.000022457865782501876
130 17 0.00003000023129201245
130 18 0.000037540088263438384
130 19 0.0000450774366967796
130 20 0.00005261227659203612
130 21 0.000060144607949208024
130 22 0.0000676744307682951
130 23 0.00007520174504929749
130 24 0.00008272655079221537
130 25 0.00009024884799704831
