1 1 5.812190895791487*^-6
1 2 5.231545570256355*^-6
1 3 4.496149907715075*^-6
1 4 3.6060039081676796*^-6
1 5 2.5611075716141205*^-6
1 6 1.361460898054436*^-6
1 7 7.063887488617179*^-9
1 8 -1.502083460083332*^-6
1 9 -3.1659811446614396*^-6
1 10 -4.984629166245664*^-6
1 11 -6.958027524836045*^-6
1 12 -9.086176220432548*^-6
1 13 -0.000011369075253035193
1 14 -0.000013806724622643979
1 15 -0.000016399124329258904
1 16 -0.000019146274372879962
1 17 -0.000022048174753507156
1 18 -0.0000251048254711405
1 19 -0.00002831622652577996
1 20 -0.00003168237791742558
1 21 -0.000035203279646077326
1 22 -0.000038878931711735205
1 23 -0.000042709334114399234
1 24 -0.00004669448685406939
1 25 -0.000050834389930745693
2 1 0.000026593639880412966
2 2 0.000024301595489183165
2 3 0.000021887574574255534
2 4 0.000019351577135630036
2 5 0.00001669360317330669
2 6 0.000013913652687285516
2 7 0.00001101172567756647
2 8 7.987822144149571*^-6
2 9 4.841942087034841*^-6
2 10 1.5740855062222526*^-6
2 11 -1.8157475982881715*^-6
2 12 -5.327557226496458*^-6
2 13 -8.9613433784026*^-6
2 14 -0.00001271710605400659
2 15 -0.00001659484525330842
2 16 -0.000020594560976308103
2 17 -0.00002471625322300564
2 18 -0.000028959921993401018
2 19 -0.00003332556728749426
2 20 -0.000037813189105285344
2 21 -0.00004242278744677427
2 22 -0.000047154362311961055
2 23 -0.000052007913700845675
2 24 -0.00005698344161342817
2 25 -0.00006208094604970849
3 1 0.00005476398656188725
3 2 0.00005020261398432557
3 3 0.00004564502751462511
3 4 0.00004109122715278574
3 5 0.00003654121289880754
3 6 0.00003199498475269045
3 7 0.000027452542714434524
3 8 0.000022913886784039706
3 9 0.000018379016961506054
3 10 0.000013847933246833543
3 11 9.320635640022151*^-6
3 12 4.797124141071885*^-6
3 13 2.7739874998277326*^-7
3 14 -4.238540533245204*^-6
3 15 -8.750693708612041*^-6
3 16 -0.000013259060776117731
3 17 -0.0000177636417357623
3 18 -0.000022264436587545727
3 19 -0.00002676144533146801
3 20 -0.000031254667967529165
3 21 -0.000035744104495729176
3 22 -0.00004022975491606805
3 23 -0.00004471161922854579
3 24 -0.000049189697433162396
3 25 -0.000053663989529917855
4 1 0.00008400141141798412
4 2 0.00007713774818092775
4 3 0.00007049363147791696
4 4 0.00006406906130895206
4 5 0.00005786403767403277
4 6 0.000051878560573159235
4 7 0.00004611263000633148
4 8 0.00004056624597354939
4 9 0.000035239408474812994
4 10 0.000030132117510122373
4 11 0.00002524437307947747
4 12 0.000020576175182878235
4 13 0.000016127523820324762
4 14 0.000011898418991817008
4 15 7.888860697354982*^-6
4 16 4.098848936938658*^-6
4 17 5.283837105680701*^-7
4 18 -2.8225349817567996*^-6
4 19 -5.953907140035944*^-6
4 20 -8.865732764269373*^-6
4 21 -0.000011558011854457081
4 22 -0.000014030744410599057
4 23 -0.00001628393043269531
4 24 -0.00001831756992074587
4 25 -0.000020131662874750683
5 1 0.000135208089238017
5 2 0.0001244034254065986
5 3 0.00011434293925502702
5 4 0.00010502663078330227
5 5 0.00009645449999142449
5 6 0.00008862654687939362
5 7 0.00008154277144720965
5 8 0.00007520317369487255
5 9 0.00006960775362238241
5 10 0.00006475651122973923
5 11 0.00006064944651694288
5 12 0.00005728655948399349
5 13 0.000054667850130891
5 14 0.00005279331845763543
5 15 0.00005166296446422676
5 16 0.000051276788150665014
5 17 0.00005163478951695018
5 18 0.00005273696856308227
5 19 0.00005458332528906125
5 20 0.00005717385969488717
5 21 0.000060508571780559996
5 22 0.00006458746154607973
5 23 0.00006941052899144636
5 24 0.00007497777411665994
5 25 0.00008128919692172041
6 1 0.0002303512876183599
6 2 0.00021241526153871254
6 3 0.00019650551904854
6 4 0.00018262206014784237
6 5 0.0001707648848366197
6 6 0.0001609339931148719
6 7 0.00015312938498259884
6 8 0.00014735106043980062
6 9 0.00014359901948647732
6 10 0.00014187326212262885
6 11 0.00014217378834825532
6 12 0.00014450059816335662
6 13 0.00014885369156793273
6 14 0.0001552330685619838
6 15 0.0001636387291455097
6 16 0.00017407067331851045
6 17 0.00018652890108098604
6 18 0.00020101341243293654
6 19 0.00021752420737436182
6 20 0.0002360612859052621
6 21 0.00025662464802563717
6 22 0.0002792142937354871
6 23 0.00030383022303481186
6 24 0.0003304724359236115
6 25 0.0003591409324018861
7 1 0.0004053652155815542
7 2 0.00037465893772472013
7 3 0.0003488965620705182
7 4 0.00032807808861894843
7 5 0.0003122035173700105
7 6 0.0003012728483237047
7 7 0.00029528608148003053
7 8 0.00029424321683898874
7 9 0.00029814425440057854
7 10 0.0003069891941648003
7 11 0.00032077803613165417
7 12 0.00033951078030114
7 13 0.0003631874266732577
7 14 0.00039180797524800744
7 15 0.0004253724260253891
7 16 0.0004638807790054027
7 17 0.0005073330341880481
7 18 0.0005557291915733258
7 19 0.0006090692511612352
7 20 0.0006673532129517766
7 21 0.0007305810769449499
7 22 0.0007987528431407551
7 23 0.0008718685115391921
7 24 0.0009499280821402617
7 25 0.0010329315549439627
8 1 0.0007967881972694999
8 2 0.0007382636577107241
8 3 0.0006924027383723581
8 4 0.000659205439254402
8 5 0.0006386717603568558
8 6 0.0006308017016797195
8 7 0.0006355952632229926
8 8 0.0006530524449866758
8 9 0.0006831732469707684
8 10 0.0007259576691752708
8 11 0.0007814057116001833
8 12 0.0008495173742455054
8 13 0.0009302926571112375
8 14 0.0010237315601973795
8 15 0.001129834083503931
8 16 0.0012486002270308918
8 17 0.001380029990778263
8 18 0.001524123374746044
8 19 0.0016808803789342345
8 20 0.0018503010033428348
8 21 0.0020323852479718447
8 22 0.0022271331128212645
8 23 0.0024345445978910937
8 24 0.002654619703181334
8 25 0.0028873584286919834
9 1 0.0014951812438227462
9 2 0.0013880944174116828
9 3 0.0013091692899208475
9 4 0.0012584058613502344
9 5 0.0012358041316998436
9 6 0.0012413641009696777
9 7 0.001275085769159735
9 8 0.0013369691362700162
9 9 0.001427014202300521
9 10 0.0015452209672512493
9 11 0.0016915894311222007
9 12 0.0018661195939133767
9 13 0.0020688114556247756
9 14 0.002299665016256398
9 15 0.002558680275808245
9 16 0.0028458572342803154
9 17 0.0031611958916726093
9 18 0.0035046962479851258
9 19 0.003876358303217868
9 20 0.004276182057370832
9 21 0.004704167510444021
9 22 0.005160314662437431
9 23 0.005644623513351066
9 24 0.006157094063184926
9 25 0.006697726311939009
10 1 0.002489541191756763
10 2 0.0023143435735591806
10 3 0.0021910320951157446
10 4 0.0021196067564264627
10 5 0.0021000675574913284
10 6 0.0021324144983103427
10 7 0.0022166475788835084
10 8 0.0023527667992108226
10 9 0.002540772159292288
10 10 0.0027806636591279016
10 11 0.0030724412987176665
10 12 0.0034161050780615806
10 13 0.0038116549971596437
10 14 0.004259091056011858
10 15 0.004758413254618221
10 16 0.005309621592978735
10 17 0.005912716071093398
10 18 0.0065676966889622115
10 19 0.007274563446585173
10 20 0.008033316343962288
10 21 0.00884395538109355
10 22 0.009706480557978962
10 23 0.01062089187461852
10 24 0.011587189331012233
10 25 0.012605372927160097
11 1 0.003648555496366222
11 2 0.0033947374734686025
11 3 0.00322169474432235
11 4 0.003129427308927461
11 5 0.0031179351672839333
11 6 0.0031872183193917673
11 7 0.0033372767652509656
11 8 0.003568110504861526
11 9 0.0038797195382234517
11 10 0.004272103865336738
11 11 0.004745263486201388
11 12 0.005299198400817401
11 13 0.005933908609184777
11 14 0.0066493941113035145
11 15 0.007445654907173618
11 16 0.008322690996795083
11 17 0.009280502380167907
11 18 0.010319089057292102
11 19 0.011438451028167653
11 20 0.01263858829279457
11 21 0.01391950085117285
11 22 0.015281188703302494
11 23 0.016723651849183493
11 24 0.018246890288815862
11 25 0.019850904022199595
12 1 0.005087469087324179
12 2 0.004736710520586028
12 3 0.0045036648931790985
12 4 0.004388332205103392
12 5 0.004390712456358918
12 6 0.004510805646945661
12 7 0.00474861177686363
12 8 0.005104130846112822
12 9 0.005577362854693237
12 10 0.006168307802604876
12 11 0.006876965689847735
12 12 0.007703336516421824
12 13 0.008647420282327133
12 14 0.009709216987563666
12 15 0.010888726632131421
12 16 0.012185949216030405
12 17 0.013600884739260606
12 18 0.015133533201822038
12 19 0.016783894603714686
12 20 0.018551968944938563
12 21 0.020437756225493663
12 22 0.02244125644537999
12 23 0.02456246960459753
12 24 0.0268013957031463
12 25 0.02915803474102629
13 1 0.006618238085040671
13 2 0.0061648806739569755
13 3 0.005869384222233118
13 4 0.005731748729869094
13 5 0.005751974196864902
13 6 0.005930060623220549
13 7 0.0062660080089360255
13 8 0.006759816354011339
13 9 0.007411485658446483
13 10 0.008221015922241465
13 11 0.009188407145396276
13 12 0.010313659327910929
13 13 0.01159677246978541
13 14 0.013037746571019724
13 15 0.014636581631613875
13 16 0.016393277651567853
13 17 0.018307834630881675
13 18 0.020380252569555325
13 19 0.02261053146758881
13 20 0.02499867132498213
13 21 0.02754467214173528
13 22 0.030248533917848274
13 23 0.03311025665332109
13 24 0.036129840348153745
13 25 0.03930728500234623
14 1 0.008345816418311077
14 2 0.007777134695629339
14 3 0.00741237241352265
14 4 0.007251529571991019
14 5 0.007294606171034447
14 6 0.007541602210652939
14 7 0.007992517690846485
14 8 0.008647352611615089
14 9 0.009506106972958759
14 10 0.010568780774877481
14 11 0.011835374017371267
14 12 0.013305886700440112
14 13 0.014980318824084009
14 14 0.016858670388302965
14 15 0.01894094139309699
14 16 0.021227131838466064
14 17 0.023717241724410202
14 18 0.026411271050929396
14 19 0.02930921981802365
14 20 0.03241108802569296
14 21 0.03571687567393734
14 22 0.03922658276275678
14 23 0.04294020929215127
14 24 0.04685775526212082
14 25 0.05097922067266541
15 1 0.01025973082602696
15 2 0.009563723792624983
15 3 0.009123366645976108
15 4 0.008938659386080352
15 5 0.009009602012937677
15 6 0.009336194526548125
15 7 0.00991843692691168
15 8 0.010756329214028344
15 9 0.011849871387898107
15 10 0.01319906344852098
15 11 0.014803905395896964
15 12 0.016664397230026058
15 13 0.018780538950908244
15 14 0.021152330558543552
15 15 0.023779772052931965
15 16 0.026662863434073474
15 17 0.02980160470196809
15 18 0.033195995856615826
15 19 0.03684603689801667
15 20 0.040751727826170606
15 21 0.04491306864107766
15 22 0.04933005934273781
15 23 0.054002699931151074
15 24 0.05893099040631745
15 25 0.06411493076823695
16 1 0.012394964373063233
16 2 0.011557341526324101
16 3 0.011033777282932844
16 4 0.01082427164288948
16 5 0.010928824606194005
16 6 0.011347436172846427
16 7 0.012080106342846729
16 8 0.013126835116194934
16 9 0.014487622492891027
16 10 0.01616246847293501
16 11 0.018151373056326872
16 12 0.02045433624306664
16 13 0.0230713580331543
16 14 0.026002438426589846
16 15 0.02924757742337328
16 16 0.03280677502350459
16 17 0.036680031226983816
16 18 0.04086734603381092
16 19 0.04536871944398591
16 20 0.050184151457508805
16 21 0.05531364207437959
16 22 0.060757191294598244
16 23 0.06651479911816481
16 24 0.07258646554507925
16 25 0.0789721905753416
17 1 0.014486915909365367
17 2 0.013510918592137516
17 3 0.012906800816450782
17 4 0.012674562582305177
17 5 0.012814203889700686
17 6 0.013325724738637324
17 7 0.01420912512911506
17 8 0.01546440506113392
17 9 0.017091564534693904
17 10 0.019090603549795006
17 11 0.021461522106437224
17 12 0.024204320204620558
17 13 0.02731899784434502
17 14 0.030805555025610595
17 15 0.03466399174841728
17 16 0.03889430801276508
17 17 0.04349650381865402
17 18 0.04847057916608407
17 19 0.05381653405505524
17 20 0.05953436848556751
17 21 0.06562408245762093
17 22 0.07208567597121544
17 23 0.07891914902635107
17 24 0.08612450162302784
17 25 0.0937017337612457
18 1 0.016860179191439114
18 2 0.015727587118902885
18 3 0.015033093880847124
18 4 0.014776699477271806
18 5 0.01495840390817698
18 6 0.0155782071735626
18 7 0.016636109273428693
18 8 0.018132110207775234
18 9 0.02006620997660224
18 10 0.022438408579909724
18 11 0.025248706017697645
18 12 0.028497102289966048
18 13 0.032183597396714905
18 14 0.036308191337944225
18 15 0.040870884113654006
18 16 0.04587167572384425
18 17 0.051310566168514954
18 18 0.057187555447666114
18 19 0.06350264356129774
18 20 0.07025583050940984
18 21 0.0774471162920024
18 22 0.08507650090907541
18 23 0.09314398436062886
18 24 0.10164956664666279
18 25 0.11059324776717722
19 1 0.019203564019286974
19 2 0.01791671584119935
19 3 0.01713394259195877
19 4 0.01685524427156523
19 5 0.01708062088001874
19 6 0.017810072417319307
19 7 0.0190435988834669
19 8 0.020781200278461535
19 9 0.023022876602303247
19 10 0.025768627854991972
19 11 0.029018454036527752
19 12 0.03277235514691057
19 13 0.037030331186140436
19 14 0.04179238215421736
19 15 0.0470585080511413
19 16 0.05282870887691231
19 17 0.05910298463153036
19 18 0.06588133531499545
19 19 0.07316376092730759
19 20 0.08095026146846677
19 21 0.08924083693847303
19 22 0.09803548733732631
19 23 0.1073342126650266
19 24 0.11713701292157395
19 25 0.12744388810696838
20 1 0.02136458570266745
20 2 0.01993579078329827
20 3 0.01907240322780342
20 4 0.01877442303618289
20 5 0.019041850208436673
20 6 0.019874684744564747
20 7 0.02127292664456714
20 8 0.023236575908443833
20 9 0.025765632536194828
20 10 0.028860096527820157
20 11 0.03251996788331978
20 12 0.03674524660269372
20 13 0.04153593268594197
20 14 0.04689202613306452
20 15 0.052813526944061405
20 16 0.05930043511893257
20 17 0.06635275065767808
20 18 0.07397047356029784
20 19 0.08215360382679195
20 20 0.09090214145716037
20 21 0.10021608645140309
20 22 0.11009543880952014
20 23 0.12054019853151146
20 24 0.13155036561737715
20 25 0.14312594006711704
21 1 0.023595153707137273
21 2 0.022020144021923208
21 3 0.021074330586110024
21 4 0.020757713399697803
21 5 0.02107029246268648
21 6 0.022012067775076104
21 7 0.02358303933686663
21 8 0.025783207148058096
21 9 0.02861257120865049
21 10 0.03207113151864377
21 11 0.036158888078038014
21 12 0.04087584088683316
21 13 0.04622198994502925
21 14 0.05219733525262626
21 15 0.05880187680962416
21 16 0.06603561461602303
21 17 0.0738985486718228
21 18 0.08239067897702351
21 19 0.09151200553162511
21 20 0.10126252833562766
21 21 0.11164224738903113
21 22 0.1226511626918355
21 23 0.13428927424404083
21 24 0.14655658204564706
21 25 0.1594530860966542
22 1 0.0257340137238754
22 2 0.024019089631752304
22 3 0.022994992565929306
22 4 0.022661722526406428
22 5 0.023019279513183673
22 6 0.02406766352626107
22 7 0.025806874565638557
22 8 0.028236912631316183
22 9 0.03135777772329394
22 10 0.03516946984157179
22 11 0.0396719889861498
22 12 0.04486533515702793
22 13 0.05074950835420614
22 14 0.05732450857768452
22 15 0.06459033582746301
22 16 0.0725469901035416
22 17 0.08119447140592033
22 18 0.09053277973459921
22 19 0.10056191508957821
22 20 0.1112818774708573
22 21 0.12269266687843651
22 22 0.13479428331231585
22 23 0.14758672677249532
22 24 0.16106999725897492
22 25 0.17524409477175465
23 1 0.0279602123006093
23 2 0.026099973156512267
23 3 0.024995211225348028
23 4 0.024645926507116656
23 5 0.025052119001818092
23 6 0.026213788709452356
23 7 0.028130935630019453
23 8 0.030803559763519384
23 9 0.03423166110995211
23 10 0.0384152396693177
23 11 0.04335429544161611
23 12 0.04904882842684734
23 13 0.055498838625011405
23 14 0.06270432603610829
23 15 0.07066529066013799
23 16 0.07938173249710055
23 17 0.0888536515469959
23 18 0.09908104780982412
23 19 0.11006392128558515
23 20 0.121802271974279
23 21 0.1342960998759057
23 22 0.1475454049904652
23 23 0.16155018731795753
23 24 0.17631044685838274
23 25 0.1918261836117407
24 1 0.03015300119091201
24 2 0.028149963414280926
24 3 0.02696662249079393
24 4 0.02660297842045096
24 5 0.027059031203252037
24 6 0.028334780839197167
24 7 0.030430227328286364
24 8 0.03334537067051958
24 9 0.03708021086589688
24 10 0.041634747914418194
24 11 0.047008981816083595
24 12 0.053202912570893046
24 13 0.06021654017884651
24 14 0.06804986463994406
24 15 0.07670288595418562
24 16 0.08617560412157124
24 17 0.09646801914210093
24 18 0.10758013101577465
24 19 0.11951193974259242
24 20 0.13226344532255424
24 21 0.14583464775566013
24 22 0.16022554704191005
24 23 0.17543614318130402
24 24 0.19146643617384207
24 25 0.2083164260195241
25 1 0.032211431369700234
25 2 0.030074683168556996
25 3 0.028818460898544073
25 4 0.028442764559661365
25 5 0.02894759415190884
25 6 0.030332949675286592
25 7 0.03259883112979459
25 8 0.0357452385154328
25 9 0.039772171832201234
25 10 0.044679631080099924
25 11 0.05046761625912884
25 12 0.057136127369288005
25 13 0.06468516441057737
25 14 0.07311472738299699
25 15 0.08242481628654688
25 16 0.09261543112122693
25 17 0.10368657188703732
25 18 0.11563823858397786
25 19 0.12847043121204865
25 20 0.14218314977124966
25 21 0.15677639426158096
25 22 0.1722501646830424
25 23 0.1886044610356342
25 24 0.2058392833193561
25 25 0.22395463153420833
26 1 0.03419834700814171
26 2 0.031932895177624245
26 3 0.030607266178087268
26 4 0.030221460009530878
26 5 0.03077547667195508
26 6 0.03226931616535981
26 7 0.03470297848974508
26 8 0.03807646364511093
26 9 0.04238977163145735
26 10 0.04764290244878432
26 11 0.05383585609709182
26 12 0.060968632576379925
26 13 0.06904123188664857
26 14 0.07805365402789777
26 15 0.08800589900012755
26 16 0.09889796680333786
26 17 0.11072985743752872
26 18 0.12350157090270018
26 19 0.1372131071988522
26 20 0.15186446632598477
26 21 0.16745564828409787
26 22 0.18398665307319156
26 23 0.20145748069326574
26 24 0.21986813114432058
26 25 0.23921860442635592
27 1 0.03604859650445053
27 2 0.03366368132118012
27 3 0.032274430630894954
27 4 0.03188084443359515
27 5 0.032482922729280606
27 6 0.03408066551795136
27 7 0.036674072799607424
27 8 0.04026314457424881
27 9 0.04484788084187547
27 10 0.05042828160248744
27 11 0.05700434685608471
27 12 0.06457607660266727
27 13 0.07314347084223516
27 14 0.08270652957478832
27 15 0.09326525280032683
27 16 0.10481964051885057
27 17 0.11736969273035965
27 18 0.130915409434854
27 19 0.1454567906323337
27 20 0.16099383632279865
27 21 0.17752654650624894
27 22 0.1950549211826845
27 23 0.21357896035210533
27 24 0.23309866401451146
27 25 0.25361403216990297
28 1 0.0378315767140426
28 2 0.035331996397651
28 3 0.03388262355302109
28 4 0.033483458180152824
28 5 0.034134500279046305
28 6 0.0358357498497015
28 7 0.038587206892118336
28 8 0.04238887140629691
28 9 0.04724074339223718
28 10 0.05314282284993915
28 11 0.0600951097794028
28 12 0.06809760418062814
28 13 0.07715030605361523
28 14 0.08725321539836393
28 15 0.09840633221487444
28 16 0.11060965650314654
28 17 0.12386318826318041
28 18 0.13816692749497592
28 19 0.1535208741985332
28 20 0.1699250283738521
28 21 0.18737939002093273
28 22 0.20588395913977506
28 23 0.22543873573037904
28 24 0.2460437197927448
28 25 0.26769891132687224
29 1 0.0393846097173082
29 2 0.03678565275291979
29 3 0.035285216593826524
29 4 0.03488330124002844
29 5 0.0355799066915255
29 6 0.037375032948317725
29 7 0.04026868001040513
29 8 0.044260847877787696
29 9 0.049351536550465445
29 10 0.05554074602843836
29 11 0.06282847631170645
29 12 0.07121472740026967
29 13 0.08069949929412809
29 14 0.0912827919932817
29 15 0.10296460549773043
29 16 0.11574493980747434
29 17 0.1296237949225134
29 18 0.14460117084284765
29 19 0.16067706756847708
29 20 0.17785148509940174
29 21 0.19612442343562145
29 22 0.2154958825771364
29 23 0.2359658625239465
29 24 0.2575343632760517
29 25 0.2802013848334521
30 1 0.04063622924078913
30 2 0.03795768468888242
30 3 0.03641740485616116
30 4 0.03601538974262527
30 5 0.03675163934827472
30 6 0.038626153673109544
30 7 0.04163893271712976
30 8 0.04578997648033533
30 9 0.051079284962726235
30 10 0.05750685816430252
30 11 0.06507269608506422
30 12 0.07377679872501124
30 13 0.08361916608414366
30 14 0.09459979816246142
30 15 0.10671869495996457
30 16 0.11997585647665304
30 17 0.13437128271252693
30 18 0.14990497366758615
30 19 0.16657692934183077
30 20 0.18438714973526074
30 21 0.20333563484787615
30 22 0.22342238467967682
30 23 0.24464739923066292
30 24 0.26701067850083443
30 25 0.29051222249019115
31 1 0.041705557708552804
31 2 0.0389595910228957
31 3 0.03738676754561478
31 4 0.03698708727670994
31 5 0.037760550216181216
31 6 0.039707156364028655
31 7 0.04282690572025221
31 8 0.047119798284851924
31 9 0.05258583405782778
31 10 0.05922501303917974
31 11 0.06703733522890787
31 12 0.07602280062701211
31 13 0.08618140923349248
31 14 0.097513161048349
31 15 0.1100180560715817
31 16 0.12369609430319047
31 17 0.13854727574317544
31 18 0.15457160039153647
31 19 0.17176906824827365
31 20 0.190139679313387
31 21 0.20968343358687647
31 22 0.2304003310687421
31 23 0.25229037175898383
31 24 0.2753535556576017
31 25 0.29958988276459575
32 1 0.04255920373427267
32 2 0.03976010867511606
32 3 0.0381631176607741
32 4 0.03776823069124669
32 5 0.03857544776653385
32 6 0.04058476888663559
32 7 0.04379619405155188
32 8 0.048209723261282755
32 9 0.05382535651582822
32 10 0.060643093815188225
32 11 0.06866293515936282
32 12 0.07788488054835195
32 13 0.08830892998215571
32 14 0.099935083460774
32 15 0.11276334098420687
32 16 0.1267937025524543
32 17 0.1420261681655164
32 18 0.1584607378233929
32 19 0.17609741152608405
32 20 0.19493618927358977
32 21 0.2149770710659101
32 22 0.236220056903045
32 23 0.2586651467849944
32 24 0.2823123407117584
32 25 0.307161638683337
33 1 0.04316528453247161
33 2 0.04032930054544399
33 3 0.038717320050332245
33 4 0.03832934304713639
33 5 0.039165369535856406
33 6 0.041225399516492386
33 7 0.044509432989044306
33 8 0.04901746995351213
33 9 0.05474951040989584
33 10 0.0617055543581955
33 11 0.06988560179841101
33 12 0.07928965273054248
33 13 0.08991770715458985
33 14 0.10176976507055313
33 15 0.11484582647843228
33 16 0.12914589137822746
33 17 0.1446699597699385
33 18 0.1614180316535654
33 19 0.1793901070291083
33 20 0.19858618589656699
33 21 0.21900626825594174
33 22 0.24065035410723232
33 23 0.2635184434504388
33 24 0.28761053628556116
33 25 0.3129266326125995
34 1 0.04355865826992964
34 2 0.04069989595859503
34 3 0.03908122312830797
34 4 0.03870263977906848
34 5 0.03956414591087664
34 6 0.04166574152373238
34 7 0.04500742661763567
34 8 0.049589201192586634
34 9 0.05541106524858511
34 10 0.06247301878563122
34 11 0.0707750618037249
34 12 0.08031719430286617
34 13 0.09109941628305504
34 14 0.10312172774429153
34 15 0.11638412868657559
34 16 0.13088661910990726
34 17 0.14662919901428645
34 18 0.16361186839971328
34 19 0.1818346272661877
34 20 0.2012974756137097
34 21 0.22200041344227933
34 22 0.24394344075189658
34 23 0.2671265575425613
34 24 0.2915497638142737
34 25 0.3172130595670337
35 1 0.04371371573495924
35 2 0.0408479500250927
35 3 0.03923179085116919
35 4 0.03886523821318873
35 5 0.039748292111151315
35 6 0.0418809525450569
35 7 0.04526321951490558
35 8 0.049895093020697265
35 9 0.05577657306243206
35 10 0.06290765964010983
35 11 0.07128835275373065
35 12 0.08091865240329452
35 13 0.09179855858880144
35 14 0.1039280713102514
35 15 0.1173071905676444
35 16 0.13193591636098045
35 17 0.14781424869025955
35 18 0.16494218755548168
35 19 0.18331973295664683
35 20 0.20294688489375504
35 21 0.22382364336680635
35 22 0.24595000837580067
35 23 0.269325979920738
35 24 0.29395155800161826
35 25 0.3198267426184418
36 1 0.0436363021721161
36 2 0.04077841377905091
36 3 0.03917242536725146
36 4 0.03881833693671786
36 5 0.039716148487450004
36 6 0.04186586001944805
36 7 0.04526747153271188
36 8 0.04992098302724146
36 9 0.05582639450303688
36 10 0.06298370596009811
36 11 0.07139291739842511
36 12 0.08105402881801797
36 13 0.09196704021887665
36 14 0.10413195160100111
36 15 0.11754876296439135
36 16 0.13221747430904737
36 17 0.14813808563496925
36 18 0.1653105969421569
36 19 0.18373500823061037
36 20 0.20341131950032967
36 21 0.22433953075131477
36 22 0.24651964198356568
36 23 0.26995165319708236
36 24 0.2946355643918649
36 25 0.32057137556791315
37 1 0.043310259943123
37 2 0.040476875628176194
37 3 0.03889110369003161
37 4 0.03855294412868918
37 5 0.03946239694414898
37 6 0.041619462136410997
37 7 0.045024139705475176
37 8 0.0496764296513416
37 9 0.055576331974010226
37 10 0.06272384667348106
37 11 0.07111897374975412
37 12 0.08076171320282934
37 13 0.09165206503270677
37 14 0.10379002923938642
37 15 0.11717560582286829
37 16 0.13180879478315233
37 17 0.14768959612023863
37 18 0.1648180098341271
37 19 0.18319403592481778
37 20 0.20281767439231066
37 21 0.22368892523660572
37 22 0.24580778845770304
37 23 0.2691742640556025
37 24 0.2937883520303042
37 25 0.3196500523818081
38 1 0.042749224429002884
38 2 0.039955630544987006
38 3 0.03839845212938869
38 4 0.038077689182207934
38 5 0.03899334170344485
38 6 0.041145409693099294
38 7 0.04453389315117128
38 8 0.049158792077660926
38 9 0.05502010647256813
38 10 0.06211783633589292
38 11 0.07045198166763532
38 12 0.08002254246779532
38 13 0.09082951873637286
38 14 0.10287291047336802
38 15 0.11615271767878074
38 16 0.13066894035261106
38 17 0.14642157849485896
38 18 0.16341063210552442
38 19 0.18163610118460752
38 20 0.2010979857321082
38 21 0.22179628574802643
38 22 0.24373100123236227
38 23 0.2669021321851156
38 24 0.29130967860628665
38 25 0.31695364049587527
39 1 0.04200163771285573
39 2 0.03925982839280799
39 3 0.03773752579687023
39 4 0.03743472992504251
39 5 0.0383514407773248
39 6 0.040487658353717114
39 7 0.04384338265421945
39 8 0.048418613678831775
39 9 0.05421335142755412
39 10 0.06122759590038656
39 11 0.0694613470973289
39 12 0.07891460501838132
39 13 0.08958736966354375
39 14 0.10147964103281622
39 15 0.11459141912619869
39 16 0.12892270394369115
39 17 0.1444734954852937
39 18 0.1612437937510062
39 19 0.17923359874082878
39 20 0.19844291045476123
39 21 0.21887172889280385
39 22 0.24052005405495647
39 23 0.26338788594121904
39 24 0.2874752245515917
39 25 0.31278206988607427
40 1 0.04097501353302732
40 2 0.03830336423389254
40 3 0.03682646887457889
40 4 0.03654432745508643
40 5 0.03745693997541513
40 6 0.039564306435564967
40 7 0.042866426835535994
40 8 0.04736330117532819
40 9 0.05305492945494155
40 10 0.05994131167437607
40 11 0.06802244783363177
40 12 0.07729833793270863
40 13 0.08776898197160664
40 14 0.0994343799503258
40 15 0.11229453186886618
40 16 0.12634943772722765
40 17 0.14159909752541036
40 18 0.15804351126341418
40 19 0.17568267894123923
40 20 0.19451660055888537
40 21 0.21454527611635277
40 22 0.23576870561364124
40 23 0.2581868890507509
40 24 0.28179982642768175
40 25 0.3066075177444338
41 1 0.039738450295639556
41 2 0.03715054679851267
41 3 0.03572635796160377
41 4 0.035465883784912874
41 5 0.036369124268439905
41 6 0.03843607941218485
41 7 0.04166674921614786
41 8 0.04606113368032881
41 9 0.05161923280472771
41 10 0.058341046589344595
41 11 0.06622657503417943
41 12 0.07527581813923225
41 13 0.08548877590450303
41 14 0.09686544832999178
41 15 0.10940583541569848
41 16 0.12310993716162318
41 17 0.13797775356776584
41 18 0.15400928463412644
41 19 0.17120453036070504
41 20 0.1895634907475016
41 21 0.20908616579451614
41 22 0.22977255550174863
41 23 0.2516226598691991
41 24 0.27463647889686754
41 25 0.29881401258475393
42 1 0.038335375213581324
42 2 0.03584189199485997
42 3 0.034475935641032386
42 4 0.03423750615209852
42 5 0.035126603528058443
42 6 0.03714322776891211
42 7 0.04028737887465957
42 8 0.04455905684530077
42 9 0.049958261680835746
42 10 0.05648499338126448
42 11 0.06413925194658697
42 12 0.07292103737680322
42 13 0.08283034967191326
42 14 0.09386718883191703
42 15 0.10603155485681459
42 16 0.1193234477466059
42 17 0.13374286750129094
42 18 0.14928981412086978
42 19 0.16596428760534243
42 20 0.18376628795470876
42 21 0.2026958151689689
42 22 0.2227528692481228
42 23 0.24393745019217042
42 24 0.26624955800111183
42 25 0.28968919267494697
43 1 0.03667517142402344
43 2 0.03429286328521343
43 3 0.032994379972433215
43 4 0.032779721485682894
43 5 0.033648887824962434
43 6 0.03560187899027187
43 7 0.0386386949816111
43 8 0.04275933579898026
43 9 0.04796380144237926
43 10 0.05425209191180815
43 11 0.06162420720726688
43 12 0.07008014732875549
43 13 0.07961991227627395
43 14 0.09024350204982232
43 15 0.10195091664940048
43 16 0.11474215607500855
43 17 0.1286172203266465
43 18 0.14357610940431428
43 19 0.15961882330801197
43 20 0.17674536203773944
43 21 0.19495572559349686
43 22 0.2142499139752841
43 23 0.23462792718310121
43 24 0.25608976521694815
43 25 0.2786354280768251
44 1 0.03491580500728469
44 2 0.03265084505346296
44 3 0.031422646135022096
44 4 0.031231208251962107
44 5 0.03207653140428298
44 6 0.03395861559198468
44 7 0.03687746081506729
44 8 0.04083306707353073
44 9 0.04582543436737502
44 10 0.05185456269660019
44 11 0.058920452061206205
44 12 0.06702310246119306
44 13 0.07616251389656079
44 14 0.08633868636730936
44 15 0.09755161987343883
44 16 0.10980131441494909
44 17 0.12308776999184026
44 18 0.1374109866041123
44 19 0.15277096425176515
44 20 0.1691677029347989
44 21 0.1866012026532135
44 22 0.20507146340700894
44 23 0.22457848519618526
44 24 0.2451222680207424
44 25 0.2667028118806804
45 1 0.033046491991197295
45 2 0.030905809268191062
45 3 0.02975123251513434
45 4 0.029582761732026994
45 5 0.030400396918869095
45 6 0.032204138075660686
45 7 0.034993985202401684
45 8 0.038769938299092144
45 9 0.043531997365732086
45 10 0.04928016240232146
45 11 0.056014433408860295
45 12 0.06373481038534858
45 13 0.07244129333178628
45 14 0.08213388224817347
45 15 0.09281257713451006
45 16 0.10447737799079616
45 17 0.11712828481703166
45 18 0.13076529761321667
45 19 0.14538841637935107
45 20 0.16099764111543496
45 21 0.17759297182146827
45 22 0.19517440849745107
45 23 0.21374195114338324
45 24 0.23329559975926498
45 25 0.2538353543450961
46 1 0.03099168428945245
46 2 0.02898722156591848
46 3 0.02791255689537748
46 4 0.027767690277829507
46 5 0.028552621713274533
46 6 0.030267351201712582
46 7 0.03291187874314362
46 8 0.03648620433756769
46 9 0.04099032798498474
46 10 0.04642424968539484
46 11 0.05278796943879792
46 12 0.06008148724519402
46 13 0.06830480310458312
46 14 0.07745791701696525
46 15 0.08754082898234036
46 16 0.09855353900070846
46 17 0.11049604707206963
46 18 0.12336835319642377
46 19 0.1371704573737709
46 20 0.15190235960411114
46 21 0.16756405988744427
46 22 0.18415555822377047
46 23 0.20167685461308965
46 24 0.22012794905540187
46 25 0.2395088415507071
47 1 0.028836779648945644
47 2 0.026974801640653606
47 3 0.02598297413008051
47 4 0.025861297117226307
47 5 0.026609770602091024
47 6 0.0282283945846747
47 7 0.030717169064977262
47 8 0.03407609404299876
47 9 0.038305169518739204
47 10 0.04340439549219854
47 11 0.0493737719633768
47 12 0.05621329893227399
47 13 0.06392297639889008
47 14 0.07250280436322513
47 15 0.08195278282527907
47 16 0.09227291178505195
47 17 0.10346319124254374
47 18 0.11552362119775444
47 19 0.12845420165068408
47 20 0.14225493260133268
47 21 0.15692581404970013
47 22 0.17246684599578654
47 23 0.18887802843959184
47 24 0.2061593613811161
47 25 0.22431084482035926
48 1 0.026652301694199427
48 2 0.024934422123835134
48 3 0.024025677416277466
48 4 0.023926067571526464
48 5 0.024635592589582034
48 6 0.026154252470444277
48 7 0.02848204721411313
48 8 0.03161897682058864
48 9 0.035565041289870765
48 10 0.04032024062195954
48 11 0.045884574816854935
48 12 0.05225804387455695
48 13 0.05944064779506562
48 14 0.06743238657838091
48 15 0.07623326022450282
48 16 0.08584326873343139
48 17 0.09626241210516658
48 18 0.10749069033970839
48 19 0.11952810343705685
48 20 0.13237465139721194
48 21 0.14603033422017364
48 22 0.160495151905942
48 23 0.17576910445451696
48 24 0.19185219186589855
48 25 0.20874441414008685
49 1 0.024271465712337927
49 2 0.022710279126818004
49 3 0.02189115125204166
49 4 0.021814082088008915
49 5 0.022479071634719745
49 6 0.023886119892174165
49 7 0.02603522686037216
49 8 0.028926392539313703
49 9 0.03255961692899884
49 10 0.03693490002942755
49 11 0.04205224184059982
49 12 0.0479116423625157
49 13 0.05451310159517516
49 14 0.06185661953857816
49 15 0.06994219619272478
49 16 0.07876983155761492
49 17 0.08833952563324869
49 18 0.09865127841962604
49 19 0.1097050899167469
49 20 0.12150096012461142
49 21 0.13403888904321948
49 22 0.1473188766725711
49 23 0.16134092301266628
49 24 0.1761050280635051
49 25 0.19161119182508743
50 1 0.022089303749450753
50 2 0.020671423489681946
50 3 0.01993362285875736
50 4 0.01987590185667688
50 5 0.020498260483440556
50 6 0.021800698739048406
50 7 0.02378321662350041
50 8 0.026445814136796565
50 9 0.02978849127893688
50 10 0.03381124804992135
50 11 0.03851408444974998
50 12 0.043897000478422744
50 13 0.04995999613593968
50 14 0.056703071422300765
50 15 0.06412622633750602
50 16 0.07222946088155544
50 17 0.08101277505444898
50 18 0.09047616885618669
50 19 0.10061964228676855
50 20 0.11144319534619457
50 21 0.1229468280344648
50 22 0.13513054035157912
50 23 0.1479943322975376
50 24 0.16153820387234025
50 25 0.17576215507598708
51 1 0.01979423011367216
51 2 0.018526756576998503
51 3 0.01787367051487025
51 4 0.017834971927287415
51 5 0.018410660814250013
51 6 0.019600737175758012
51 7 0.021405201011811432
51 8 0.023824052322410284
51 9 0.026857291107554547
51 10 0.030504917367244238
51 11 0.03476693110147935
51 12 0.03964333231025986
51 13 0.045134120993585804
51 14 0.051239297151457176
51 15 0.05795886078387394
51 16 0.06529281189083615
51 17 0.07324115047234375
51 18 0.0818038765283968
51 19 0.09098099005899526
51 20 0.10077249106413914
51 21 0.11117837954382845
51 22 0.12219865549806318
51 23 0.1338333189268433
51 24 0.14608236983016887
51 25 0.15894580820803983
52 1 0.01770326449313419
52 2 0.01657253721850856
52 3 0.015995890241429476
52 4 0.015973323561896926
52 5 0.016504837179910924
52 6 0.017590431095471443
52 7 0.019230105308578514
52 8 0.021423859819232113
52 9 0.024171694627432266
52 10 0.027473609733178944
52 11 0.03132960513647216
52 12 0.03573968083731192
52 13 0.04070383683569822
52 14 0.046222073131631035
52 15 0.05229438972511043
52 16 0.058920786616136325
52 17 0.06610126380470878
52 18 0.07383582129082776
52 19 0.08212445907449327
52 20 0.09096717715570533
52 21 0.10036397553446394
52 22 0.11031485421076909
52 23 0.12081981318462076
52 24 0.13187885245601896
52 25 0.1434919720249637
53 1 0.015562976576473962
53 2 0.014571928073443197
53 3 0.014072758805890524
53 4 0.014065468773815922
53 5 0.01455005797721944
53 6 0.015526526416101057
53 7 0.016994874090460747
53 8 0.018955101000298548
53 9 0.021407207145614435
53 10 0.024351192526408414
53 11 0.027787057142680486
53 12 0.03171480099443066
53 13 0.03613442408165893
53 14 0.04104592640436527
53 15 0.04644930796254973
53 16 0.05234456875621228
53 17 0.058731708785352915
53 18 0.06561072804997164
53 19 0.07298162655006847
53 20 0.08084440428564339
53 21 0.08919906125669641
53 22 0.09804559746322752
53 23 0.10738401290523672
53 24 0.11721430758272403
53 25 0.12753648149568944
54 1 0.01329038941302283
54 2 0.012447303224464556
54 3 0.012029486635927485
54 4 0.01203693964741165
54 5 0.012469662258917023
54 6 0.01332765447044361
54 7 0.01461091628199141
54 8 0.016319447693560436
54 9 0.018453248705150683
54 10 0.021012319316762153
54 11 0.023996659528394814
54 12 0.02740626934004872
54 13 0.031241148751723836
54 14 0.03550129776342017
54 15 0.04018671637513772
54 16 0.045297404586876484
54 17 0.05083336239863647
54 18 0.05679458981041768
54 19 0.06318108682222011
54 20 0.06999285343404375
54 21 0.07722988964588862
54 22 0.08489219545775469
54 23 0.09297977086964196
54 24 0.10149261588155048
54 25 0.11043073049348023
55 1 0.01123782404301574
55 2 0.010528027126571573
55 3 0.0101827794149723
55 4 0.01020208090821792
55 5 0.010585931606308429
55 6 0.011334331509243822
55 7 0.01244728061702411
55 8 0.01392477892964929
55 9 0.015766826447119367
55 10 0.01797342316943432
55 11 0.020544569096594165
55 12 0.023480264228598897
55 13 0.02678050856544853
55 14 0.03044530210714304
55 15 0.03447464485368244
55 16 0.038868536805066745
55 17 0.04362697796129593
55 18 0.04874996832236999
55 19 0.05423750788828897
55 20 0.06008959665905283
55 21 0.06630623463466158
55 22 0.07288742181511522
55 23 0.0798331582004137
55 24 0.08714344379055712
55 25 0.09481827858554545
56 1 0.009341541927293185
56 2 0.00875454305161889
56 3 0.00847544543944393
56 4 0.00850424909076831
56 5 0.008840954005592023
56 6 0.009485560183915082
56 7 0.010438067625737473
56 8 0.011698476331059197
56 9 0.013266786299880259
56 10 0.01514299753220066
56 11 0.017327110028020405
56 12 0.019819123787339472
56 13 0.02261903881015789
56 14 0.02572685509647564
56 15 0.029142572646292726
56 16 0.03286619145960915
56 17 0.036897711536424904
56 18 0.04123713287674001
56 19 0.045884455480554434
56 20 0.050839679347868226
56 21 0.05610280447868133
56 22 0.06167383087299379
56 23 0.06755275853080556
56 24 0.07373958745211667
56 25 0.08023431763692712
57 1 0.0074432121298139645
57 2 0.00697874194313329
57 3 0.0067648175156377055
57 4 0.006801438847327196
57 5 0.007088605938201782
57 6 0.007626318788261448
57 7 0.008414577397506196
57 8 0.009453381765936032
57 9 0.010742731893550952
57 10 0.012282627780350953
57 11 0.014073069426336038
57 12 0.016114056831506213
57 13 0.01840558999586147
57 14 0.020947668919401814
57 15 0.023740293602127236
57 16 0.026783464044037742
57 17 0.030077180245133336
57 18 0.03362144220541402
57 19 0.037416249924879776
57 20 0.041461603403530625
57 21 0.04575750264136655
57 22 0.05030394763838757
57 23 0.05510093839459366
57 24 0.06014847490998486
57 25 0.06544655718456112
58 1 0.005771939856704702
58 2 0.0054149149254397256
58 3 0.005257252393817344
58 4 0.005298952261837569
58 5 0.005540014529500398
58 6 0.005980439196805822
58 7 0.006620226263753851
58 8 0.0074593757303444905
58 9 0.008497887596577724
58 10 0.00973576186245356
58 11 0.011172998527972001
58 12 0.012809597593133045
58 13 0.01464555905793669
58 14 0.016680882922382935
58 15 0.018915569186471783
58 16 0.02134961785020324
58 17 0.02398302891357729
58 18 0.026815802376593947
58 19 0.029847938239253205
58 20 0.03307943650155507
58 21 0.036510297163499524
58 22 0.040140520225086594
58 23 0.04397010568631626
58 24 0.04799905354718854
58 25 0.05222736380770341
59 1 0.004353827857002782
59 2 0.004087544267068711
59 3 0.003976503980595045
59 4 0.004020706997581784
59 5 0.004220153318028931
59 6 0.004574842941936488
59 7 0.005084775869304449
59 8 0.005749952100132818
59 9 0.006570371634421587
59 10 0.007546034472170767
59 11 0.00867694061338035
59 12 0.009963090058050343
59 13 0.011404482806180739
59 14 0.013001118857771542
59 15 0.014752998212822754
59 16 0.016660120871334366
59 17 0.018722486833306386
59 18 0.02094009609873882
59 19 0.023312948667631644
59 20 0.025841044539984887
59 21 0.028524383715798532
59 22 0.03136296619507259
59 23 0.03435679197780705
59 24 0.03750586106400191
59 25 0.04081017345365718
60 1 0.003083717033969645
60 2 0.0028982183282269505
60 3 0.002827666378387621
60 4 0.0028720611844516505
60 5 0.003031402746419041
60 6 0.003305691064289793
60 7 0.003694926138063904
60 8 0.004199107967741377
60 9 0.004818236553322208
60 10 0.0055523118948064025
60 11 0.006401333992193958
60 12 0.0073653028454848685
60 13 0.008444218454679143
60 14 0.00963808081977678
60 15 0.010946889940777775
60 16 0.012370645817682133
60 17 0.013909348450489849
60 18 0.015562997839200924
60 19 0.017331593983815365
60 20 0.019215136884333166
60 21 0.021213626540754323
60 22 0.023327062953078837
60 23 0.02555544612130672
60 24 0.027898776045437963
60 25 0.030357052725472563
61 1 0.002017492792260756
61 2 0.0018992465817591181
61 3 0.0018612118382422835
61 4 0.0019033885617102517
61 5 0.0020257767521630215
61 6 0.0022283764096005937
61 7 0.0025111875340229697
61 8 0.0028742101254301496
61 9 0.003317444183822134
61 10 0.0038408897091989215
61 11 0.004444546701560509
61 12 0.005128415160906903
61 13 0.0058924950872381
61 14 0.006736786480554098
61 15 0.0076612893408549015
61 16 0.008666003668140505
61 17 0.009750929462410914
61 18 0.010916066723666124
61 19 0.012161415451906141
61 20 0.01348697564713096
61 21 0.01489274730934058
61 22 0.016378730438535005
61 23 0.01794492503471423
61 24 0.019591331097878265
61 25 0.021317948628027095
62 1 0.0011404205475173462
62 2 0.0010767908537007663
62 3 0.0010636655411306545
62 4 0.0011010446098070066
62 5 0.0011889280597298252
62 6 0.0013273158908991107
62 7 0.001516208103314862
62 8 0.00175560469697708
62 9 0.0020455056718857614
62 10 0.0023859110280409126
62 11 0.002776820765442528
62 12 0.0032182348840906106
62 13 0.0037101533839851556
62 14 0.004252576265126169
62 15 0.004845503527513648
62 16 0.005488935171147596
62 17 0.006182871196028008
62 18 0.006927311602154884
62 19 0.007722256389528228
62 20 0.008567705558148037
62 21 0.009463659108014312
62 22 0.010410117039127052
62 23 0.011407079351486262
62 24 0.012454546045091936
62 25 0.013552517119944076
63 1 0.0005420916763680839
63 2 0.0005149204206407778
63 3 0.0005167006606203881
63 4 0.0005474323963069126
63 5 0.0006071156277003537
63 6 0.0006957503548007092
63 7 0.0008133365776079816
63 8 0.0009598742961221691
63 9 0.0011353635103432712
63 10 0.00133980422027129
63 11 0.0015731964259062233
63 12 0.001835540127248073
63 13 0.0021268353242968386
63 14 0.0024470820170525184
63 15 0.002796280205515115
63 16 0.0031744298896846258
63 17 0.003581531069561053
63 18 0.004017583745144395
63 19 0.004482587916434653
63 20 0.004976543583431828
63 21 0.005499450746135916
63 22 0.006051309404546921
63 23 0.006632119558664839
63 24 0.007241881208489676
63 25 0.007880594354021428
64 1 0.00019805427367252423
64 2 0.00019102684256399092
64 3 0.00019923992145592223
64 4 0.0002226935103483176
64 5 0.0002613876092411777
64 6 0.0003153222181345021
64 7 0.0003844973370282914
64 8 0.000468912965922545
64 9 0.000568569104817263
64 10 0.0006834657537124454
64 11 0.0008136029126080927
64 12 0.0009589805815042038
64 13 0.00111959876040078
64 14 0.0012954574492978204
64 15 0.0014865566481953249
64 16 0.001692896357093295
64 17 0.001914476575991729
64 18 0.002151297304890628
64 19 0.0024033585437899904
64 20 0.0026706602926898177
64 21 0.0029532025515901093
64 22 0.0032509853204908657
64 23 0.003564008599392087
64 24 0.003892272388293772
64 25 0.004235776687195922
65 1 0.000056765851636501794
65 2 0.00005740934227703642
65 3 0.00006669495083289542
65 4 0.00008462267730407893
65 5 0.00011119252169058692
65 6 0.00014640448399241935
65 7 0.00019025856420957626
65 8 0.00024275476234205737
65 9 0.00030389307838986297
65 10 0.0003736735123529931
65 11 0.0004520960642314478
65 12 0.0005391607340252267
65 13 0.00063486752173433
65 14 0.0007392164273587579
65 15 0.00085220745089851
65 16 0.0009738405923535866
65 17 0.0011041158517239881
65 18 0.0012430332290097137
65 19 0.0013905927242107636
65 20 0.0015467943373271378
65 21 0.0017116380683588367
65 22 0.0018851239173058602
65 23 0.002067251884168208
65 24 0.00225802196894588
65 25 0.002457434171638877
66 1 5.440248779064512*^-6
66 2 8.525253686523013*^-6
66 3 0.00001730044509085311
66 4 0.00003176582299205469
66 5 0.00005192138739012776
66 6 0.00007776713828507229
66 7 0.00010930307567688846
66 8 0.00014652919956557615
66 9 0.00018944550995113525
66 10 0.000238052006833566
66 11 0.0002923486902128683
66 12 0.0003523355600890421
66 13 0.0004180126164620873
66 14 0.0004893798593320043
66 15 0.0005664372886987924
66 16 0.0006491849045624524
66 17 0.0007376227069229839
66 18 0.0008317506957803866
66 19 0.000931568871134661
66 20 0.001037077232985807
66 21 0.0011482757813338247
66 22 0.0012651645161787135
66 23 0.0013877434375204742
66 24 0.0015160125453591061
66 25 0.0016499718396946097
67 1 -0.000014342858085274025
67 2 -0.000010507107531594031
67 3 -2.4250297390841862*^-6
67 4 9.903375292255466*^-6
67 5 0.000026478107562425122
67 6 0.000047299167071424704
67 7 0.00007236655381925393
67 8 0.00010168026780591304
67 9 0.00013524030903140207
67 10 0.00017304667749572084
67 11 0.00021509937319886963
67 12 0.00026139839614084824
67 13 0.00031194374632165657
67 14 0.0003667354237412947
67 15 0.00042577342839976293
67 16 0.0004890577602970609
67 17 0.0005565884194331888
67 18 0.0006283654058081465
67 19 0.0007043887194219339
67 20 0.0007846583602745514
67 21 0.0008691743283659986
67 22 0.0009579366236962758
67 23 0.0010509452462653824
67 24 0.0011482001960733195
67 25 0.0012497014731200863
68 1 -0.0000224541602361112
68 2 -0.000018417147741428375
68 3 -0.000010897156255265763
68 4 1.0581422237666754*^-7
68 5 0.000014591763691498972
68 6 0.00003256069215210127
68 7 0.00005401259960418334
68 8 0.0000789474860477453
68 9 0.00010736535148278702
68 10 0.00013926619590930877
68 11 0.0001746500193273102
68 12 0.0002135168217367915
68 13 0.00025586660313775284
68 14 0.00030169936353019385
68 15 0.0003510151029141148
68 16 0.0004038138212895155
68 17 0.0004600955186563963
68 18 0.0005198601950147566
68 19 0.000583107850364597
68 20 0.0006498384847059174
68 21 0.0007200520980387174
68 22 0.0007937486903629974
68 23 0.0008709282616787572
68 24 0.0009515908119859969
68 25 0.0010357363412847162
69 1 -0.000026426688235992537
69 2 -0.000022363911151976824
69 3 -0.00001530908392785725
69 4 -5.262206563633808*^-6
69 5 7.776720940693437*^-6
69 6 0.000023807698585124465
69 7 0.000042830726369659484
69 8 0.00006484580429429835
69 9 0.0000898529323590411
69 10 0.00011785211056388754
69 11 0.00014884333890883802
69 12 0.00018282661739389217
69 13 0.00021980194601905036
69 14 0.00025976932478431237
69 15 0.0003027287536896781
69 16 0.0003486802327351477
69 17 0.00039762376192072123
69 18 0.0004495593412463987
69 19 0.0005044869707121799
69 20 0.000562406650318065
69 21 0.0006233183800640538
69 22 0.0006872221599501467
69 23 0.0007541179899763432
69 24 0.0008240058701426438
69 25 0.000896885800449048
70 1 -0.0000281271823762252
70 2 -0.000024096290825754976
70 3 -0.000017352509269945075
70 4 -7.895837708795206*^-6
70 5 4.273723857694412*^-6
70 6 0.000019156175429523976
70 7 0.0000367515170066933
70 8 0.00005705974858920252
70 9 0.00008008087017705165
70 10 0.00010581488177024046
70 11 0.0001342617833687692
70 12 0.00016542157497263782
70 13 0.00019929425658184635
70 14 0.00023587982819639464
70 15 0.00027517828981628273
70 16 0.0003171896414415107
70 17 0.0003619138830720785
70 18 0.00040935101470798626
70 19 0.00045950103634923386
70 20 0.0005123639479958212
70 21 0.0005679397496477484
70 22 0.0006262284413050155
70 23 0.0006872300229676223
70 24 0.0007509444946355692
70 25 0.0008173718563088558
71 1 -0.000029071055753596018
71 2 -0.000025087151206802527
71 3 -0.000018592406351340815
71 4 -9.586821187211012*^-6
71 5 1.9296042855870035*^-6
71 6 0.000015956870067053206
71 7 0.00003249497615718752
71 8 0.00005154392255599009
71 9 0.00007310370926346074
71 10 0.00009717433627959963
71 11 0.0001237558036044067
71 12 0.00015284811123788194
71 13 0.00018445125918002534
71 14 0.00021856524743083693
71 15 0.00025519007599031666
71 16 0.0002943257448584645
71 17 0.00033597225403528063
71 18 0.000380129603520765
71 19 0.00042679779331491737
71 20 0.000475976823417738
71 21 0.0005276666938292268
71 22 0.0005818674045493837
71 23 0.0006385789555782088
71 24 0.000697801346915702
71 25 0.0007595345785618634
72 1 -0.00002960866452976987
72 2 -0.00002566951398048085
72 3 -0.000019363537967281742
72 4 -0.000010690736490172526
72 5 3.4889045084684664*^-7
72 6 0.000013755342855776272
72 7 0.00002952862072461581
72 8 0.00004766872405736536
72 9 0.00006817565285402513
72 10 0.00009104940711459498
72 11 0.00011628998683907489
72 12 0.0001438973920274649
72 13 0.00017387162267976507
72 14 0.0002062126787959753
72 15 0.00024092056037609564
72 16 0.00027799526742012615
72 17 0.0003174367999280667
72 18 0.0003592451578999173
72 19 0.00040342034133567797
72 20 0.0004499623502353489
72 21 0.0004988711845989299
72 22 0.000550146844426421
72 23 0.0006037893297178221
72 24 0.0006597986404731334
72 25 0.0007181747766923547
73 1 -0.00002995926578140227
73 2 -0.00002605449997702315
73 3 -0.00001988518747548375
73 4 -0.000011451328276784095
73 5 -7.52922380924303*^-7
73 6 0.000012210030212095798
73 7 0.00002743752950227607
73 8 0.000044929575489616623
73 9 0.00006468616817411734
73 10 0.00008670730755577843
73 11 0.00011099299363459959
73 12 0.00013754322641058105
73 13 0.00016635800588372268
73 14 0.0001974373320540246
73 15 0.0002307812049214868
73 16 0.0002663896244861092
73 17 0.00030426259074789176
73 18 0.0003444001037068346
73 19 0.00038680216336293765
73 20 0.0004314687697162009
73 21 0.0004783999227666244
73 22 0.0005275956225142083
73 23 0.0005790558689589522
73 24 0.0006327806621008565
73 25 0.0006887700019399209
74 1 -0.000030277218042074
74 2 -0.000026396473505914738
74 3 -0.000020332419931391256
74 4 -0.000012085057318503719
74 5 -1.6543856672519732*^-6
74 6 0.000010959595022364023
74 7 0.000025756884750344106
74 8 0.000042737483516688406
74 9 0.0000619013913213969
74 10 0.00008324860816446951
74 11 0.00010677913404590625
74 12 0.00013249296896570726
74 13 0.00016039011292387238
74 14 0.00019047056592040172
74 15 0.00022273432795529518
74 16 0.00025718139902855287
74 17 0.00029381177914017474
74 18 0.0003326254682901607
74 19 0.0003736224664785109
74 20 0.0004168027737052253
74 21 0.0004621663899703038
74 22 0.0005097133152737465
74 23 0.0005594435496155533
74 24 0.0006113570929957244
74 25 0.0006654539454142598
75 1 -0.000030583745483793066
75 2 -0.000026713048778698847
75 3 -0.000020716278680421875
75 4 -0.000012593435188962213
75 5 -2.3445183043197707*^-6
75 6 0.000010030471973505346
75 7 0.000024531535644513214
75 8 0.000041158672708703745
75 9 0.00005991188316607712
75 10 0.00008079116701663306
75 11 0.00010379652426037183
75 12 0.0001289279548972933
75 13 0.00015618545892739753
75 14 0.00018556903635068444
75 15 0.000217078687167154
75 16 0.00025071441137680634
75 17 0.0002864762089796415
75 18 0.0003243640799756593
75 19 0.00036437802436485985
75 20 0.0004065180421472431
75 21 0.0004507841333228091
75 22 0.0004971762978915577
75 23 0.0005456945358534892
75 24 0.0005963388472086033
75 25 0.0006491092319569002
76 1 -0.00003094177548492835
76 2 -0.00002706975369226655
76 3 -0.000021117506999814603
76 4 -0.000013085035407572395
76 5 -2.972338915540038*^-6
76 6 9.220582476282439*^-6
76 7 0.000023493728767895193
76 8 0.000039847099959298054
76 9 0.000058280696050491134
76 10 0.00007879451704147435
76 11 0.00010138856293224779
76 12 0.00012606283372281128
76 13 0.00015281732941316506
76 14 0.000181652050003309
76 15 0.0002125669954932431
76 16 0.00024556216588296736
76 17 0.00028063756117248183
76 18 0.00031779318136178645
76 19 0.00035702902645088133
76 20 0.0003983450964397662
76 21 0.0004417413913284414
76 22 0.0004872179111169067
76 23 0.0005347746558051621
76 24 0.000584411625393208
76 25 0.0006361288198810437
77 1 -0.00003136592331904503
77 2 -0.000027481685406396946
77 3 -0.00002155441748325264
77 4 -0.000013584119549612134
77 5 -3.5707916054754766*^-6
77 6 8.485566349157412*^-6
77 7 0.000022584954314286516
77 8 0.00003872737228991174
77 9 0.00005691282027603322
77 10 0.00007714129827265092
77 11 0.0000994128062797647
77 12 0.00012372734429737478
77 13 0.00015008491232548096
77 14 0.0001784855103640834
77 15 0.00020892913841318202
77 16 0.00024141579647277682
77 17 0.0002759454845428678
77 18 0.000312518202623455
77 19 0.00035113395071453835
77 20 0.00039179272881611794
77 21 0.0004344945369281937
77 22 0.00047923937505076574
77 23 0.0005260272431838338
77 24 0.0005748581413273982
77 25 0.0006257320694814587
78 1 -0.0000498679448005086
78 2 -0.000044727923859948335
78 3 -0.00003800488966082907
78 4 -0.000029698842203150704
78 5 -0.000019809781486913382
78 6 -8.337707512116935*^-6
78 7 4.717379721238508*^-6
78 8 0.00001935548021315296
78 9 0.000035576593963626465
78 10 0.00005338072097265899
78 11 0.00007276786124025059
78 12 0.00009373801476640124
78 13 0.00011629118155111083
78 14 0.00014042736159437954
78 15 0.00016614655489620724
78 16 0.00019344876145659397
78 17 0.00022233398127553976
78 18 0.0002528022143530446
78 19 0.00028485346068910834
78 20 0.00031848772028373126
78 21 0.00035370499313691313
78 22 0.00039050527924865407
78 23 0.0004288885786189542
78 24 0.00046885489124781307
78 25 0.0005104042171352312
79 1 -0.00004589827716829031
79 2 -0.00004106667858755075
79 3 -0.00003461607048398269
79 4 -0.000026546452857586235
79 5 -0.000016857825708361383
79 6 -5.550189036308065*^-6
79 7 7.3764571585736796*^-6
79 8 0.00002192211287628379
79 9 0.00003808677811682237
79 10 0.00005587045288018942
79 11 0.00007527313716638481
79 12 0.00009629483097540862
79 13 0.00011893553430726095
79 14 0.00014319524716194164
79 15 0.0001690739695394508
79 16 0.00019657170143978832
79 17 0.0002256884428629543
79 18 0.00025642419380894865
79 19 0.0002887789542777715
79 20 0.0003227527242694227
79 21 0.00035834550378390233
79 22 0.00039555729282121047
79 23 0.000434388091381347
79 24 0.00047483789946431204
79 25 0.0005169067170701054
80 1 -0.000012288445820605339
80 2 -9.882620694982179*^-6
80 3 -5.254651189094883*^-6
80 4 1.59546269705678*^-6
80 5 0.000010667720963472816
80 6 0.00002196212361015305
80 7 0.00003547867063709763
80 8 0.0000512173620443065
80 9 0.00006917819783177965
80 10 0.00008936117799951714
80 11 0.00011176630254751893
80 12 0.00013639357147578502
80 13 0.0001632429847843154
80 14 0.00019231454247311004
80 15 0.00022360824454216904
80 16 0.0002571240909914923
80 17 0.0002928620818210799
80 18 0.0003308222170309318
80 19 0.00037100449662104797
80 20 0.0004134089205914285
80 21 0.0004580354889420732
80 22 0.0005048842016729824
80 23 0.0005539550587841557
80 24 0.0006052480602755935
80 25 0.0006587632061472956
81 1 -0.000010959324332748766
81 2 -8.641740222153955*^-6
81 3 -4.0657965339398425*^-6
81 4 2.7685067318935145*^-6
81 5 0.000011861169575346231
81 6 0.000023212191996418287
81 7 0.000036821573995109674
81 8 0.00005268931557142038
81 9 0.00007081541672535039
81 10 0.00009119987745689971
81 11 0.00011384269776606841
81 12 0.00013874387765285635
81 13 0.0001659034171172637
81 14 0.0001953213161592903
81 15 0.00022699757477893633
81 16 0.00026093219297620155
81 17 0.0002971251707510862
81 18 0.00033557650810359
81 19 0.00037628620503371335
81 20 0.0004192542615414558
81 21 0.00046448067762681775
81 22 0.000511965453289799
81 23 0.0005617085885303995
81 24 0.0006137100833486192
81 25 0.0006679699377444583
82 1 -0.000010014689410845356
82 2 -7.756056011822162*^-6
82 3 -3.2072706783038522*^-6
82 4 3.63166658970932*^-6
82 5 0.000012760755792217561
82 6 0.000024179996929220708
82 7 0.00003788939000071892
82 8 0.00005388893500671208
82 9 0.00007217863194720018
82 10 0.0000927584808221833
82 11 0.00011562848163166144
82 12 0.0001407886343756345
82 13 0.00016823893905410257
82 14 0.00019797939566706555
82 15 0.0002300100042145236
82 16 0.00026433076469647667
82 17 0.0003009416771129247
82 18 0.00033984274146386755
82 19 0.00038103395774930567
82 20 0.00042451532596923867
82 21 0.00047028684612366646
82 22 0.0005183485182125894
82 23 0.0005687003422360072
82 24 0.0006213423181939202
82 25 0.000676274446086328
83 1 -9.464055162434434*^-6
83 2 -7.2360947636561*^-6
83 3 -2.6935164686029813*^-6
83 4 4.163679722724951*^-6
83 5 0.000013335493810327685
83 6 0.000024821925794205236
83 7 0.00003862297567435753
83 8 0.00005473864345078468
83 9 0.00007316892912348659
83 10 0.00009391383269246323
83 11 0.00011697335415771476
83 12 0.00014234749351924102
83 13 0.00017003625077704213
83 14 0.00020003962593111803
83 15 0.0002323576189814686
83 16 0.00026699022992809413
83 17 0.0003039374587709944
83 18 0.00034319930551016944
83 19 0.00038477577014561933
83 20 0.000428666852677344
83 21 0.0004748725531053435
83 22 0.0005233928714296176
83 23 0.0005742278076501668
83 24 0.0006273773617669905
83 25 0.0006828415337800894
84 1 -9.138500356713544*^-6
84 2 -6.924876383384655*^-6
84 3 -2.3760604503046425*^-6
84 4 4.507947442526505*^-6
84 5 0.000013727147295108821
84 6 0.000025281539107442187
84 7 0.00003917112287952674
84 8 0.00005539589861136249
84 9 0.00007395586630294926
84 10 0.00009485102595428727
84 11 0.00011808137756537631
84 12 0.0001436469211362165
84 13 0.00017154765666680793
84 14 0.00020178358415715044
84 15 0.00023435470360724404
84 16 0.00026926101501708883
84 17 0.00030650251838668476
84 18 0.0003460792137160317
84 19 0.00038799110100512995
84 20 0.0004322381802539793
84 21 0.0004788204514625798
84 22 0.0005277379146309315
84 23 0.000578990569759034
84 24 0.000632578416846888
84 25 0.0006885014558944928
85 1 -8.956399829151796*^-6
85 2 -6.746096100659436*^-6
85 3 -2.1815353795871106*^-6
85 4 4.737282334065034*^-6
85 5 0.000014010357040297003
85 6 0.000025637688739108943
85 7 0.000039619277430500625
85 8 0.00005595512311447222
85 9 0.00007464522579102374
85 10 0.00009568958546015509
85 11 0.00011908820212186629
85 12 0.00014484107577615737
85 13 0.00017294820642302825
85 14 0.00020340959406247908
85 15 0.00023622523869450972
85 16 0.00027139514031912027
85 17 0.0003089192989363107
85 18 0.000348797714546081
85 19 0.0003910303871484311
85 20 0.0004356173167433611
85 21 0.00048255850333087097
85 22 0.0005318539469109609
85 23 0.0005835036474836303
85 24 0.0006375076050488799
85 25 0.0006938658196067091
86 1 -8.889294917282296*^-6
86 2 -6.6741870543270354*^-6
86 3 -2.0881028789102055*^-6
86 4 4.868957608968045*^-6
86 5 0.000014196994409307875
86 6 0.00002589600752210922
86 7 0.000039965996947372056
86 8 0.000056406962685096436
86 9 0.00007521890473528224
86 10 0.00009640182309792959
86 11 0.00011995571777303847
86 12 0.00014588058876060882
86 13 0.00017417643606064078
86 14 0.00020484325967313417
86 15 0.00023788105959808909
86 16 0.0002732898358355055
86 17 0.0003110695883853834
86 18 0.00035122031724772295
86 19 0.0003937420224225239
86 20 0.0004386347039097864
86 21 0.00048589836170951034
86 22 0.000535532995821696
86 23 0.0005875386062463428
86 24 0.0006419151929834515
86 25 0.0006986627560330215
87 1 -8.894880346653384*^-6
87 2 -6.669862474084664*^-6
87 3 -2.058679434124342*^-6
87 4 4.9386687732276155*^-6
87 5 0.000014322182147971188
87 6 0.000026091860690106227
87 7 0.000040247704399632864
87 8 0.000056789713276551085
87 9 0.00007571788732086095
87 10 0.00009703222653256234
87 11 0.00012073273091165532
87 12 0.00014681940045813984
87 13 0.00017529223517201596
87 14 0.00020615123505328373
87 15 0.0002393964001019429
87 16 0.00027502773031799386
87 17 0.0003130452257014362
87 18 0.0003534488862522702
87 19 0.0003962387119704958
87 20 0.00044141470285611304
87 21 0.0004889768589091218
87 22 0.0005389251801295221
87 23 0.000591259666517314
87 24 0.0006459803180724975
87 25 0.0007030871347950725
88 1 -8.939464942760125*^-6
88 2 -6.702717304821434*^-6
88 3 -2.0669156794373954*^-6
88 4 4.967939933391938*^-6
88 5 0.000014401849533666568
88 6 0.000026234813121386486
88 7 0.00004046683069655175
88 8 0.000057097902259162266
88 9 0.00007612802780921802
88 10 0.00009755720734671925
88 11 0.00012138544087166562
88 12 0.00014761272838405745
88 13 0.00017623906988389443
88 14 0.0002072644653711768
88 15 0.00024068891484590443
88 16 0.00027651241830807733
88 17 0.0003147349757576956
88 18 0.0003553565871947591
88 19 0.00039837725261926795
88 20 0.00044379697203122216
88 21 0.0004916157454306216
88 22 0.0005418335728174663
88 23 0.0005944504541917562
88 24 0.0006494663895534917
88 25 0.0007068813789026723
89 1 -9.011009817550377*^-6
89 2 -6.760180856357569*^-6
89 3 -2.0972404526494776*^-6
89 4 4.977811393573888*^-6
89 5 0.000014464974682312507
89 6 0.00002636424941356646
89 7 0.0000406756355873357
89 8 0.00005739913320362025
89 9 0.00007653474226242001
89 10 0.00009808246276373514
89 11 0.00012204229470756549
89 12 0.0001484142380939112
89 13 0.0001771982929227721
89 14 0.00020839445919414837
89 15 0.0002420027369080398
89 16 0.00027802312606444655
89 17 0.0003164556266633687
89 18 0.00035730023870480604
89 19 0.00040055696218875873
89 20 0.00044622579711522665
89 21 0.0004943067434842099
89 22 0.0005447998012957084
89 23 0.000597704970549722
89 24 0.0006530222512462512
89 25 0.0007107516433852956
90 1 -9.094306853934919*^-6
90 2 -6.828739736505303*^-6
90 3 -2.1385224093339913*^-6
90 4 4.97634512757904*^-6
90 5 0.000014515862874233832
90 6 0.00002648003083063034
90 7 0.00004086884899676856
90 8 0.00005768231737264851
90 9 0.00007692043595827019
90 10 0.00009858320475363365
90 11 0.00012267062375873874
90 12 0.00014918269297358561
90 13 0.00017811941239817417
90 14 0.00020948078203250452
90 15 0.00024326680187657654
90 16 0.0002794774719303903
90 17 0.00031811279219394576
90 18 0.0003591727626672429
90 19 0.00040265738335028186
90 20 0.0004485666542430625
90 21 0.0004969005753455851
90 22 0.000547659146657849
90 23 0.0006008423681798547
90 24 0.0006564502399116025
90 25 0.0007144827618530917
91 1 -9.177917912317028*^-6
91 2 -6.8979859527976684*^-6
91 3 -2.181507485872717*^-6
91 4 4.971517488457671*^-6
91 5 0.000014561088970193746
91 6 0.00002658720695933535
91 7 0.00004104987145588247
91 8 0.000057949082459835215
91 9 0.0000772848399711934
91 10 0.00009905714398995724
91 11 0.0001232659945161266
91 12 0.00014991139154970165
91 13 0.0001789933350906821
91 14 0.0002105118251390682
91 15 0.00024446686169485977
91 16 0.0002808584447580569
91 17 0.0003196865743286596
91 18 0.00036095125040666793
91 19 0.00040465247299208173
91 20 0.00045079024208490113
91 21 0.0004993645576851261
91 22 0.0005503754197927566
91 23 0.0006038228284077926
91 24 0.0006597067835302343
91 25 0.0007180272851600816
92 1 -9.256293475271558*^-6
92 2 -6.962697765341016*^-6
92 3 -2.2210851218321*^-6
92 4 4.968544455255186*^-6
92 5 0.000014606190965920847
92 6 0.000026691854410164804
92 7 0.000041225534787987195
92 8 0.00005820723209938795
92 9 0.00007763694634436705
92 10 0.00009951467752292452
92 11 0.00012384042563506033
92 12 0.0001506141906807745
92 13 0.00017983597266006706
92 14 0.00021150577157293793
92 15 0.00024562358741938726
92 16 0.0002821894201994149
92 17 0.0003212032699130208
92 18 0.0003626651365602051
92 19 0.0004065750201409678
92 20 0.00045293292065530895
92 21 0.0005017388381032284
92 22 0.0005529927724847262
92 23 0.0006066947237998022
92 24 0.0006628446920484568
92 25 0.0007214426772306898
93 1 -9.327733586221798*^-6
93 2 -7.0210481769833236*^-6
93 3 -2.2548691488864434*^-6
93 4 4.9708034980687*^-6
93 5 0.000014655969763882232
93 6 0.000026800629648554003
93 7 0.000041404783152084136
93 8 0.00005846843027447254
93 9 0.00007799157101571935
93 10 0.00009997420537582438
93 11 0.00012441633335478786
93 12 0.00015131795495260954
93 13 0.00018067907016928954
93 14 0.000212499679004828
93 15 0.0002467797814592246
93 16 0.00028351937753247965
93 17 0.000322718467224593
93 18 0.0003643770505355646
93 19 0.0004084951274653946
93 20 0.0004550726980140828
93 21 0.0005041097621816294
93 22 0.0005556063199680343
93 23 0.0006095623713732977
93 24 0.0006659779163974191
93 25 0.0007248529550403991
94 1 -9.384554218176435*^-6
94 2 -7.066548324439459*^-6
94 3 -2.278458139291736*^-6
94 4 4.979716337266591*^-6
94 5 0.000014707975105235536
94 6 0.000026906318164615144
94 7 0.00004157474551540541
94 8 0.00005871325715760623
94 9 0.00007832185309121777
94 10 0.00010040053331623995
94 11 0.00012494929783267282
94 12 0.00015196814664051626
94 13 0.00018145707973977034
94 14 0.00021341609713043506
94 15 0.00024784519881251057
94 16 0.00028474438478599655
94 17 0.0003241136550508933
94 18 0.0003659530096072006
94 19 0.00041026244845491854
94 20 0.00045704197159404707
94 21 0.0005062915790245863
94 22 0.000558011270746536
94 23 0.0006122010467598967
94 24 0.0006688609070646678
94 25 0.0007279908516608497
95 1 -9.43293294599761*^-6
95 2 -7.1039729048269016*^-6
95 3 -2.2937957033831877*^-6
95 4 4.997598658333467*^-6
95 5 0.000014770210180323052
95 6 0.000027024038862585687
95 7 0.00004175908470512122
95 8 0.000058975347707929706
95 9 0.00007867282787101115
95 10 0.00010085152519436559
95 11 0.00012551143967799296
95 12 0.00015265257132189328
95 13 0.0001822749201260666
95 14 0.00021437848609051285
95 15 0.00024896326921523213
95 16 0.00028602926950022436
95 17 0.0003255764869454895
95 18 0.00036760492155102755
95 19 0.00041211457331683866
95 20 0.00045910544224292275
95 21 0.0005085775283292798
95 22 0.0005605308315759098
95 23 0.0006149653519828126
95 24 0.0006718810895499885
95 25 0.0007312780442774371
96 1 -9.468972043818041*^-6
96 2 -7.129994507985423*^-6
96 3 -2.2985195673021837*^-6
96 4 5.025452778231575*^-6
96 5 0.00001484192252861597
96 6 0.000027150889683850906
96 7 0.00004195235424393651
96 8 0.00005924631620887266
96 9 0.00007903277557865936
96 10 0.00010131173235329669
96 11 0.0001260831865327845
96 12 0.000153347138117123
96 13 0.0001831035871063121
96 14 0.0002153525335003518
96 15 0.000250093977299242
96 16 0.0002873279185029828
96 17 0.0003270543571115743
96 18 0.0003692732931250162
96 19 0.0004139847265433088
96 20 0.000461188657366452
96 21 0.0005108850855944458
96 22 0.0005630740112272901
96 23 0.0006177554342649851
96 24 0.0006749293547075306
96 25 0.0007345957725549266
97 1 -9.49243925896954*^-6
97 2 -7.144060949928459*^-6
97 3 -2.2912119792528924*^-6
97 4 5.066107653057118*^-6
97 5 0.00001492789794700158
97 6 0.00002729415890258045
97 7 0.00004216489051979377
97 8 0.00005954009279864155
97 9 0.00007941976573912375
97 10 0.00010180390934124046
97 11 0.0001266925236049915
97 12 0.0001540856085303771
97 13 0.00018398316411739706
97 14 0.00021638519036605146
97 15 0.00025129168727634044
97 16 0.00028870265484826367
97 17 0.00032861809308182147
97 18 0.0003710380019770136
97 19 0.00041596238153384025
97 20 0.00046339123175230144
97 21 0.0005133245526323969
97 22 0.0005657623441741268
97 23 0.0006207046063774911
97 24 0.0006781513392424901
97 25 0.0007381025427691233
98 1 -9.50058743028033*^-6
98 2 -7.144886607918299*^-6
98 3 -2.274031121995869*^-6
98 4 5.111979027486765*^-6
98 5 0.000015013143840529809
98 6 0.00002742946331713316
98 7 0.00004236093745729672
98 8 0.000059807566261020704
98 9 0.00007976934972830509
98 10 0.00010224628785914967
98 11 0.00012723838065355458
98 12 0.00015474562811151982
98 13 0.00018476803023304537
98 14 0.00021730558701813128
98 15 0.0002523582984667775
98 16 0.000289926164578984
98 17 0.00033000918535475084
98 18 0.000372607360794078
98 19 0.00041772069089696546
98 20 0.0004653491756634133
98 21 0.0005154928150934215
98 22 0.0005681516091869899
98 23 0.0006233255579441185
98 24 0.0006810146613648078
98 25 0.0007412189194490572
99 1 -9.495736909482995*^-6
99 2 -7.132933999105717*^-6
99 3 -2.242904891516952*^-6
99 4 5.174350413283244*^-6
99 5 0.000015118831915294848
99 6 0.00002759053961451806
99 7 0.00004258947351095267
99 8 0.00006011563360459878
99 9 0.00008016901989545629
99 10 0.00010274963238352531
99 11 0.0001278574710688058
99 12 0.00015549253595129782
99 13 0.0001856548270310013
99 14 0.0002183443443079162
99 15 0.0002535610877820426
99 16 0.00029130505745338044
99 17 0.00033157625332192977
99 18 0.00037437467538769045
99 19 0.00041970032365066276
99 20 0.0004675531981108465
99 21 0.0005179332987682417
99 22 0.0005708406256228484
99 23 0.0006262751786746665
99 24 0.0006842369579236962
99 25 0.0007447259633699373
100 1 -9.476541657661177*^-6
100 2 -7.107780473213623*^-6
100 3 -2.1996386188183467*^-6
100 4 5.247883905524829*^-6
100 5 0.000015234787099815673
100 6 0.00002776107096405435
100 7 0.00004282673549824084
100 8 0.00006043178070237514
100 9 0.00008057620657645711
100 10 0.00010326001312048689
100 11 0.0001284832003344645
100 12 0.00015624576821838976
100 13 0.00018654771677226298
100 14 0.0002193890459960838
100 15 0.0002547697558898526
100 16 0.0002926898464535691
100 17 0.0003331493176872333
100 18 0.0003761481695908454
100 19 0.0004216864021644051
100 20 0.0004697640154079128
100 21 0.0005203810093213682
100 22 0.0005735373839047713
100 23 0.0006292331391581224
100 24 0.000687468275081421
100 25 0.0007482427916746675
101 1 -9.443466543986906*^-6
101 2 -7.069814431211297*^-6
101 3 -2.1444835602810557*^-6
101 4 5.332526068803844*^-6
101 5 0.000015361214456043517
101 6 0.000027941581601437897
101 7 0.00004307362750498701
101 8 0.00006075735216669077
101 9 0.0000809927555865492
101 10 0.00010377983776456253
101 11 0.0001291185987007305
101 12 0.00015700903839505312
101 13 0.0001874511568475305
101 14 0.00022044495405816253
101 15 0.0002559904300269495
101 16 0.0002940875847538908
101 17 0.00033473641823898704
101 18 0.00037793693048223797
101 19 0.00042368912148364366
101 20 0.00047199299124320407
101 21 0.000522848539760919
101 22 0.0005762557670367889
101 23 0.0006322146730708134
101 24 0.0006907252578629926
101 25 0.0007517875214133265
102 1 -9.392623102584118*^-6
102 2 -7.014818316529845*^-6
102 3 -2.071842716335375*^-6
102 4 5.43630369799902*^-6
102 5 0.000015509620926473348
102 6 0.000028148108969087824
102 7 0.00004335176782584235
102 8 0.00006112059749673689
102 9 0.00008145459798177156
102 10 0.0001043537692809462
102 11 0.0001298181113942609
102 12 0.00015784762432171563
102 13 0.00018844230806331039
102 14 0.00022160216261904526
102 15 0.0002573271879889201
102 16 0.000295617384172935
102 17 0.00033647275117109
102 18 0.000379893288983385
102 19 0.00042587899760982003
102 20 0.00047442987705039526
102 21 0.0005255459273051102
102 22 0.0005792271483739656
102 23 0.0006354735402569607
102 24 0.0006942851029540959
102 25 0.0007556618364653714
103 1 -9.329819174065635*^-6
103 2 -6.9490851242779716*^-6
103 3 -1.9900527928563356*^-6
103 4 5.547277820199368*^-6
103 5 0.00001566290671488909
103 6 0.000028356833891212718
103 7 0.000043629059349170515
103 8 0.00006147958308876224
103 9 0.00008190840510998804
103 10 0.00010491552541284777
103 11 0.00013050094399734161
103 12 0.0001586646608634694
103 13 0.00018940667601123124
103 14 0.000222726989440627
103 15 0.00025862560115165695
103 16 0.0002971025111443208
103 17 0.00033815771941861865
103 18 0.0003817912259745507
103 19 0.0004280030308121166
103 20 0.00047679313393131654
103 21 0.0005281615353321505
103 22 0.0005821082350146186
103 23 0.0006386332329787205
103 24 0.0006977365292244564
103 25 0.0007594181237518267
104 1 -9.257318431070001*^-6
104 2 -6.8746878121811006*^-6
104 3 -1.9009926929688679*^-6
104 4 5.663766926566751*^-6
104 5 0.000015819591046425675
104 6 0.000028566479666607917
104 7 0.00004390443278711358
104 8 0.00006183345040794254
104 9 0.00008235353252909473
104 10 0.00010546467915057041
104 11 0.00013116689027236933
104 12 0.00015946016589449171
104 13 0.00019034450601693731
104 14 0.00022381991063970632
104 15 0.00025988637976279865
104 16 0.00029854391338621423
104 17 0.00033979251150995327
104 18 0.00038363217413401565
104 19 0.00043006290125840134
104 20 0.00047908469288311043
104 21 0.0005306975490081429
104 22 0.0005849014696334984
104 23 0.0006416964547591773
104 24 0.0007010825043851799
104 25 0.0007630596185115055
105 1 -9.1676694843591*^-6
105 2 -6.783941480016993*^-6
105 3 -1.7953698786765887*^-6
105 4 5.7980453196621544*^-6
105 5 0.000015996304114999202
105 6 0.000028799406507334555
105 7 0.00004420735249666831
105 8 0.00006222014208300026
105 9 0.00008283777526633058
105 10 0.00010606025204665915
105 11 0.00013188757242398613
105 12 0.00016031973639831144
105 13 0.00019135674396963503
105 14 0.00022499859513795703
105 15 0.0002612452899032772
105 16 0.0003000968282655957
105 17 0.0003415532102249126
105 18 0.0003856144357812278
105 19 0.0004322805049345413
105 20 0.00048155141768485316
105 21 0.0005334271740321632
105 22 0.0005879077739764719
105 23 0.0006449932175177785
105 24 0.0007046835046560836
105 25 0.000766978635391387
106 1 -9.067449236546617*^-6
106 2 -6.6835084655601464*^-6
106 3 -1.6809509215499283*^-6
106 4 5.940223395484153*^-6
106 5 0.00001618001448554203
106 6 0.000029038422348623796
106 7 0.000044515446984729384
106 8 0.00006261108839385876
106 9 0.00008332534657601193
106 10 0.00010665822153118899
106 11 0.0001326097132593899
106 12 0.00016117982176061453
106 13 0.00019236854703486304
106 14 0.00022617588908213537
106 15 0.00026260184790243165
106 16 0.00030164642349575163
106 17 0.00034330961586209556
106 18 0.0003875914250014632
106 19 0.00043449185091385463
106 20 0.0004840108935992701
106 21 0.0005361485530577091
106 22 0.0005909048292891722
106 23 0.0006482797222936588
106 24 0.0007082732320711696
106 25 0.0007708853586217041
107 1 -8.948829073180161*^-6
107 2 -6.565540659431398*^-6
107 3 -1.5487877146627436*^-6
107 4 6.1014297611258035*^-6
107 5 0.000016385111767934216
107 6 0.000029302258305762635
107 7 0.000044852869374610886
107 8 0.00006303694497447908
107 9 0.00008385448510536716
107 10 0.00010730548976727516
107 11 0.00013338995896020305
107 12 0.00016210789268415081
107 13 0.00019345929093911855
107 14 0.00022744415372510617
107 15 0.00026406248104211366
107 16 0.0003033142728901411
107 17 0.0003451995292691885
107 18 0.00038971825017925573
107 19 0.00043687043562034287
107 20 0.00048665608559245
107 21 0.0005390752000955769
107 22 0.0005941277791297238
107 23 0.0006518138226948905
107 24 0.0007121333307910771
107 25 0.0007750863034182839
108 1 -8.817077950467736*^-6
108 2 -6.435300236041542*^-6
108 3 -1.4048308628806754*^-6
108 4 6.274330169014817*^-6
108 5 0.00001660218285964486
108 6 0.00002957872720900959
108 7 0.000045203963217108946
108 8 0.0000634778908839429
108 9 0.00008440051020951149
108 10 0.00010797182119381466
108 11 0.00013419182383685258
108 12 0.00016306051813862502
108 13 0.00019457790409913204
108 14 0.00022874398171837375
108 15 0.00026555875099635006
108 16 0.000305022211933061
108 17 0.00034713436452850664
108 18 0.00039189520878268685
108 19 0.0004393047446956017
108 20 0.0004893629722672511
108 21 0.0005420698914976352
108 22 0.0005974255023867539
108 23 0.0006554298049346073
108 24 0.0007160827991411951
108 25 0.0007793844850065177
109 1 -8.670287717391175*^-6
109 2 -6.290880701300444*^-6
109 3 -1.2469224729941787*^-6
109 4 6.4615869675276*^-6
109 5 0.00001683464762026502
109 6 0.00002987225948521792
109 7 0.00004557442256238635
109 8 0.00006394113685177034
109 9 0.00008497240235336986
109 10 0.00010866821906718498
109 11 0.00013502858699321563
109 12 0.00016405350613146166
109 13 0.00019574297648192342
109 14 0.00023009699804460063
109 15 0.00026711557081949346
109 16 0.0003067986948066018
109 17 0.0003491463700059257
109 18 0.00039415859641746503
109 19 0.00044183537404122005
109 20 0.0004921767028771905
109 21 0.0005451825829253765
109 22 0.0006008530141857782
109 23 0.0006591879966583952
109 24 0.0007201875303432281
109 25 0.0007838516152402764
110 1 -8.519224528858956*^-6
110 2 -6.142809908003107*^-6
110 3 -1.0864116866037826*^-6
110 4 6.64997013533903*^-6
110 5 0.000017066335557825235
110 6 0.00003016268458085505
110 7 0.00004593901720442824
110 8 0.000064395333428545
110 9 0.00008553163325320507
110 10 0.00010934791667840875
110 11 0.00013584418370415585
110 12 0.00016502043433044638
110 13 0.00019687666855728046
110 14 0.00023141288638465796
110 15 0.0002686290878125789
110 16 0.0003085252728410434
110 17 0.0003511014414700513
110 18 0.0003963575936996027
110 19 0.0004442937295296975
110 20 0.0004949098489603359
110 21 0.0005482059519915177
110 22 0.000604182038623243
110 23 0.0006628381088555117
110 24 0.0007241741626883239
110 25 0.0007881902001216797
111 1 -8.352501898699919*^-6
111 2 -5.979877378234598*^-6
111 3 -9.110211293619238*^-7
111 4 6.854066847918056*^-6
111 5 0.000017315386553605585
111 6 0.000030472937987700385
111 7 0.00004632672115020253
111 8 0.00006487673604111207
111 9 0.0000861229826604291
111 10 0.00011006546100815342
111 11 0.00013670417108428516
111 12 0.00016603911288882425
111 13 0.00019807028642177075
111 14 0.00023279769168312465
111 15 0.00027022132867288585
111 16 0.0003103411973910544
111 17 0.0003531572978376304
111 18 0.0003986696300126138
111 19 0.00044687819391600456
111 20 0.0004977829895478027
111 21 0.0005513840169080082
111 22 0.0006076812759966212
111 23 0.0006666747668136411
111 24 0.0007283644893590689
111 25 0.0007927504436329041
112 1 -8.163396157870048*^-6
112 2 -5.7955421473944365*^-6
112 3 -7.137852921828959*^-7
112 4 7.081874407764784*^-6
112 5 0.000017591436952448557
112 6 0.00003081490234186842
112 7 0.000046752270576024404
112 8 0.0000654035416549164
112 9 0.00008676871557854448
112 10 0.00011084779234690874
112 11 0.000137640771960009
112 12 0.00016714765441784536
112 13 0.00019936843972041774
112 14 0.00023430312786772628
112 15 0.0002719517188597709
112 16 0.0003123142126965515
112 17 0.0003553906093780682
112 18 0.00040118090890432106
112 19 0.00044968511127531005
112 20 0.0005009032164910349
112 21 0.000554835224551496
112 22 0.0006114811354566932
112 23 0.0006708409492066265
112 24 0.0007329146658012958
112 25 0.000797702285240701
113 1 -7.986090788224941*^-6
113 2 -5.623062863877146*^-6
113 3 -5.30131781071173*^-7
113 4 7.292702460193072*^-6
113 5 0.0000178454398599157
113 6 0.00003112808041809654
113 7 0.00004714062413473573
113 8 0.00006588307100983316
113 9 0.00008735542104338891
113 10 0.00011155767423540294
113 11 0.00013848983058587522
113 12 0.00016815189009480592
113 13 0.00020054385276219486
113 14 0.00023566571858804207
113 15 0.0002735174875723475
113 16 0.0003140991597151112
113 17 0.00035741073501633323
113 18 0.0004034522134760136
113 19 0.0004522235950941522
113 20 0.0005037248798707491
113 21 0.0005579560678058043
113 22 0.000614917158899318
113 23 0.0006746081531512895
113 24 0.0007370290505617197
113 25 0.0008021798511306078
114 1 -7.79112838265762*^-6
114 2 -5.433717761411782*^-6
114 3 -3.293097869754805*^-7
114 4 7.522095540651196*^-6
114 5 0.000018120498221468512
114 6 0.00003146589825547633
114 7 0.00004755829564267454
114 8 0.00006639769038306331
114 9 0.00008798408247664252
114 10 0.00011231747192341234
114 11 0.00013939785872337255
114 12 0.00016922524287652326
114 13 0.0002017996243828646
114 14 0.0002371210032423963
114 15 0.00027518937945511865
114 16 0.0003160047530210314
114 17 0.0003595671239401346
114 18 0.0004058764922124283
114 19 0.0004549328578379126
114 20 0.0005067362208165872
114 21 0.0005612865811484525
114 22 0.0006185839388335085
114 23 0.0006786282938717544
114 24 0.0007414196462631912
114 25 0.0008069579960078186
115 1 -7.579621518996516*^-6
115 2 -5.228598582149631*^-6
115 3 -1.1250581079948972*^-7
115 4 7.768656795054044*^-6
115 5 0.00001841488923541093
115 6 0.000031826191510271125
115 7 0.00004800256361963464
115 8 0.00006694400556350146
115 9 0.00008865051734187157
115 10 0.00011312209895474507
115 11 0.00014035875040212188
115 12 0.00017036047168400199
115 13 0.0002031272628003854
115 14 0.00023865912375127223
115 15 0.00027695605453666237
115 16 0.00031801805515655585
115 17 0.0003618451256109526
115 18 0.0004084372658998527
115 19 0.0004577944760232561
115 20 0.0005099167559811628
115 21 0.0005648041057735728
115 22 0.0006224565254004862
115 23 0.0006828740148619029
115 24 0.000746056574157823
115 25 0.0008120042032882463
116 1 -7.350496317115243*^-6
116 2 -5.0066684226818275*^-6
116 3 1.213645245216866*^-7
116 4 8.03360252449517*^-6
116 5 0.000018730045577238698
116 6 0.00003221069368275236
116 7 0.00004847554684103595
116 8 0.0000675246050520896
116 9 0.00008935786831591326
116 10 0.00011397533663250707
116 11 0.0001413770100018709
116 12 0.00017156288842400463
116 13 0.00020453297189890844
116 14 0.0002402872604265824
116 15 0.0002788257540070263
116 16 0.00032014845264024026
116 17 0.00036425535632622435
116 18 0.00041114646506497826
116 19 0.0004608217788565023
116 20 0.0005132812977007966
116 21 0.0005685250215978606
116 22 0.0006265529505476949
116 23 0.000687365084550299
116 24 0.0007509614236056734
116 25 0.0008173419677138175
117 1 -7.140480685042256*^-6
117 2 -4.8034505229983305*^-6
117 3 3.349978914240004*^-7
117 4 8.274864558224934*^-6
117 5 0.00001901614947740428
117 6 0.00003255885264896206
117 7 0.000048902974072898405
117 8 0.00006804851374921325
117 9 0.00008999547167790653
117 10 0.00011474384785897828
117 11 0.00014229364229242862
117 12 0.00017264485497825747
117 13 0.00020579748591646464
117 14 0.00024175153510705042
117 15 0.0002805070025500147
117 16 0.0003220638882453574
117 17 0.0003664221921930786
117 18 0.00041358191439317836
117 19 0.0004635430548456566
117 20 0.0005163056135505133
117 21 0.0005718695905077484
117 22 0.000630234985717362
117 23 0.0006914017991793542
117 24 0.0007553700308937249
117 25 0.0008221396808604742
118 1 -6.909463340593721*^-6
118 2 -4.580092624780594*^-6
118 3 5.693382880972493*^-7
118 4 8.538829398039762*^-6
118 5 0.000019328380705046903
118 6 0.00003293799220911875
118 7 0.000049367663910255294
118 8 0.0000686173958084566
118 9 0.00009068718790372246
118 10 0.00011557704019605313
118 11 0.0001432869526854484
118 12 0.0001738169253719084
118 13 0.00020716695825543307
118 14 0.0002433370513360224
118 15 0.0002823272046136765
118 16 0.00032413741808839523
118 17 0.0003687676917601787
118 18 0.0004162180256290268
118 19 0.0004664884196949396
118 20 0.0005195788739579169
118 21 0.0005754893884179591
118 22 0.000634219963075066
118 23 0.0006957705979292375
118 24 0.0007601412929804739
118 25 0.0008273320482287746
119 1 -6.666908201179321*^-6
119 2 -4.3457472748918545*^-6
119 3 8.147769742388768*^-7
119 4 8.814664546212683*^-6
119 5 0.000019653915441029672
119 6 0.00003333252965868987
119 7 0.000049850507199193214
119 8 0.00006920784806253982
119 9 0.00009140455224872957
119 10 0.00011644061975776243
119 11 0.0001443160505896386
119 12 0.00017503084474435783
119 13 0.00020858500222192033
119 14 0.00024497852302232594
119 15 0.0002842114071455747
119 16 0.0003262836545916668
119 17 0.000371195265360602
119 18 0.0004189462394523803
119 19 0.0004695365768670019
119 20 0.0005229662776044667
119 21 0.0005792353416647746
119 22 0.0006383437690479256
119 23 0.0007002915597539199
119 24 0.0007650787137827573
119 25 0.000832705231134438
120 1 -6.431149530269243*^-6
120 2 -4.118103223575233*^-6
120 3 1.0528517543179514*^-6
120 4 9.081715403410343*^-6
120 5 0.000019968487723701875
120 6 0.00003371316871519264
120 7 0.0000503157583778825
120 8 0.00006977625671177165
120 9 0.00009209466371685993
120 10 0.00011727097939314739
120 11 0.00014530520374063407
120 12 0.00017619733675931993
120 13 0.0002099473784492049
120 14 0.00024655532881028903
120 15 0.00028602118784257246
120 16 0.0003283449555460549
120 17 0.00037352663192073666
120 18 0.0004215662169666176
120 19 0.00047246371068369766
120 20 0.0005262191130719769
120 21 0.0005828324241314555
120 22 0.0006423036438621331
120 23 0.0007046327722640099
120 24 0.0007698198093370858
120 25 0.000837864755081361
121 1 -6.1750454127001584*^-6
121 2 -3.870937367041201*^-6
121 3 1.3110267211748417*^-6
121 4 9.370846851948084*^-6
121 5 0.000020308523025278445
121 6 0.00003412405524116603
121 7 0.000050817443499610664
121 8 0.00007038868780061248
121 9 0.0000928377881441714
121 10 0.00011816474453028755
121 11 0.00014636955695896073
121 12 0.00017745222543019112
121 13 0.00021141274994397873
121 14 0.00024825113050032344
121 15 0.00028796736709922523
121 16 0.00033056145974068416
121 17 0.00037603340842470027
121 18 0.00042438321315127356
121 19 0.0004756108739204039
121 20 0.0005297163907320915
121 21 0.0005866997635863363
121 22 0.0006465609924831381
121 23 0.000709300077422497
121 24 0.0007749170184044132
121 25 0.0008434118154288863
122 1 -5.90979759060262*^-6
122 2 -3.6150577713395634*^-6
122 3 1.5780193892057942*^-6
122 4 9.669433891033452*^-6
122 5 0.000020659185734143546
122 6 0.00003454727491853593
122 7 0.00005133370144421063
122 8 0.0000710184653111676
122 9 0.00009360156651940698
122 10 0.00011908300506892862
122 11 0.00014746278095973265
122 12 0.00017874089419181907
122 13 0.00021291734476518767
122 14 0.0002499921326798387
122 15 0.000289965257935772
122 16 0.0003328367205329876
122 17 0.0003786065204714856
122 18 0.00042727465775126594
122 19 0.0004788411323723285
122 20 0.0005333059443346737
122 21 0.0005906690936383009
122 22 0.0006509305802832105
122 23 0.0007140904042694025
122 24 0.0007801485655968767
122 25 0.0008491050642656331
123 1 -5.62961922929378*^-6
123 2 -3.3448744189506184*^-6
123 3 1.8596819619248959*^-6
123 4 9.984049913332891*^-6
123 5 0.000021028229435273232
123 6 0.00003499222052774593
123 7 0.000051876023190751175
123 8 0.00007167963742428884
123 9 0.00009440306322835881
123 10 0.00012004630060296122
123 11 0.00014860934954809605
123 12 0.00018009221006376336
123 13 0.00021449488214996302
123 14 0.00025181736580669515
123 15 0.0002920596610339596
123 16 0.00033522176783175653
123 17 0.0003813036862000858
123 18 0.0004303054161389476
123 19 0.0004822269576483417
123 20 0.0005370683107282683
123 21 0.0005948294753787272
123 22 0.0006555104515997185
123 23 0.0007191112393912424
123 24 0.0007856318387532985
123 25 0.0008550722496858871
124 1 -5.339162790200093*^-6
124 2 -3.0648666462039007*^-6
124 3 2.1513631464429705*^-6
124 4 0.000010309526587740514
124 5 0.00002140962367768879
124 6 0.00003545165441628774
124 7 0.000052435618803537486
124 8 0.00007236151683943782
124 9 0.00009522934852398896
124 10 0.00012103911385719069
124 11 0.00014979081283904316
124 12 0.00018148444546954633
124 13 0.00021612001174870025
124 14 0.00025369751167650476
124 15 0.00029421694525296003
124 16 0.0003376783124780661
124 17 0.0003840816133518227
124 18 0.00043342684787423013
124 19 0.00048571401604528825
124 20 0.000540943117864997
124 21 0.0005991141533333563
124 22 0.0006602271224503667
124 23 0.0007242820252160273
124 24 0.000791278861630339
124 25 0.0008612176316933012
125 1 -5.017626725944087*^-6
125 2 -2.7549794321321666*^-6
125 3 2.4739586001892324*^-6
125 4 0.000010669187371020116
125 5 0.000021830706880360452
125 6 0.000035958517128210245
125 7 0.00005305261811456957
125 8 0.00007311300983943834
125 9 0.00009613969230281663
125 10 0.00012213266550470435
125 11 0.00015109192944510162
125 12 0.00018301748412400827
125 13 0.00021790932954142444
125 14 0.0002557674656973501
125 15 0.0002965918925917852
125 16 0.00034038261022472987
125 17 0.00038713961859618393
125 18 0.0004368629177061475
125 19 0.0004895525075546206
125 20 0.000545208388141603
125 21 0.000603830559467095
125 22 0.0006654190215310965
125 23 0.0007299737743336074
125 24 0.000797494817874628
125 25 0.000867982152154158
126 1 -4.666645486424638*^-6
126 2 -2.4167905979905084*^-6
126 3 2.825819159188168*^-6
126 4 0.00001106118378511154
126 5 0.000022289303279779595
126 6 0.00003651017764319231
126 7 0.0000537238068753496
126 8 0.00007393019097625166
126 9 0.0000971293299458983
126 10 0.00012332122378428951
126 11 0.00015250587249142548
126 12 0.0001846832760673061
126 13 0.00021985343451193132
126 14 0.00025801634782530124
126 15 0.00029917201600741577
126 16 0.000343320439058275
126 17 0.00039046161697787877
126 18 0.0004405955497662274
126 19 0.0004937222374233206
126 20 0.0005498416799491583
126 21 0.0006089538773437409
126 22 0.0006710588296070679
126 23 0.0007361565367391396
126 24 0.0008042469987399561
126 25 0.0008753302156095171
127 1 -4.291359691817696*^-6
127 2 -2.055250204557688*^-6
127 3 3.2018028574154426*^-6
127 4 0.00001147979949410173
127 5 0.000022778739705501087
127 6 0.00003709862349161357
127 7 0.00005443945085243924
127 8 0.00007480122178797806
127 9 0.00009818393629823005
127 10 0.00012458759438319517
127 11 0.00015401219604287337
127 12 0.00018645774127726478
127 13 0.00022192423008636936
127 14 0.00026041166247018705
127 15 0.0003019200384287179
127 16 0.0003464493579619618
127 17 0.000393999621069919
127 18 0.00044457082775258916
127 19 0.0004981629780099725
127 20 0.0005547760718420691
127 21 0.0006144101092488787
127 22 0.0006770650902304017
127 23 0.0007427410147866373
127 24 0.0008114378829175866
127 25 0.0008831556946232489
128 1 -3.825195900366429*^-6
128 2 -1.606229870498529*^-6
128 3 3.668582732918417*^-6
128 4 0.000011999241909884504
128 5 0.000023385747660399663
128 6 0.000037828099984463936
128 7 0.000055326298882077296
128 8 0.00007588034435323967
128 9 0.00009949023639795133
128 10 0.00012615597501621195
128 11 0.00015587756020802164
128 12 0.00018865499197338046
128 13 0.00022448827031228846
128 14 0.0002633773952247455
128 15 0.0003053223667107516
128 16 0.00035032318477030684
128 17 0.00039837984940341113
128 18 0.00044949236061006466
128 19 0.0005036607183902672
128 20 0.0005608849227440187
128 21 0.0006211649736713195
128 22 0.0006845008711721691
128 23 0.0007508926152465683
128 24 0.0008203402058945164
128 25 0.0008928436431160134
129 1 -3.1909278402617023*^-6
129 2 -9.953671337964472*^-7
129 3 4.303401364600114*^-6
129 4 0.0000127053776549279
129 5 0.000024210561737187074
129 6 0.000038818953611377445
129 7 0.00005653055327749915
129 8 0.00007734536073555204
129 9 0.00010126337598553623
129 10 0.00012828459902745166
129 11 0.00015840902986129847
129 12 0.00019163666848707648
129 13 0.00022796751490478584
129 14 0.00026740156911442633
129 15 0.0003099388311159981
129 16 0.0003555793009095013
129 17 0.0004043229784949356
129 18 0.00045616986387230125
129 19 0.0005111199570415982
129 20 0.0005691732580028265
129 21 0.0006303297667559859
129 22 0.0006945894833010768
129 23 0.0007619524076380985
129 24 0.0008324185397670518
129 25 0.0009059878796879367
130 1 6.241797444618948*^-7
130 2 2.6786591177883743*^-6
130 3 8.120742245696618*^-6
130 4 0.0000169504291281867
130 5 0.000029167719765258476
130 6 0.00004477261415691207
130 7 0.00006376511230314741
130 8 0.00008614521420396455
130 9 0.00011191291985936357
130 10 0.00014106822926934426
130 11 0.00017361114243390674
130 12 0.00020954165935305102
130 13 0.00024885978002677704
130 14 0.00029156550445508494
130 15 0.00033765883263797453
130 16 0.0003871397645754461
130 17 0.0004400083002674993
130 18 0.0004962644397141342
130 19 0.0005559081829153509
130 20 0.0006189395298711496
130 21 0.0006853584805815298
130 22 0.0007551650350464919
130 23 0.0008283591932660359
130 24 0.0009049409552401614
130 25 0.0009849103209688688
