1 1 0.5938643241315265
1 2 0.5809670611889239
1 3 0.543248229587755
1 4 0.4743712313603384
1 5 0.36689014886811194
1 6 0.21228967228770207
1 7 0.0011973574413997505
1 8 -0.27613806257409074
1 9 -0.628999555277042
1 10 -1.0649066540405436
1 11 -1.5878764569164834
1 12 -2.196409719888181
1 13 -2.881605761300001
1 14 -3.62603528527686
1 15 -4.40406178647045
1 16 -5.184038982962867
1 17 -5.9322041440956585
1 18 -6.617372875375126
1 19 -7.215129595683013
1 20 -7.7103836659124605
1 21 -8.09783090545048
1 22 -8.380621661867345
1 23 -8.568001419402588
1 24 -8.672736349354048
1 25 -8.708896493666519
2 1 2.2863393709246846
2 2 2.271851046918296
2 3 2.2293960686518624
2 4 2.151561212481601
2 5 2.0292993074617276
2 6 1.8517032920111112
2 7 1.6058491621992959
2 8 1.2767963150556316
2 9 0.8478826451776489
2 10 0.3015079378710294
2 11 -0.379356269158559
2 12 -1.2087009329864495
2 13 -2.1939601300396787
2 14 -3.331675389457056
2 15 -4.603147656952038
2 16 -5.971540797977043
2 17 -7.382258625530182
2 18 -8.767932419519799
2 19 -10.057784058868782
2 20 -11.189042780899928
2 21 -12.11679353468992
2 22 -12.819162194227431
2 23 -13.296841186709639
2 24 -13.568235172194337
2 25 -13.662670280824889
3 1 3.8390317881409923
3 2 3.8282663177774534
3 3 3.796674703049948
3 4 3.738571642570437
3 5 3.6468170928463084
3 6 3.512463799319329
3 7 3.32434567416825
3 8 3.0686227247191926
3 9 2.7283266385339324
3 10 2.2830021981371473
3 11 1.7086247220543063
3 12 0.9781026729288703
3 13 0.06284415660207075
3 14 -1.0639673566812453
3 15 -2.421709070051731
3 16 -4.013948061945034
3 17 -5.81815227270371
3 18 -7.77628116240799
3 19 -9.79129875052864
3 20 -11.735154090143544
3 21 -13.470182627012981
3 22 -14.878455918518261
3 23 -15.887301705568012
3 24 -16.480118290942006
3 25 -16.689850412066917
4 1 4.944630452708543
4 2 4.940297556419769
4 3 4.9275783706368745
4 4 4.904147737431461
4 5 4.867041973313303
4 6 4.81247360423656
4 7 4.735592370112953
4 8 4.63018006527737
4 9 4.488267972902725
4 10 4.299672372836125
4 11 4.051462179067918
4 12 3.7274148214427365
4 13 3.30760167712853
4 14 2.768401455126067
4 15 2.083498897340796
4 16 1.2267822822714598
4 17 0.1783696640548436
4 18 -1.065177637738817
4 19 -2.4769477473716046
4 20 -3.986388547735889
4 21 -5.476051767848199
4 22 -6.798945809394175
4 23 -7.817333075696281
4 24 -8.44588395491249
4 25 -8.673889308868636
5 1 6.24379713096326
5 2 6.251445276663784
5 3 6.273938509192894
5 4 6.315437688018916
5 5 6.381300632794677
5 6 6.478466713739027
5 7 6.615978659428819
5 8 6.80569397766784
5 9 7.0632580453235425
5 10 7.409435903721403
5 11 7.87192806455354
5 12 8.487818522910992
5 13 9.30679536106969
5 14 10.395181505785951
5 15 11.840466045389217
5 16 13.755117786680682
5 17 16.27640290975531
5 18 19.554900495275135
5 19 23.718250898884538
5 20 28.792294993367864
5 21 34.57422839458493
5 22 40.508025736015256
5 23 45.70317001406068
5 24 49.23123866863936
5 25 50.57887365743836
6 1 7.671894707767495
6 2 7.698474929318784
6 3 7.77662537832274
6 4 7.920812500528965
6 5 8.149679100668148
6 6 8.487396150841734
6 7 8.965503394081551
6 8 9.625429997451908
6 9 10.521962048243983
6 10 11.728023557779954
6 11 13.34125952197485
6 12 15.493031697241726
6 13 18.360485761332196
6 14 22.182118344462914
6 15 27.276261134054504
6 16 34.05897272048684
6 17 43.05070672773365
6 18 54.84612867200436
6 19 69.99584315009812
6 20 88.72272439643848
6 21 110.42308171772557
6 22 133.10358032470654
6 23 153.3109588072489
6 24 167.22460302172254
6 25 172.58036289426778
7 1 9.04980302097041
7 2 9.100496780632561
7 3 9.249440773893921
7 4 9.52386419002861
7 5 9.95845878227638
7 6 10.597533931622278
7 7 11.497790017238145
7 8 12.731848125434407
7 9 14.39265524102473
7 10 16.59879763957093
7 11 19.500526339998665
7 12 23.285791338491006
7 13 28.184570261043262
7 14 34.4679409092217
7 15 42.43537643224449
7 16 52.37977688799301
7 17 64.51651893087029
7 18 78.86559769917878
7 19 95.09477035569196
7 20 112.37537354646577
7 21 129.3576895327753
7 22 144.37932450472073
7 23 155.90533323206495
7 24 163.00285350432196
7 25 165.57446376610199
8 1 10.432273141405846
8 2 10.512990396761511
8 3 10.749802750057064
8 4 11.184799262036378
8 5 11.870210574430383
8 6 12.870447226949713
8 7 14.264199082050153
8 8 16.146279435253753
8 9 18.628621111767938
8 10 21.83941534881841
8 11 25.918823943600835
8 12 31.00907918289755
8 13 37.23640396331927
8 14 44.68265922147231
8 15 53.34693419837655
8 16 63.10236008057563
8 17 73.66091142712054
8 18 84.56551709612081
8 19 95.22774929534944
8 20 105.0148632538228
8 21 113.3652319131896
8 22 119.89177413714019
8 23 124.43548514757576
8 24 127.05592603249713
8 25 127.97436534441105
9 1 11.450278605075315
9 2 11.556868595174691
9 3 11.869076422496285
9 4 12.440595751803704
9 5 13.335983821559575
9 6 14.631485497749736
9 7 16.414925857090388
9 8 18.783914850535
9 9 21.841330620082665
9 10 25.686855835986663
9 11 30.403450987272162
9 12 36.03839512623286
9 13 42.580259945341716
9 14 49.93596883396753
9 15 57.9152048682643
9 16 66.23103301905807
9 17 74.52331273301402
9 18 82.40427898125263
9 19 89.51601245781444
9 20 95.58297989723712
9 21 100.44414545362716
9 22 104.057888751573
9 23 106.48359181983959
9 24 107.85036997667538
9 25 108.32398356178142
10 1 12.105446856542896
10 2 12.230396309512656
10 3 12.595889897320314
10 4 13.263070323281937
10 5 14.303462277876763
10 6 15.798340542905908
10 7 17.836336694248217
10 8 20.50838994443088
10 9 23.899112867412754
10 10 28.073957267377622
10 11 33.06247861878312
10 12 38.8396636103143
10 13 45.30948771996517
10 14 52.29673094616716
10 15 59.55311370384696
10 16 66.7807246810657
10 17 73.66976888217111
10 18 79.94146416259463
10 19 85.38414475615065
10 20 89.87325824890746
10 21 93.37243646872457
10 22 95.91936801854477
10 23 97.6036880482532
10 24 98.54394116088551
10 25 98.86829227134473
11 1 12.512779009745845
11 2 12.649826285456275
11 3 13.050324406413688
11 4 13.779935960472375
11 5 14.913915409801621
11 6 16.535278473611932
11 7 18.7306767487612
11 8 21.58313073561756
11 9 25.161006024082024
11 10 29.503348154262483
11 11 34.60306929451566
11 12 40.39136387075344
11 13 46.72844459625219
11 14 53.406024129749774
11 15 60.16475938394317
11 16 66.72511618425479
11 17 72.82469098282131
11 18 78.2519735658307
11 19 82.86784783933214
11 20 86.6110732455851
11 21 89.48966401408728
11 22 91.56368639320911
11 23 92.92557783812084
11 24 93.68251286789493
11 25 93.94307557085399
12 1 12.817949315366825
12 2 12.964407702076912
12 3 13.392073664515749
12 4 14.169901180475907
12 5 15.375556402972231
12 6 17.092539287529448
12 7 19.404631962350912
12 8 22.38695640134934
12 9 26.093406270076223
12 10 30.541269163527485
12 11 35.69547256650687
12 12 41.456649125994524
12 13 47.6581686058548
12 14 54.07624851574447
12 15 60.45370842132232
12 16 66.53291952516159
12 17 72.08953912137638
12 18 76.9581159649718
12 19 81.0439887702066
12 20 84.32107559366678
12 21 86.81938909470898
12 22 88.60780193668144
12 23 89.77689979831
12 24 90.42489086733188
12 25 90.6476560098961
13 1 13.031856685035809
13 2 13.185091015779026
13 3 13.63228227857807
13 4 14.444628436315947
13 5 15.701261326969234
13 6 17.48555870433586
13 7 19.87854134775954
13 8 22.948784849173002
13 9 26.738953033336397
13 10 31.25031968055673
13 11 36.428342110048604
13 12 42.1538613131403
13 13 48.244756070590284
13 14 54.47088954765958
13 15 60.58101104706132
13 16 66.33558671299242
13 17 71.53690988899352
13 18 76.04893060430481
13 19 79.80339791698124
13 20 82.79370808353092
13 21 85.06097092034163
13 22 86.67743222292283
13 23 87.73118318429493
13 24 88.31424313686266
13 25 88.51452200869689
14 1 13.203189176265862
14 2 13.361958321294079
14 3 13.825075878628734
14 4 14.66549278177587
14 5 15.963367686111
14 6 17.8016871680132
14 7 20.258797931766694
14 8 23.39743516547753
14 9 27.25067167359584
14 10 31.80661856044522
14 11 36.99540345938915
14 12 42.68316210557578
14 13 48.67740208399437
14 14 54.745403549648934
14 15 60.64286374120047
14 16 66.14582426232614
14 17 71.0774499186076
14 18 75.32339156127723
14 19 78.83394154607181
14 20 81.61547665960185
14 21 83.71593331200353
14 22 85.2090094957842
14 23 86.1803360113282
14 24 86.71711519366866
14 25 86.90138601921221
15 1 13.344044739832949
15 2 13.507436322410781
15 3 13.983838914795719
15 4 14.847611380120565
15 5 16.179651441141587
15 6 18.062419163929544
15 7 20.571747403692804
15 8 23.765176252677275
15 9 27.667524827719834
15 10 32.25592078224653
15 11 37.44815236714005
15 12 43.099105556823
15 13 49.009125187805736
15 14 54.944930518692026
15 15 60.66918240624512
15 16 65.97120483565094
15 17 70.69084412291132
15 18 74.73033734172435
15 19 78.05360528448499
15 20 80.67615862291348
15 21 82.65038886530553
15 22 84.05052249877221
15 23 84.95995397801457
15 24 85.46204537209726
15 25 85.63432890699245
16 1 13.464878082473252
16 2 13.632287277284304
16 3 14.12022464372152
16 4 15.004230717637284
16 5 16.365757384435874
16 6 18.286660104731162
16 7 20.840384457621276
16 8 24.079734445035072
16 9 28.022202013336603
16 10 32.635413272241045
16 11 37.82680946863359
16 12 43.44226733344448
16 13 49.27696171412941
16 14 55.09818417901459
16 15 60.6753470860154
16 16 65.80938420263644
16 17 70.35403062727906
16 18 74.22485242971091
16 19 77.39637488615126
16 20 79.89095188202552
16 21 81.76407603556444
16 22 83.09003126442377
16 23 83.95018442941452
16 24 84.42469991774946
16 25 84.587460633235
17 1 13.559699318588489
17 2 13.730295226268177
17 3 14.22737377995137
17 4 15.12738468794972
17 5 16.512160750002142
17 6 18.462981125830797
17 7 21.051266921015554
17 8 24.325927263337707
17 9 28.29855516067214
17 10 32.929289299515666
17 11 38.11763036080796
17 12 43.702816984155454
17 13 49.47659011160742
17 14 55.20733215996497
17 15 60.67019375380943
17 16 65.67529730303383
17 17 70.08697091034776
17 18 73.83066541685163
17 19 76.88856550533198
17 20 79.28780940135842
17 21 81.08590996221308
17 22 82.35697798793262
17 23 83.1807382418026
17 24 83.63491216148924
17 25 83.79065220444834
18 1 13.648623784825887
18 2 13.82223552710808
18 3 14.327958475762818
18 4 15.243079637621312
18 5 16.64974432368257
18 6 18.628607851990935
18 7 21.24907084934866
18 8 24.556249202116383
18 9 28.55609215261138
18 10 33.20170529693763
18 11 38.38530181542455
18 12 43.94024981923793
18 13 49.65556084671426
18 14 55.30112522511113
18 15 60.65778545071581
18 16 65.54430567120008
18 17 69.83468537297108
18 18 73.4631933887025
18 19 76.41869581422476
18 20 78.7323854109523
18 21 80.46337201441446
18 22 81.68545251242153
18 23 82.47678231845727
18 24 82.9128466540053
18 25 83.06233919690673
19 1 13.723041190482114
19 2 13.899197170300846
19 3 14.412207699439337
19 4 15.340048528285731
19 5 16.765092207512428
19 6 18.76740870837783
19 7 21.4146164503929
19 8 24.748553680429904
19 9 28.770368403424698
19 10 33.427280741321084
19 11 38.60553351752949
19 12 44.13385118024433
19 13 49.79932095265873
19 14 55.37343788121001
19 15 60.64201364674974
19 16 65.43104068301376
19 17 69.62240701733914
19 18 73.15743035159096
19 19 76.0302120847161
19 20 78.27503771362542
19 21 79.95215098139943
19 22 81.13498621737507
19 23 81.90036989123934
19 24 82.32195735535763
19 25 82.46645755950063
20 1 13.783300213777105
20 2 13.961530053872282
20 3 14.480477384749609
20 4 15.418667353983766
20 5 16.858633027272607
20 6 18.879927430978448
20 7 21.548664519911046
20 8 24.903960436874122
20 9 28.943026117332277
20 10 33.60832111166307
20 11 38.781344862498266
20 12 44.28724392141005
20 13 49.911783937158525
20 14 55.42797776169167
20 15 60.62578427962015
20 16 65.33703484016208
20 17 69.44986369993408
20 18 72.9110794336255
20 19 75.71879467212838
20 20 77.90961037573564
20 21 79.54456338545756
20 22 80.69673458804684
20 23 81.44186712310518
20 24 81.85216263138138
20 25 81.9927700188921
21 1 13.839352390945189
21 2 14.01952234036656
21 3 14.544020756648877
21 4 15.491876929315358
21 5 16.945753948159577
21 6 18.98468898106804
21 7 21.673347061182604
21 8 25.048258226122456
21 9 29.102933633307025
21 10 33.77541215926193
21 11 38.94285777245413
21 12 44.42723684873719
21 13 50.01327309007986
21 14 55.47555941581293
21 15 60.60800225135788
21 16 65.24784539834985
21 17 69.28891703039665
21 18 72.68296185572015
21 19 75.43164707923434
21 20 77.57358338813793
21 21 79.17045139441109
21 22 80.29495942939144
21 23 81.02183909952852
21 24 81.42196244001646
21 25 81.5590639619112
22 1 13.888763080854918
22 2 14.070652107134697
22 3 14.600066885131428
22 4 15.55647543750913
22 5 17.022639767989972
22 6 19.07711399429277
22 7 21.78324621498101
22 8 25.17524405768672
22 9 29.243328694160997
22 10 33.921650514381945
22 11 39.08361547518009
22 12 44.54850572367558
22 13 50.10027419196069
22 14 55.51503608166659
22 15 60.59024318258792
22 16 65.16789051951642
22 17 69.14673109626365
22 18 72.48272597880722
22 19 75.18053907813533
22 20 77.28044260210173
22 21 78.84461383825263
22 22 79.94540049476177
22 23 80.6566406839121
22 24 81.04805249259651
22 25 81.182152253487
23 1 13.936930557916746
23 2 14.120503412159279
23 3 14.65473163619514
23 4 15.619505694612318
23 5 17.097669608209703
23 6 19.167280779886493
23 7 21.89036760350415
23 8 25.298835602907097
23 9 29.379674183679736
23 10 34.063252619454936
23 11 39.219372872536454
23 12 44.66480848355056
23 13 50.182892435809755
23 14 55.55133645032303
23 15 60.57110250744498
23 16 65.08879550412297
23 17 69.00788313019338
23 18 72.2883168801389
23 19 74.93756236290105
23 20 76.99741631889137
23 21 78.53047974958855
23 22 79.60872195206686
23 23 80.30510934920785
23 24 80.6882514553979
23 25 80.81950229276671
24 1 13.982165771003523
24 2 14.167327165074257
24 3 14.706094518563479
24 4 15.678750186136538
24 5 17.16820205571899
24 6 19.252017611567044
24 7 21.990953525463773
24 8 25.414719444572725
24 9 29.507248706048124
24 10 34.19536985007349
24 11 39.345555275848774
24 12 44.77232023281317
24 13 50.25853205489356
24 14 55.58349944865008
24 15 60.551525317360415
24 16 65.0135211626157
24 17 68.87730409351111
24 18 72.10646696945143
24 19 74.71100204883726
24 20 76.73405554614797
24 21 78.23857474789972
24 22 79.29615115802072
24 23 79.97893270999211
24 24 80.35450250329411
24 25 80.48314518004588
25 1 14.023502286475315
25 2 14.21012143928956
25 3 14.753052574374943
25 4 15.73293197363163
25 5 17.23271457896348
25 6 19.32950014073501
25 7 22.08285575177512
25 8 25.520456009077037
25 9 29.623424592665
25 10 34.315364414291025
25 11 39.45975311255266
25 12 44.86912523415907
25 13 50.32601999992289
25 14 55.611285378326954
25 15 60.53231164167201
25 16 64.94392425376817
25 17 68.75784811557575
25 18 71.94091501998973
25 19 74.5053399905723
25 20 76.49543530757565
25 21 77.97442304506987
25 22 79.01353179588327
25 23 79.68416221296579
25 24 80.05297184314784
25 25 80.17928650639273
26 1 14.063183535221663
26 2 14.251207595803837
26 3 14.798150052320445
26 4 15.784983102000815
26 5 17.29469655763025
26 6 19.40392300723235
26 7 22.171062883711247
26 8 25.621811942877144
26 9 29.734582173162348
26 10 34.42989003975163
26 11 39.568382317299495
26 12 44.96076687819032
26 13 50.389354322218104
26 14 55.63653968955638
26 15 60.51270523434858
26 16 64.87641253175781
26 17 68.64307748660171
26 18 71.7825626630301
26 19 74.30914144913278
26 20 76.2681873086498
26 21 77.72315036255631
26 22 78.74489598983338
26 23 79.40410851740968
26 24 79.76656810669796
26 25 79.89069634989612
27 1 14.10078069856668
27 2 14.290140885038443
27 3 14.840896901208563
27 4 15.834335680538677
27 5 17.353470648535026
27 6 19.47447522521042
27 7 22.25462208647352
27 8 25.71770945523613
27 9 29.83956751603702
27 10 34.537798359205524
27 11 39.670407141666054
27 12 45.046438645459205
27 13 50.448063891041855
27 14 55.659204515507646
27 15 60.49310093918103
27 16 64.81183405554889
27 17 68.53426220035364
27 18 71.63304959291048
27 19 74.12435339343216
27 20 76.05450165301924
27 21 77.48712963903736
27 22 78.49274603310376
27 23 79.14135773317219
27 24 79.49792359608186
27 25 79.62002284802364
28 1 14.138650095592196
28 2 14.3293610184395
28 3 14.883970927530331
28 4 15.88408022846662
28 5 17.412716743772478
28 6 19.54557500589551
28 7 22.33876973467584
28 8 25.814165852054863
28 9 29.94498130653388
28 10 34.64589338874032
28 11 39.77228717829517
28 12 45.1315989454906
28 13 50.50593390597834
28 14 55.680809244456206
28 15 60.47236513584965
28 16 64.74620569486213
28 17 68.42460263552827
28 18 71.48297426917803
28 19 73.93931132314837
28 20 75.84085492113599
28 21 77.25139766500743
28 22 78.24107737493419
28 23 78.87922017669118
28 24 79.22996747151927
28 25 79.35006390289799
29 1 14.174248576161794
29 2 14.366233764395089
29 3 14.924478114963927
29 4 15.930873407962254
29 5 17.468452308088164
29 6 19.612444065019595
29 7 22.417854695978313
29 8 25.90471179950597
29 9 30.04376751872796
29 10 34.74696027220193
29 11 39.86725005286549
29 12 45.210622087380244
29 13 50.559187278628706
29 14 55.70001400570582
29 15 60.45198566067421
29 16 64.68399742164003
29 17 68.32148019798785
29 18 71.34237998992955
29 19 73.76635406058415
29 20 75.64145891141972
29 21 77.03160944242241
29 22 78.00658490577422
29 23 78.63507316337149
29 24 78.98045610541273
29 25 79.09870632473238
30 1 14.206214591979323
30 2 14.39934776889809
30 3 14.96086533970783
30 4 15.972917957034937
30 5 17.518535376303067
30 6 19.672516476488845
30 7 22.488855019221813
30 8 25.985912441982816
30 9 30.132218669381377
30 10 34.837262018543264
30 11 39.95185662587139
30 12 45.280735133817174
30 13 50.60606861737368
30 14 55.716359461118394
30 15 60.43296733192047
30 16 64.6277245618248
30 17 68.2288579761126
30 18 71.21653342723745
30 19 73.61185856793428
30 20 75.46358766729631
30 21 76.83572511842354
30 22 77.79772047056139
30 23 78.41769002926664
30 24 78.75834100872817
30 25 78.8749628710425
31 1 14.237860819594324
31 2 14.432134003636719
31 3 14.996901042300415
31 4 16.014566248955013
31 5 17.568149664025622
31 6 19.732012314905727
31 7 22.559130270971806
31 8 26.066200413146372
31 9 30.219545565478967
31 10 34.926237638934495
31 11 40.03499642290756
31 12 45.349361471940114
31 13 50.65161411809215
31 14 55.73171358334741
31 15 60.41348196911914
31 16 64.57164180829547
31 17 68.13714972046407
31 18 71.09232327151766
31 19 73.45966393213939
31 20 75.28858558578352
31 21 76.64316297092779
31 22 77.59251244645007
31 23 78.20418610698415
31 24 78.54023004337942
31 25 78.6552667254585
32 1 14.268927772585174
32 2 14.464323494322867
32 3 15.032289233970214
32 4 16.055475747565666
32 5 17.616886858220383
32 6 19.790442281095547
32 7 22.62810395038876
32 8 26.144920218338235
32 9 30.305040664238295
32 10 35.013174390127865
32 11 40.11601463278203
32 12 45.41597513003678
32 13 50.69549390907122
32 14 55.74599530982792
32 15 60.39372832493022
32 16 64.51623515394998
32 17 68.04711532621305
32 18 70.97075483019385
32 19 73.31098355281806
32 20 75.11783355926968
32 21 76.45543160102602
32 22 77.39256074497442
32 23 77.99622091358808
32 24 78.32781572747997
32 25 78.44132174451445
33 1 14.298435859905174
33 2 14.494900917719686
33 3 15.065912858680777
33 4 16.09435411976723
33 5 17.663206933343456
33 6 19.845961257556244
33 7 22.693601944509886
33 8 26.219598413508766
33 9 30.38603034844994
33 10 35.095371618427485
33 11 40.192417953539234
33 12 45.478555414215116
33 13 50.736414772142176
33 14 55.7588431131475
33 15 60.37440237081836
33 16 64.46329621808029
33 17 67.96160063337936
33 18 70.85562645277231
33 19 73.17042945040633
33 20 74.95660262797004
33 21 76.27830704072001
33 22 77.2040038146037
33 23 77.80017009137197
33 24 78.12760523855303
33 25 78.23968033322423
34 1 14.328518075767338
34 2 14.526076416167738
34 3 15.100201863294394
34 4 16.13401060679267
34 5 17.710456605219644
34 6 19.902581019087688
34 7 22.760358728808953
34 8 26.295636464860102
34 9 30.468378329774506
34 10 35.1787889262572
34 11 40.26975731457813
34 12 45.541663606561194
34 13 50.77737856384699
34 14 55.77123003454253
34 15 60.35414485662626
34 16 64.40902269807563
34 17 67.8744302646934
34 18 70.73860127820264
34 19 73.02780597870647
34 20 74.79318359909313
34 21 76.09891553822091
34 22 77.01312962921295
34 23 77.60177185849965
34 24 77.92503154845397
34 25 78.03567044396428
35 1 14.359446923955234
35 2 14.55813263006584
35 3 15.135467678939973
35 4 16.174805992107924
35 5 17.759065804659716
35 6 19.96081554479519
35 7 22.82897708300669
35 8 26.373715205671292
35 9 30.552813515032398
35 10 35.26415386913577
35 11 40.348694540256936
35 12 45.60582524155037
35 13 50.818708686198306
35 14 55.7832261521336
35 15 60.33274235527852
35 16 64.35291015743223
35 17 67.78482145578293
35 18 70.61864600179291
35 19 72.88186627945576
35 20 74.62615685918925
35 21 75.91570518415078
35 22 76.8182913628287
35 23 77.39931727592935
35 24 77.71835127513188
35 25 77.82753685187011
36 1 14.386736076405805
36 2 14.586419276619164
36 3 15.166593361430145
36 4 16.210819790328934
36 5 17.80197962631861
36 6 20.012214628282337
36 7 22.889505268903054
36 8 26.442520995238617
36 9 30.627117245494468
36 10 35.33913557206306
36 11 40.41785580659397
36 12 45.66183068231822
36 13 50.85451808812863
36 14 55.79319525298699
36 15 60.31338255036816
36 16 64.30314591844268
36 17 67.70577533774511
36 18 70.51311468531975
36 19 72.75368597479172
36 20 74.47961456464294
36 21 75.7550811299554
36 22 76.64755496277826
36 23 77.22195963390703
36 24 77.53732082653333
36 25 77.64524336518147
37 1 14.417563291275252
37 2 14.618376472357355
37 3 15.201765736942571
37 4 16.2515244557272
37 5 17.850485268418222
37 6 20.070297099169508
37 7 22.957863091885635
37 8 26.520150841146638
37 9 30.710833125569664
37 10 35.423457324660504
37 11 40.49543584678681
37 12 45.72441742792301
37 13 50.89423522945713
37 14 55.8037711155598
37 15 60.290985048247485
37 16 64.24665028666863
37 17 67.61650618900717
37 18 70.39424986934941
37 19 72.60954441274785
37 20 74.31500073479096
37 21 75.57477868292436
37 22 76.45599217559102
37 23 77.02302654092767
37 24 77.33430029481508
37 25 77.44081735081956
38 1 14.448079321112626
38 2 14.650014386869831
38 3 15.23659480817151
38 4 16.29184084302301
38 5 17.898530416136076
38 6 20.12781319798897
38 7 23.02551137852671
38 8 26.59689480922003
38 9 30.793471246997317
38 10 35.506528607609184
38 11 40.571660929167905
38 12 45.78566534228107
38 13 50.93278961627027
38 14 55.81353210142043
38 15 60.268271539397354
38 16 64.19044130528151
38 17 67.52817030377062
38 18 70.2769510384844
38 19 72.46754210008783
38 20 74.15301095876862
38 21 75.39748353995034
38 22 76.26771779053833
38 23 76.8275684911603
38 24 77.13485920307093
38 25 77.24000681904232
39 1 14.477484237583111
39 2 14.680503462795267
39 3 15.270166795709127
39 4 16.33071056134502
39 5 17.944853521356794
39 6 20.183253489001103
39 7 23.090677412024302
39 8 26.67074704847964
39 9 30.872880131603353
39 10 35.586198648549335
39 11 40.64457317339439
39 12 45.844020862649884
39 13 50.96922902309319
39 14 55.82227918194425
39 15 60.24588360157356
39 16 64.1360198148145
39 17 67.44308632750742
39 18 70.16426930541924
39 19 72.33135155370691
39 20 73.99781838918076
39 21 75.22775096661881
39 22 76.08756053003631
39 23 76.64059283931833
39 24 76.9441038526
39 25 77.04795207472193
40 1 14.509716673324613
40 2 14.713927839443311
40 3 15.306979504157844
40 4 16.373341911410556
40 5 17.995661642165626
40 6 20.244045134055693
40 7 23.162087238788416
40 8 26.751589583002463
40 9 30.959674932725815
40 10 35.673104226240724
40 11 40.7238915059933
40 12 45.90724463079754
40 13 51.008377189347215
40 14 55.83113396060749
40 15 60.22078740873414
40 16 64.07608190070324
40 17 67.34986677403398
40 18 70.04114427741828
40 19 72.18278523468022
40 20 73.8287087589102
40 21 75.04293379219838
40 22 75.89148764601647
40 23 76.43716069038251
40 24 76.73659307104631
40 25 76.83903927706882
41 1 14.542597876344255
41 2 14.74802878945796
41 3 15.344546669685124
41 4 16.41685719281521
41 5 18.047525334311192
41 6 20.306081814833572
41 7 23.234909225580466
41 8 26.833937990350332
41 9 31.047945824532587
41 10 35.761299758267576
41 11 40.80415544678305
41 12 45.970944230498176
41 13 51.047463780057484
41 14 55.83938655852968
41 15 60.194598291626704
41 16 64.01464175285777
41 17 67.25482671748311
41 18 69.91596510444586
41 19 72.03200107002053
41 20 73.65727086863232
41 21 74.85571634368259
41 22 75.69296924238375
41 23 76.23125623340455
41 24 76.52659607044107
41 25 76.62763563139882
42 1 14.575788344982108
42 2 14.78245439577556
42 3 15.3824810272555
42 4 16.460808241844024
42 5 18.099910397238233
42 6 20.36872344151318
42 7 23.30838933674465
42 8 26.916935110065797
42 9 31.136767799905932
42 10 35.84985354961582
42 11 40.88450884862384
42 12 46.03443129316671
42 13 51.08605570157874
42 14 55.84692793771984
42 15 60.167572153367374
42 16 63.9523306964184
42 17 67.1589564203171
42 18 69.79004457808861
42 19 71.88058610878417
42 20 73.48531308326407
42 21 74.66807609712693
42 22 75.49410391077332
42 23 76.0250572161397
42 24 76.31633445672506
42 25 76.41597781781098
43 1 14.611974019316282
43 2 14.81999116888714
43 3 15.423854582328087
43 4 16.508755878776846
43 5 18.157061087309238
43 6 20.437042003928553
43 7 23.388468592893517
43 8 27.007276242563144
43 9 31.233283787348412
43 10 35.94585821861111
43 11 40.97135327533653
43 12 46.10272368766018
43 13 51.127152442840014
43 14 55.85425920610179
43 15 60.13744418866635
43 16 63.884072657370155
43 17 67.05451488925738
43 18 69.65326154482905
43 19 71.71640382976504
43 20 73.29907732214194
43 21 74.46501839090115
43 22 75.2790125438454
43 23 75.80210698512798
43 24 76.08903173270573
43 25 76.18717943344359
44 1 14.648379860459437
44 2 14.857761079666908
44 3 15.46549663111822
44 4 16.557027160486633
44 5 18.214599569485596
44 6 20.505800830358577
44 7 23.469000144120027
44 8 27.09801144982207
44 9 31.33004639341848
44 10 36.041877026524475
44 11 41.057927405934194
44 12 46.17046470330379
44 13 51.16747994505848
44 14 55.86071078954888
44 15 60.10644931354046
44 16 63.81507074101577
44 17 66.94953042140764
44 18 69.51617535971681
44 19 71.55216161787718
44 20 73.11300215728828
44 21 74.26230355945313
44 22 75.06440163168705
44 23 75.57973021080585
44 24 75.86235502703168
44 25 75.9590253015215
45 1 14.686099366852556
45 2 14.896898918670761
45 3 15.508659061415566
45 4 16.607074024577372
45 5 18.274256441303507
45 6 20.57706604728935
45 7 23.55239915497311
45 8 27.191853919045645
45 9 31.42993789555211
45 10 36.14075646694254
45 11 41.1467824059862
45 12 46.239633485567865
45 13 51.208195314010275
45 14 55.866431828404856
45 15 60.07362824265939
45 16 63.743244650393464
45 17 66.84086400707268
45 18 69.37470404096985
45 19 71.38298067038586
45 20 72.9215686167363
45 21 74.05392496180028
45 22 74.84391599015349
45 23 75.35134421807548
45 24 75.6295957164687
45 25 75.72476352593225
46 1 14.72746016818579
46 2 14.939820891647361
46 3 15.556009067144203
46 4 16.661991722575582
46 5 18.339721434951276
46 6 20.655239661024176
46 7 23.643802422429133
46 8 27.294557742400308
46 9 31.53904547926758
46 10 36.24847341248468
46 11 41.24323132150181
46 12 46.31429812535684
46 13 51.25160610115252
46 14 55.87159578635493
46 15 60.03682935075375
46 16 63.66410954172387
46 17 66.72184164410437
46 18 69.2202342872681
46 19 71.19861610745367
46 20 72.71322548541951
46 21 73.82733881393872
46 22 74.60430375893459
46 23 75.10323557611622
46 24 75.37678502236402
46 25 75.47033762849135
47 1 14.771686419484697
47 2 14.985723346775027
47 3 15.60666363353918
47 4 16.720759806250594
47 5 18.409778278340443
47 6 20.73886126394193
47 7 23.741481717761303
47 8 27.404144584208023
47 9 31.655214369589487
47 10 36.36283222917383
47 11 41.345226763502055
47 12 46.39277796492663
47 13 51.29661161123306
47 14 55.8758551194892
47 15 59.99656688635989
47 16 63.5790769056282
47 17 66.59474067724231
47 18 69.05582712653859
47 19 71.00279909379996
47 20 72.49224701355939
47 21 73.58723565855907
47 22 74.3505542959376
47 23 74.84058923076151
47 24 75.10921635898706
47 25 75.2010783204406
48 1 14.818355138124723
48 2 15.034168576827058
48 3 15.660142860105436
48 4 16.78282470459087
48 5 18.48376703492707
48 6 20.827135767953173
48 7 23.844489723402337
48 8 27.519519352254758
48 9 31.777237245640922
48 10 36.48258538160215
48 11 41.451586549733044
48 12 46.47408235916651
48 13 51.342539182181184
48 14 55.87896038955097
48 15 59.95308289223509
48 16 63.488905340878446
48 17 66.46082128488491
48 18 68.88319857436119
48 19 70.79763649107102
48 20 72.26105737348047
48 21 73.33628318127433
48 22 74.0855102128054
48 23 74.56636234435518
48 24 74.82991043290754
48 25 74.92002816080974
49 1 14.872493971720875
49 2 15.090378281765556
49 3 15.722217419105409
49 4 16.854890094189813
49 5 18.569679339718444
49 6 20.929582994882413
49 7 23.963897512418775
49 8 27.653016407121132
49 9 31.918063842020807
49 10 36.62031963136236
49 11 41.57334462230935
49 12 46.56647522275164
49 13 51.39383444523178
49 14 55.880810587819596
49 15 59.901391143185855
49 16 63.38376104035865
49 17 66.30574260536517
49 18 68.6840441952384
49 19 70.5615083561691
49 20 71.99539375928615
49 21 73.04821711004546
49 22 73.78148279875117
49 23 74.25193913336331
49 24 74.50973908033387
49 25 74.59788308819985
50 1 14.926356995549114
50 2 15.14631233869026
50 3 15.78401326620459
50 4 16.926658681718283
50 5 18.65523905919941
50 6 21.03155196527209
50 7 24.082598531387898
50 8 27.785459024076033
50 9 32.05739078475205
50 10 36.756084394658885
50 11 41.69275547578085
50 12 46.65636371640969
50 13 51.442785074672265
50 14 55.88082322631986
50 15 59.848673656258605
50 16 63.27861113246938
50 17 66.15176868184246
50 18 68.48708523150789
50 19 70.32856312888141
50 20 71.73374620558394
50 21 72.76482398522194
50 22 73.48260901318558
50 23 73.94298815345887
50 24 74.19521796749622
50 25 74.28144967831898
51 1 14.989032438733645
51 2 15.211411178153815
51 3 15.855966714368195
51 4 17.010257541216053
51 5 18.754903039812945
51 6 21.150255827264807
51 7 24.22059052030818
51 8 27.939091813967654
51 9 32.218522310461346
51 10 36.91246690982553
51 11 41.8295441540823
51 12 46.75843152460991
51 13 51.49717151210894
51 14 55.87859623806686
51 15 59.78576729189457
51 16 63.1556230221295
51 17 65.97302430827702
51 18 68.2593860719858
51 19 70.05996727079982
51 20 71.43258470156836
51 21 72.43901985244403
51 22 73.1392769557902
51 23 73.58825283640508
51 24 73.83418174234463
51 25 73.91825063095347
52 1 15.053417858771965
52 2 15.278301354682336
52 3 15.929936495050896
52 4 17.09623626960391
52 5 18.857403913484386
52 6 21.27225309299358
52 7 24.362195430056232
52 8 28.096370289068936
52 9 32.382931131620346
52 10 37.07132748666168
52 11 41.967658713287655
52 12 46.86048483326157
52 13 51.550210376895976
52 14 55.87386014873315
52 15 59.719456063473594
52 16 63.02861939854327
52 17 65.78990338784418
52 18 68.02713679070055
52 19 69.78676983101974
52 20 71.12683748542727
52 21 72.10867388899945
52 22 72.79145041434055
52 23 73.22906086931576
52 24 73.46871211457498
52 25 73.5506265425883
53 1 15.129183350107864
53 2 15.357034241279706
53 3 16.017049815842846
53 4 17.19754034220537
53 5 18.978173170907656
53 6 21.415879482535086
53 7 24.528621683389776
53 8 28.28072475990549
53 9 32.57493332894752
53 10 37.25594179644245
53 11 42.1270794907316
53 12 46.97698827947734
53 13 51.60902110260512
53 14 55.86519788523852
53 15 59.639321379005544
53 16 62.87838227590566
53 17 65.57510408496
53 18 67.75599362194633
53 19 69.46877988340609
53 20 70.77167889939456
53 21 71.72546509910384
53 22 72.38832812516975
53 23 72.81299994335741
53 24 73.0455074359087
53 25 73.12497063221599
54 1 15.225045542309093
54 2 15.456682062395203
54 3 16.127378104062384
54 4 17.325914829250348
54 5 19.13120845506024
54 6 21.597696313579522
54 7 24.7388532727399
54 8 28.51283363746422
54 9 32.81556937900304
54 10 37.48591825120042
54 11 42.3240079468331
54 12 47.11891766048974
54 13 51.677977809335516
54 14 55.849607633663624
54 15 59.53482666046933
54 16 62.687198967368104
54 17 65.30446014510639
54 18 67.41626421972764
54 19 69.07177830149124
54 20 70.32933885954795
54 21 71.24896610527868
54 22 71.88760754076506
54 23 72.29655403226862
54 24 72.52038331276225
54 25 72.59686943423155
55 1 15.331659818375531
55 2 15.567547849789815
55 3 16.25022418234242
55 4 17.468950479231523
55 5 19.301709234199567
55 6 21.80001538512666
55 7 24.972192427820275
55 8 28.769434888851862
55 9 33.08015041813079
55 10 37.73695245357173
55 11 42.53680778315662
55 12 47.2697080944296
55 13 51.74770896280861
55 14 55.826427219574796
55 15 59.41476630865237
55 16 62.473310835354155
55 17 65.00503388639198
55 18 67.04278897984709
55 19 68.63712252343119
55 20 69.84637485365958
55 21 70.72967477664245
55 22 71.34259186101956
55 23 71.73485249917489
55 24 71.94947850947632
55 25 72.02280825154635
56 1 15.456017364702632
56 2 15.696920094474972
56 3 16.393707237166847
56 4 17.63614097036693
56 5 19.50097997757665
56 6 22.036129625447494
56 7 25.243693703789933
56 8 29.06663103619497
56 9 33.38466106169181
56 10 38.02345879313216
56 11 42.7768377817065
56 12 47.43640146408259
56 13 51.820083395879195
56 14 55.79196832340669
56 15 59.26994626347877
56 16 62.22240472154859
56 17 64.65799406293569
56 18 66.61292342384539
56 19 68.13907846238757
56 20 69.29464887955157
56 21 70.13766478740783
56 22 70.72209800460557
56 23 71.09590120146525
56 24 71.30035289257302
56 25 71.37019421285434
57 1 15.620663397864938
57 2 15.868299119794544
57 3 16.583997538533875
57 4 17.85807907484728
57 5 19.765451140824016
57 6 22.34890206005287
57 7 25.601957171946445
57 8 29.456500269529712
57 9 33.78093117302861
57 10 38.392340992104494
57 11 43.081252409418795
57 12 47.642267936046785
57 13 51.9016419573471
57 14 55.73472591989355
57 15 59.07092650273437
57 16 61.8883265724186
57 17 64.20241077012484
57 18 66.05325305709228
57 19 67.4941088173588
57 20 68.58274379933856
57 21 69.37565535499532
57 22 69.92472377426867
57 23 70.2756378786624
57 24 70.46748139351125
57 25 70.53300127205442
58 1 15.823102775936636
58 2 16.079166461491536
58 3 16.818479995643926
58 4 18.131876781417205
58 5 20.09161170387431
58 6 22.733643520152206
58 7 26.040426307517528
58 8 29.930007198558403
58 9 34.25722528013991
58 10 38.82961200539314
58 11 43.43501552272733
58 12 47.87299149259012
58 13 51.9807371641384
58 14 55.647429401760576
58 15 58.815985639001674
58 16 61.475432849228966
58 17 63.648658087811604
58 18 65.37966792978334
58 19 66.72284802981254
58 20 67.73514792958665
58 21 68.47109080679802
58 22 68.98003516973314
58 23 69.30501686488914
58 24 69.48258808370358
58 25 69.54321813708702
59 1 16.073777997570726
59 2 16.340513009436368
59 3 17.109634801436506
59 4 18.47232604033964
59 5 20.496951026149205
59 6 23.210171475309643
59 7 26.57996127843538
59 8 30.506994882032153
59 9 34.829998921289466
59 10 39.34627726700558
59 11 43.84242772152106
59 12 48.12590112232353
59 13 52.0482966787952
59 14 55.51567629288775
59 15 58.486618175053955
59 16 60.96225336233214
59 17 62.97322972171857
59 18 64.56731866117457
59 19 65.79958836038291
59 20 66.72561844994011
59 21 67.39740185255843
59 22 67.86126867842401
59 23 68.1571643415802
59 24 68.31874343449537
59 25 68.37389700179713
60 1 16.424355180194183
60 2 16.706469552172923
60 3 17.51836312304243
60 4 18.95112207147984
60 5 21.066467234750387
60 6 23.876459641911286
60 7 27.327476403846163
60 8 31.295696368718893
60 9 35.59888372675369
60 10 40.023198408791075
60 11 44.35717793281425
60 12 48.42215093146977
60 13 52.090908992987536
60 14 55.29230693969496
60 15 58.0047292255151
60 16 60.24369209842256
60 17 62.0483795337651
60 18 63.47009616435809
60 19 64.56379975165477
60 20 65.38266745299924
60 21 65.97508985449151
60 22 66.38336527481353
60 23 66.64346234133777
60 24 66.78538216764053
60 25 66.83380726674417
61 1 16.933606622270805
61 2 17.239071535888822
61 3 18.115466236661764
61 4 19.65234833431138
61 5 21.89905290230199
61 6 24.843014786847313
61 7 28.396741377637966
61 8 32.401155673949035
61 9 36.647667903739496
61 10 40.91313618701693
61 11 44.996012625357764
61 12 48.74241522332266
61 13 52.056763732936474
61 14 54.89848712681642
61 15 57.2702914381511
61 16 59.20380181756232
61 17 60.74656322230737
61 18 61.95218994421074
61 19 62.87387582825572
61 20 63.560686914625485
61 21 64.05583864077549
61 22 64.39623601900486
61 23 64.61273302890048
61 24 64.7307457206448
61 25 64.77099440396081
62 1 17.777925322759398
62 2 18.125091395688028
62 3 19.11528207335401
62 4 20.831067083319574
62 5 23.29303953263637
62 6 26.43860133023499
62 7 30.11910344053447
62 8 34.1210082458786
62 9 38.20561281625248
62 10 42.152646991256724
62 11 45.79252495888346
62 12 49.019714903938436
62 13 51.78905469187141
62 14 54.10210541012597
62 15 55.99081129596639
62 16 57.50315449325722
62 17 58.692670413764745
62 18 59.6118253420677
62 19 60.30843344774202
62 20 60.82414051661101
62 21 61.19415890765053
62 22 61.447673705868404
62 23 61.608549981230084
62 24 61.69612542683612
62 25 61.72597425387905
63 1 19.176924756132294
63 2 19.604054137708708
63 3 20.806998353152046
63 4 22.839249071050624
63 5 25.645104350161628
63 6 29.053201316910812
63 7 32.80895578204712
63 8 36.63418580426895
63 9 40.28679533065483
63 10 43.59730406529988
63 11 46.47608916922922
63 12 48.89985058673215
63 13 50.89004045813854
63 14 52.4925472540835
63 15 53.762678516603394
63 16 54.755813978787145
63 17 55.52249122612148
63 18 56.106406611967195
63 19 56.5440977935451
63 20 56.86547266988056
63 21 57.09468235589807
63 22 57.25106477729114
63 23 57.35002618709799
63 24 57.40380746161322
63 25 57.42212357100705
64 1 21.297978973119413
64 2 21.90742965641377
64 3 23.565926598695135
64 4 26.187690698733178
64 5 29.477890214479903
64 6 33.03511506706771
64 7 36.489499930924744
64 8 39.59185764240747
64 9 42.22738971987042
64 10 44.38211188551527
64 11 46.099053451623185
64 12 47.44427433420682
64 13 48.48665482116017
64 14 49.288282576455984
64 15 49.901182833616716
64 16 50.367231796081825
64 17 50.719383847742435
64 18 50.983256305147734
64 19 51.178645308732705
64 20 51.32081887618148
64 21 51.421559358662634
64 22 51.48997867592648
64 23 51.533145314902
64 24 51.55656239228038
64 25 51.56453079708554
65 1 20.93838647275664
65 2 22.02981903153956
65 3 24.746121976920907
65 4 28.40980574757302
65 5 32.169946619694635
65 6 35.46218564666937
65 7 38.091202919634014
65 8 40.08859971592962
65 9 41.5700383591717
65 10 42.65869610121415
65 11 43.45772761944094
65 12 44.045744560982634
65 13 44.48024498720558
65 14 44.802601405639244
65 15 45.042471966478985
65 16 45.22118008193336
65 17 45.35415643684558
65 18 45.45266000199206
65 19 45.5249802313
65 20 45.57727653197891
65 21 45.614166965836596
65 22 45.639143931855315
65 23 45.65487010491732
65 24 45.66339100536628
65 25 45.66628908299768
66 1 5.492748957510608
66 2 8.559284245058608
66 3 15.131846565102208
66 4 22.178034124237183
66 5 27.869565120363756
66 6 31.931651605131474
66 7 34.704423931319596
66 8 36.5832022017252
66 9 37.86713268690694
66 10 38.75717358458364
66 11 39.38370573732731
66 12 39.831094010781555
66 13 40.154514124216796
66 14 40.39063608580264
66 15 40.56426873601533
66 16 40.69249828783292
66 17 40.787294741675154
66 18 40.85717862768522
66 19 40.908304926682355
66 20 40.94518009841483
66 21 40.97114436357933
66 22 40.98870128849651
66 23 40.999746422005515
66 24 41.00572814927345
66 25 41.0077623533694
67 1 -20.860500167206055
67 2 -14.953564950068541
67 3 -2.9072132943261493
67 4 9.152498384622174
67 5 18.306923901060685
67 6 24.544830686417814
67 7 28.669499633829144
67 8 31.405254400827275
67 9 33.248131187195405
67 10 34.513152084904554
67 11 35.39758962274454
67 12 36.02610490641786
67 13 36.47889769010721
67 14 36.80864593552388
67 15 37.05068351187341
67 16 37.22919019875274
67 17 37.36102388569888
67 18 37.45814023995655
67 19 37.52915117498444
67 20 37.58034814789698
67 21 37.61638643539278
67 22 37.64075059827864
67 23 37.65607618525743
67 24 37.66437538661864
67 25 37.667197497115126
68 1 -29.520046479516072
68 2 -24.188484303077633
68 3 -12.59322089502908
68 4 0.09867099961877715
68 5 10.553652966998284
68 6 18.129393142320936
68 7 23.356154846836834
68 8 26.923690047588337
68 9 29.373877679963485
68 10 31.078229408762397
68 11 32.280866413910346
68 12 33.141095904737085
68 13 33.76372176829706
68 14 34.21869061251964
68 15 34.553470001648606
68 16 34.800826399433554
68 17 34.98375450580446
68 18 35.11864408661201
68 19 35.21734665803531
68 20 35.28854631772146
68 21 35.33868372914777
68 22 35.3725886143344
68 23 35.39391910762671
68 24 35.40547118853972
68 25 35.40939944749733
69 1 -28.398277150637934
69 2 -24.52472859887179
69 3 -15.49696177570052
69 4 -4.542156005173489
69 5 5.46178887022354
69 6 13.34645348621903
69 7 19.133943390595633
69 8 23.260731542244333
69 9 26.182775407934443
69 10 28.259185238457764
69 11 29.746604927428145
69 12 30.822051554138145
69 13 31.606525780836016
69 14 32.1830209791095
69 15 32.608993897346075
69 16 32.9246996274957
69 17 33.1587064790046
69 18 33.33155177163386
69 19 33.45818427475922
69 20 33.5496136371387
69 21 33.614037803137386
69 22 33.65762331213388
69 23 33.68505210572505
69 24 33.69990936699637
69 25 33.70496181053272
70 1 -25.94518617152004
70 2 -22.957253598805536
70 3 -15.704239019859683
70 4 -6.316040555200524
70 5 2.877699268562239
70 6 10.583884158708871
70 7 16.520624069025587
70 8 20.90823567957306
70 9 24.096398663366763
70 10 26.404353520150572
70 11 28.079844472250212
70 12 29.30302059450405
70 13 30.201553019662374
70 14 30.865285629147078
70 15 31.3575914038597
70 16 31.723491283529142
70 17 31.995272099925405
70 18 32.19633048125628
70 19 32.34380144179235
70 20 32.450365010935286
70 21 32.52549794880869
70 22 32.57634931570734
70 23 32.60835922142529
70 24 32.62570065320448
70 25 32.63159822803322
71 1 -23.67791682225024
71 2 -21.276127365143175
71 3 -15.2800660850151
71 4 -7.1504465387061416
71 5 1.2441133312486043
71 6 8.636788744875126
71 7 14.56907453899968
71 8 19.09337725443121
71 9 22.458650271679357
71 10 24.93694027174633
71 11 26.758754255586574
71 12 28.100992035774635
71 13 29.09364673974881
71 14 29.830561156373474
71 15 30.37916682471537
71 16 30.7880304114433
71 17 31.09234364336914
71 18 31.317809950247966
71 19 31.48336820825157
71 20 31.603099209001815
71 21 31.687565040159885
71 22 31.74475614603945
71 23 31.780766312985726
71 24 31.800277926802792
71 25 31.80691396407421
72 1 -21.92542685269259
72 2 -19.89915724228462
72 3 -14.744164471754667
72 4 -7.5266126052759095
72 5 0.21653416418277593
72 6 7.293881138849562
72 7 13.157354031093142
72 8 17.744275353157775
72 9 21.22293728436184
72 10 23.822116492444387
72 11 25.753409983034626
72 12 27.187640885325518
72 13 28.254579167389778
72 14 29.050102810570728
72 15 29.64426839900171
72 16 30.08816129927353
72 17 30.419144105367472
72 18 30.66469962459129
72 19 30.845188217135075
72 20 30.97581131066365
72 21 31.068008879845216
72 22 31.130457513437822
72 23 31.169787337208493
72 24 31.191100623056506
72 25 31.19834984003077
73 1 -20.667476572248365
73 2 -18.883544534839825
73 3 -14.286784828679185
73 4 -7.706543421976188
73 5 -0.45303876755897005
73 6 6.359706112503713
73 7 12.141451359576083
73 8 16.754187192915037
73 9 20.30635702188723
73 10 22.991446630994908
73 11 25.004002624600083
73 12 26.508306444503145
73 13 27.63279540625416
73 14 28.474259633150254
73 15 29.10443426265311
73 16 29.576179204801228
73 17 29.928459776253817
73 18 30.19010934343955
73 19 30.382586926675014
73 20 30.521971068369762
73 21 30.62039511800677
73 22 30.687081224088775
73 23 30.729088085775484
73 24 30.751854744764053
73 25 30.75959867496602
74 1 -19.707323941659908
74 2 -18.099968956238325
74 3 -13.91776033073414
74 4 -7.827504837684851
74 5 -0.9689246377535218
74 6 5.616081030990548
74 7 11.316799477644741
74 8 15.940843785771522
74 9 19.548700971653783
74 10 22.30348991525186
74 11 24.384080511341473
74 12 25.94816422810896
74 13 27.122365254799647
74 14 28.003857912197315
74 15 28.665602318159788
74 16 29.1618756120422
74 17 29.532974201278442
74 18 29.808878321638332
74 19 30.01199337358151
74 20 30.159160895677996
74 21 30.263121651279356
74 22 30.333578180187047
74 23 30.377968007450974
74 24 30.402028705439665
74 25 30.410213163436197
75 1 -19.092892036894074
75 2 -17.600176037968318
75 3 -13.690580649565353
75 4 -7.930091117908145
75 5 -1.345560951857896
75 6 5.075543989603619
75 7 10.714633932074557
75 8 15.344494547102599
75 9 18.992179206863273
75 10 21.79847762227261
75 11 23.930203745995016
75 12 25.539712844135828
75 13 26.75197801337699
75 14 27.664288681121022
75 15 28.35043641630772
75 16 28.86572620311878
75 17 29.25144612105965
75 18 29.53844378091815
75 19 29.749847271533117
75 20 29.903084670321793
75 21 30.01136591295546
75 22 30.084765902243333
75 23 30.13101656848569
75 24 30.156087941530764
75 25 30.164616489343082
76 1 -18.678187313992822
76 2 -17.270069424141102
76 3 -13.56328368334804
76 4 -8.051615637093603
76 5 -1.6774054711272293
76 6 4.616091680679626
76 7 10.207356122116902
76 8 14.843586226858964
76 9 18.52566300220392
76 10 21.376230670295083
76 11 23.552022614330735
76 12 25.2008116428832
76 13 26.446092233893147
76 14 27.385199948956842
76 15 28.09260857357774
76 16 28.624491135681836
76 17 29.022983564735046
76 18 29.31968047077263
76 19 29.538335384322878
76 20 29.696885765429506
76 21 29.808950048548898
76 22 29.884927966156198
76 23 29.93280864261288
76 24 29.958765404969633
76 25 29.967595402164662
77 1 -18.43074390518198
77 2 -17.08510136024706
77 3 -13.528830482884066
77 4 -8.203284235590417
77 5 -1.9874559231019895
77 6 4.210353852884875
77 7 9.76791666653403
77 8 14.413289820741051
77 9 18.12684771999687
77 10 21.01664255004644
77 11 23.231160457176646
77 12 24.91438755546848
77 13 26.18860004034831
77 14 27.15119446074966
77 15 27.877244454619696
77 16 28.423681175398986
77 17 28.833380840840796
77 18 29.138590860376652
77 19 29.363611903347156
77 20 29.526827466452655
77 21 29.64221397377023
77 22 29.720456013121836
77 23 29.769768372031066
77 24 29.796502825832388
77 25 29.8055976097568
78 1 -28.688618537046437
78 2 -27.24669403598176
78 3 -23.424510788303564
78 4 -17.66947679230461
78 5 -10.9044766528325
78 6 -4.107166818089972
78 7 2.0325472148160566
78 8 7.197193673381809
78 9 11.347448875136001
78 10 14.590432911523546
78 11 17.08356729700982
78 12 18.98320663328558
78 13 20.423917843953042
78 14 21.513823764292006
78 15 22.336773750196052
78 16 22.956635056199936
78 17 23.42166576591566
78 18 23.768251185936837
78 19 24.02386224425072
78 20 24.209311139017252
78 21 24.340438673238204
78 22 24.429365327715914
78 23 24.485416200926856
78 24 24.51580534970557
78 25 24.52614363729967
79 1 -25.932617126136
79 2 -24.58576082881275
79 3 -21.006640066714198
79 4 -15.592968500583542
79 5 -9.191116503257678
79 6 -2.7168130395194674
79 7 3.1675665670909976
79 8 8.144434980094351
79 9 12.161809732653463
79 10 15.312203130965619
79 11 17.74089306616207
79 12 19.595374823809433
79 13 21.004119944592443
79 14 22.07115401897231
79 15 22.87758354432175
79 16 23.48542753617376
79 17 23.941683294397986
79 18 24.281863045020966
79 19 24.532823348546636
79 20 24.71493713562026
79 21 24.84372630655324
79 22 24.931076500419106
79 23 24.98613759885652
79 24 25.015991365381108
79 25 25.026147703314983
80 1 -6.8353992844648
80 2 -5.82820632997766
80 3 -3.1460175388143146
80 4 0.9267493908656345
80 5 5.767597822703473
80 6 10.69062740611948
80 7 15.189176028177
80 8 19.011986343186482
80 9 22.109935199104164
80 10 24.54694966175687
80 11 26.43028022943475
80 12 27.871043460262417
80 13 28.96707829056804
80 14 29.798157339115974
80 15 30.426776905157148
80 16 30.90089171540367
80 17 31.25693507680062
80 18 31.522490431241252
80 19 31.718449117335094
80 20 31.860677088576015
80 21 31.961273132572888
80 22 32.02950805179663
80 23 32.07252254640684
80 24 32.09584558730025
80 25 32.10378028293978
81 1 -6.01988494163802
81 2 -5.03501330971178
81 3 -2.4078546935242042
81 4 1.5936604629881426
81 5 6.369227293051989
81 6 11.247623847075504
81 7 15.7246975052652
81 8 19.543839944977233
81 9 22.648695735467733
81 10 25.097385858253556
81 11 26.993517749745454
81 12 28.446303955331516
81 13 29.552782250049077
81 14 30.392528535843272
81 15 31.028133183442257
81 16 31.507761058415216
81 17 31.868083025124545
81 18 32.13690696219056
81 19 32.33532001057917
81 20 32.47935193200022
81 21 32.58123534397426
81 22 32.650348894282665
81 23 32.69391950835046
81 24 32.71754480474884
81 25 32.72558243799121
82 1 -5.43719759729726
82 2 -4.468435234681164
82 3 -1.8802730976459083
82 4 2.072991393797959
82 5 6.808673274732872
82 6 11.666329028297913
82 7 16.142265788278447
82 8 19.974053908830335
82 9 23.098473777306847
82 10 25.568489524740297
82 11 27.48471821499732
82 12 28.955023779025932
82 13 30.076082427013603
82 14 30.92760933817126
82 15 31.572541494417568
82 16 32.059442404490625
82 17 32.42536102136945
82 18 32.6984346511572
82 19 32.900025001311064
82 20 33.046385044375285
82 21 33.149926293154024
82 22 33.2201696395639
82 23 33.26445465264782
82 24 33.28846800933265
82 25 33.29663776933747
83 1 -5.090507495961782
83 2 -4.131507683741822
83 3 -1.5663132259331047
83 4 2.3606385869519806
83 5 7.078807042392726
83 6 11.93443518410985
83 7 16.42285969585331
83 8 20.276327157163145
83 9 23.42595630010659
83 10 25.920705654468975
83 11 27.85905242269981
83 12 29.348068170384987
83 13 30.48440898102768
83 14 31.34813213059022
83 15 32.00263984075558
83 16 32.49696327405737
83 17 32.86856963381896
83 18 33.14594911224676
83 19 33.35075176051685
83 20 33.49946190552034
83 21 33.6046748030039
83 22 33.67605649732464
83 23 33.72106096177033
83 24 33.745465009467814
83 25 33.7537677750306
84 1 -4.876217744555832
84 2 -3.923398808065038
84 3 -1.3721085277800158
84 4 2.5409866697528924
84 5 7.25443095788409
84 6 12.118841121027916
84 7 16.627743774152943
84 8 20.508302819151425
84 9 23.686623115350073
84 10 26.208289945844
84 11 28.170114536664084
84 12 29.67869096658796
84 13 30.83085233071182
84 14 31.70711808666091
84 15 32.371428197810346
84 16 32.873325357072595
84 17 33.25072182157769
84 18 33.53247727290508
84 19 33.74054056648644
84 20 33.891634100525415
84 21 33.99854127597411
84 22 34.07107623729553
84 23 34.11680937951854
84 24 34.14160906364474
84 25 34.15004650871303
85 1 -4.743713508437666
85 2 -3.7948236776076403
85 3 -1.2516458065083078
85 4 2.6558337238112557
85 5 7.373520503863416
85 6 12.254967103688992
85 7 16.791187445075877
85 8 20.70416811363784
85 9 23.915203013684657
85 10 26.466782315682693
85 11 28.45430485930555
85 12 29.984088735885454
85 13 31.153295219932396
85 14 32.04301670439966
85 15 32.71781142138375
85 16 33.227792167998274
85 17 33.61135905423167
85 18 33.89777273157108
85 19 34.10930419197811
85 20 34.262931336572294
85 21 34.3716388390167
85 22 34.445398907018074
85 23 34.49190597508922
85 24 34.517125817345374
85 25 34.5257062825989
86 1 -4.67820259679907
86 2 -3.731294771742652
86 3 -1.191376168169586
86 4 2.716931129703639
86 5 7.445062052830507
86 6 12.3482255220876
86 7 16.914606476257912
86 8 20.861351122288557
86 9 24.10546798250071
86 10 26.68679776303787
86 11 28.699622430675255
86 12 30.250152393329607
86 13 31.43596135451231
86 14 32.338750303723586
86 15 33.02370587980472
86 16 33.54150894419438
86 17 33.931040400236526
86 18 34.22195338787471
86 19 34.43683280301275
86 20 34.59290474253621
86 21 34.703348959634724
86 22 34.778290611456306
86 23 34.825544013898714
86 24 34.85116900396939
86 25 34.859887375329514
87 1 -4.655068779788157
87 2 -3.7088147091264467
87 3 -1.1688666315832559
87 4 2.7445667871192634
87 5 7.487149901380565
87 6 12.414868466893761
87 7 17.012904088290934
87 8 20.99385348685528
87 9 24.270849866936523
87 10 26.881418815559904
87 11 28.91893834164911
87 12 30.489625171716188
87 13 31.691516124664226
87 14 32.6069363239896
87 15 33.301699036950865
87 16 33.8270441056073
87 17 34.22232198355948
87 18 34.51756731067701
87 19 34.73566913409598
87 20 34.89409350478709
87 21 35.0062084786947
87 22 35.08228667775473
87 23 35.13025790087497
87 24 35.15627253868516
87 25 35.1651235369835
88 1 -4.6574004148286505
88 2 -3.7109190721264715
88 3 -1.1689319462335996
88 4 2.7517231043464063
88 5 7.509701788715803
88 6 12.461145939629468
88 7 17.08844031490913
88 8 21.10028603440182
88 9 24.40659780115832
88 10 27.04303334965541
88 11 29.10229186953878
88 12 30.690665619631716
88 13 31.906637121700097
88 14 32.83309982869662
88 15 33.5364269651127
88 16 34.06835329102843
88 17 34.4686427873725
88 18 34.767664943490516
88 19 34.988575159682604
88 20 35.14904928677854
88 21 35.262619831478816
88 22 35.339688093079815
88 23 35.388284577709165
88 24 35.41463860668656
88 25 35.42360512375226
89 1 -4.674657138466388
89 2 -3.7273118229103908
89 3 -1.1816521461472258
89 4 2.7485346539715434
89 5 7.524394035601496
89 6 12.501811509086451
89 7 17.160184430381637
89 8 21.204307799515018
89 9 24.540950428876428
89 10 27.20399037337355
89 11 29.285523563866256
89 12 30.89197488145579
89 13 32.12231354048173
89 14 33.06003024152562
89 15 33.77207853694276
89 16 34.310702542143815
89 17 34.716090095391756
89 18 35.01895300706008
89 19 35.24271849470334
89 20 35.40527624819257
89 21 35.520326241454164
89 22 35.59840072543908
89 23 35.64763264343355
89 24 35.674331574057014
89 25 35.68341548389274
90 1 -4.699998715302546
90 2 -3.7513285834228194
90 3 -1.2009114555266656
90 4 2.7400506584407327
90 5 7.534616416860799
90 6 12.53809475855354
90 7 17.226940059333792
90 8 21.302295132678104
90 9 24.668054181010188
90 10 27.356507815772808
90 11 29.459251381513866
90 12 31.0828802851004
90 13 32.32685123182277
90 14 33.27523559307533
90 15 33.995544793521056
90 16 34.54050976615921
90 17 34.950722067850414
90 18 35.25721884902829
90 19 35.48368527561214
90 20 35.648213752537075
90 21 35.7646628885509
90 22 35.84368891028993
90 23 35.89352170083557
90 24 35.92054676539357
90 25 35.929741678813194
91 1 -4.727568594468554
91 2 -3.7772897239375762
91 3 -1.221507578192212
91 4 2.730728305367524
91 5 7.543900800078705
91 6 12.57253080338912
91 7 17.290270735053088
91 8 21.39493131282876
91 9 24.787836439468446
91 10 27.49988845726266
91 11 29.622275699468613
91 12 31.261785480469165
91 13 32.518344490375306
91 14 33.47657109235856
91 15 34.20449744295809
91 16 34.75530672496217
91 17 35.1699644836767
91 18 35.47980869887953
91 19 35.70876275335429
91 20 35.87510609531714
91 21 35.99284361069693
91 22 36.072745790174515
91 23 36.12313183143257
91 24 36.15045717555136
91 25 36.159754291699656
92 1 -4.75409920467911
92 2 -3.8020252177361185
92 3 -1.2405009600435384
92 4 2.7232400255688094
92 5 7.5547353225698926
92 6 12.607573050519797
92 7 17.352736584801622
92 8 21.48497365722807
92 9 24.903287546807896
92 10 27.637352735832035
92 11 29.778023324942705
92 12 31.43229209931194
92 13 32.70053784591014
92 14 33.66789535433481
92 15 34.40288468813925
92 16 34.959111072337905
92 17 35.37788821795281
92 18 35.69083372310125
92 19 35.92209215325727
92 20 36.09011649277475
92 21 36.20904726644262
92 22 36.2897608756114
92 23 36.34065927791852
92 24 36.36826270306084
92 25 36.37765446566185
93 1 -4.778146468950722
93 2 -3.8241036430253796
93 3 -1.2564519613444567
93 4 2.7191581417345274
93 5 7.569047486511122
93 6 12.645742677662472
93 7 17.417618227415915
93 8 21.576519794748027
93 9 25.019288288763214
93 10 27.774476566659736
93 11 29.932656488234944
93 12 31.6010404897285
93 13 32.880452845434476
93 14 33.856529178457336
93 15 34.59825958644176
93 16 35.15965442968263
93 17 35.582360915784186
93 18 35.89826410194153
93 19 36.13171991288531
93 20 36.30134704743628
93 21 36.42141549065284
93 22 36.50290269258704
93 23 36.554289549720124
93 24 36.58215807615975
93 25 36.59164006678176
94 1 -4.796617107555164
94 2 -3.8406515301752497
94 3 -1.267129604589456
94 4 2.719571234075731
94 5 7.586286510453316
94 6 12.684479471138003
94 7 17.48018909011186
94 8 21.66273276691777
94 9 25.12709628013243
94 10 27.900888339324975
94 11 30.07446210972692
94 12 31.755241024843837
94 13 33.04445085393761
94 14 34.02817247884674
94 15 34.77581143994214
94 16 35.341735047168896
94 17 35.76788377156176
94 18 36.086377564047396
94 19 36.321757811091956
94 20 36.492788530311984
94 21 36.61385318162162
94 22 36.696017756591466
94 23 36.74783230248908
94 24 36.77593294657652
94 25 36.785493938568045
95 1 -4.811170257180575
95 2 -3.8531124077799794
95 3 -1.2732947209622605
95 4 2.7250694309460615
95 5 7.6091724343378235
95 6 12.729297858853394
95 7 17.549114604638554
95 8 21.755436924554157
95 9 25.241440542077495
95 10 28.03383007512012
95 11 30.22276740765358
95 12 31.9159030272314
95 13 33.21487250094758
95 14 34.206205675484014
95 15 34.959724765268874
95 16 35.53015404326443
95 17 35.9597267275367
95 18 36.2807969703233
95 19 36.518090920815816
95 20 36.690517282421524
95 21 36.81257244692697
95 22 36.895410495549946
95 23 36.947650256946794
95 24 36.97598167277919
95 25 36.985621207524865
96 1 -4.820224172427054
96 2 -3.860002636371036
96 3 -1.2737516500945971
96 4 2.736333105348975
96 5 7.6376415308909475
96 6 12.779217367250268
96 7 17.622422219469193
96 8 21.85169067862075
96 9 25.35850291304924
96 10 28.16873310986349
96 11 30.37238518753588
96 12 32.07734258727913
96 13 33.385641954921596
96 14 34.38424748581213
96 15 35.14338242207548
96 16 35.71811361061224
96 17 36.150954715809
96 18 36.474483984933286
96 19 36.71360421145191
96 20 36.88736234536884
96 21 37.01036263760594
96 22 37.093843275060365
96 23 37.14648874118068
96 24 37.17504033645406
96 25 37.18475480836371
97 1 -4.823261193162646
97 2 -3.860720774269343
97 3 -1.2676444487780387
97 4 2.754695583807067
97 5 7.673746262188946
97 6 12.837203786020106
97 7 17.704085504217893
97 8 21.95646359057744
97 9 25.48416016009279
97 10 28.312254102525774
97 11 30.530616411695107
97 12 32.24737883414774
97 13 33.56498756120741
97 14 34.57084536656864
97 15 35.33557836397106
97 16 35.91459656561721
97 17 36.35069406377194
97 18 36.676672917989585
97 19 36.91761219575253
97 20 37.09269672092034
97 21 37.216638265190085
97 22 37.300758829674244
97 23 37.35380830890179
97 24 37.38257916201248
97 25 37.3923682568915
98 1 -4.820237450781612
98 2 -3.855624303508597
98 3 -1.256497374478938
98 4 2.776575459549067
98 5 7.710979691646842
98 6 12.893192728696565
98 7 17.780229205926094
98 8 22.052185960837264
98 9 25.59751888723804
98 10 28.440665202499257
98 11 30.67140387135778
98 12 32.39808783850127
98 13 33.723514737199174
98 14 34.73545984077146
98 15 35.50488980269523
98 16 36.08750392039873
98 17 36.52633228050616
98 18 36.854365075769806
98 19 37.09682942761138
98 20 37.27302589390041
98 21 37.39775646271085
98 22 37.48241343781517
98 23 37.535801566809546
98 24 37.56475620218539
98 25 37.574607845721076
99 1 -4.810486707342625
99 2 -3.8435401828329483
99 3 -1.237649792252073
99 4 2.8072934856783074
99 5 7.758497911998876
99 6 12.961054457908146
99 7 17.869811541442303
99 8 22.162772944872216
99 9 25.72696800427463
99 10 28.58617844315493
99 11 30.830105714097584
99 12 32.567351296195966
99 13 33.90109452981583
99 14 34.91951131922315
99 15 35.693932880923114
99 16 36.2803673831606
99 17 36.72209645989792
99 18 37.05231060747567
99 19 37.29639445253375
99 20 37.473771603546275
99 21 37.59933992723326
99 22 37.68456641849046
99 23 37.73831408797085
99 24 37.767463839724144
99 25 37.77738188891642
100 1 -4.794197673202076
100 2 -3.8249196572510473
100 3 -1.212315232239107
100 4 2.8442946251821155
100 5 7.811841652835494
100 6 13.03401769686199
100 7 17.96358731280054
100 8 22.276582872734448
100 9 25.858711009089998
100 10 28.73316034114121
100 11 30.989579197042534
100 12 32.73681716938201
100 13 34.078422301197186
100 14 35.10295363511246
100 15 35.88208936166504
100 16 36.47213080105206
100 17 36.91659790879337
100 18 37.24887072434023
100 19 37.49448279114811
100 20 37.67297398657407
100 21 37.7993327302773
100 22 37.885096535239164
100 23 37.9391834057369
100 24 37.96851723285011
100 25 37.97849792954217
101 1 -4.771528046458355
101 2 -3.7999149583530625
101 3 -1.1806247398089393
101 4 2.8874991137517427
101 5 7.87102374638059
101 6 13.112227039986735
101 7 18.061856920895234
101 8 22.394076787185522
101 9 25.993359178235806
101 10 28.882353518917764
101 11 31.150676659197252
101 12 32.907426692263606
101 13 34.256509849181256
101 14 35.28685381015664
101 15 36.070469033254255
101 16 36.66393679001658
101 17 37.111004221197824
101 18 37.445231833067616
101 19 37.692294832936746
101 20 37.871843634843636
101 21 37.99895270698149
101 22 38.08522654923207
101 23 38.1396353919361
101 24 38.169143941751294
101 25 38.17918410243904
102 1 -4.74004952447552
102 2 -3.7659059032486337
102 3 -1.139408763058022
102 4 2.941022409869389
102 5 7.941471642090929
102 6 13.202671240126554
102 7 18.173253810722077
102 8 22.525462961937087
102 9 26.142524966884263
102 10 29.04656025977761
102 11 31.327173679485014
102 12 33.09373282631008
102 13 34.45052108532494
102 14 35.48685052474405
102 15 36.275076385914154
102 16 36.872069603158714
102 17 37.321811946132996
102 18 37.65805006306232
102 19 37.906605147286804
102 20 38.08724144644313
102 21 38.2151220000939
102 22 38.301920233447255
102 23 38.356660099144605
102 24 38.38634827986597
102 25 38.396449574475405
103 1 -4.703363078863287
103 2 -3.7267899415160692
103 3 -1.0934071938585752
103 4 2.9986910933678588
103 5 8.01504793114571
103 6 13.294899696373694
103 7 18.28490910032453
103 8 22.655569013905154
103 9 26.288989214376617
103 10 29.206831043102536
103 11 31.498707433183128
103 12 33.27424508258385
103 13 34.63807990551906
103 14 35.67987980165884
103 15 36.47231761969837
103 16 37.07253034527223
103 17 37.524714840263705
103 18 37.862788171116875
103 19 38.1127050599451
103 20 38.294333802728175
103 21 38.422918355239695
103 22 38.510195086571194
103 23 38.565236995248874
103 24 38.59508907758633
103 25 38.605246152479104
104 1 -4.66249258413015
104 2 -3.6835873744260854
104 3 -1.0436230226598866
104 4 3.0595510667337806
104 5 8.090894399947151
104 6 13.388197066278801
104 7 18.396281206418077
104 8 22.784035853444415
104 9 26.43256569256518
104 10 29.363132146991582
104 11 31.665372430158662
104 12 33.44916236859136
104 13 34.81946838127816
104 14 35.86628896932111
104 15 36.662590698873025
104 16 37.26575590575018
104 17 37.72017944304329
104 18 38.059935046416015
104 19 38.311100081842106
104 20 38.49363834784467
104 21 38.6228680333802
104 22 38.7105832310002
104 23 38.765901904517804
104 24 38.79590416860402
104 25 38.806112354098204
105 1 -4.613198142516791
105 2 -3.631808289956079
105 3 -0.9848588631175202
105 4 3.1299953793060378
105 5 8.177029472404202
105 6 13.492482166015476
105 7 18.519263477174256
105 8 22.924628526765208
105 9 26.58867639354568
105 10 29.53228246789983
105 11 31.845126154642788
105 12 33.63734924110597
105 13 35.01426262617375
105 14 36.066206347982146
105 15 36.86644900006536
105 16 37.47262449834795
105 17 37.929330336096484
105 18 38.27080038908033
105 19 38.523237267381205
105 20 38.70670222999014
105 21 38.836589182092716
105 22 38.924751070133816
105 23 38.980351690345366
105 24 39.010506945033875
105 25 39.02076719660226
106 1 -4.559101326595627
106 2 -3.5752594503617643
106 3 -0.9214415232244801
106 4 3.2048291562214484
106 5 8.26709431976496
106 6 13.60005188392551
106 7 18.644769531373584
106 8 23.066958709888546
106 9 26.74578622520472
106 10 29.701783528625672
106 11 32.024686838194235
106 12 33.824901004255985
106 13 35.20806989800659
106 14 36.26486078729857
106 15 37.06883028821969
106 16 37.67785154222458
106 17 38.1367143636182
106 18 38.47980441076279
106 19 38.733442887352716
106 20 38.91778327221181
106 21 39.04829107730003
106 22 39.136874886354136
106 23 39.19274180989767
106 24 39.22304156380888
106 25 39.233350991205036
107 1 -4.495974732547711
107 2 -3.5095219469344934
107 3 -0.8484150564060375
107 4 3.2899025906128765
107 5 8.36813451234798
107 6 13.719327921361502
107 7 18.782632857011247
107 8 23.222185223062034
107 9 26.916218887670443
107 10 29.88493597150131
107 11 32.21814838987345
107 12 34.02654178863913
107 13 35.416107706865404
107 14 36.47785211601527
107 15 37.28562835409971
107 16 37.89755529630675
107 17 38.35861992554853
107 18 38.70336329613152
107 19 38.95822790868305
107 20 39.14346149511981
107 21 39.27460271287866
107 22 39.36361695497952
107 23 39.419755544717965
107 24 39.45020270469568
107 25 39.46056229670581
108 1 -4.426646356572235
108 2 -3.437547467820303
108 3 -0.7690767954010324
108 4 3.381346106566378
108 5 8.475520389522748
108 6 13.844810514426234
108 7 18.92646489334835
108 8 23.383087674953526
108 9 27.092024363898368
108 10 30.073178698746688
108 11 32.41645396553782
108 12 34.232821133291296
108 13 35.62861756715233
108 14 36.69518322756702
108 15 37.5066626530545
108 16 38.12141516278672
108 17 38.58462027796507
108 18 38.93097058571775
108 19 39.18702674722688
108 20 39.373128240830304
108 21 39.50488488359873
108 22 39.59431731166744
108 23 39.6507198281015
108 24 39.68131019154327
108 25 39.69171851748056
109 1 -4.350094262822374
109 2 -3.3582694650844016
109 3 -0.6822351873148181
109 4 3.4805590960585513
109 5 8.590928606144056
109 6 13.978494772776399
109 7 19.078586706254946
109 8 23.552292485137357
109 9 27.276096976556055
109 10 30.269630381851304
109 11 32.622904191133735
109 12 34.44718408724267
109 13 35.84915751144221
109 14 36.92049965740436
109 15 37.73564597280996
109 16 38.35319526668021
109 17 38.818518448891716
109 18 39.16645852046653
109 19 39.42369330924043
109 20 39.61065319832649
109 21 39.74301847085262
109 22 39.83286444361717
109 23 39.88952794764405
109 24 39.92025991664864
109 25 39.93071643224818
110 1 -4.2718708707554205
110 2 -3.277419422396311
110 3 -0.5941162484119864
110 4 3.5805131375342407
110 5 8.706290412418227
110 6 14.111149014854337
110 7 19.22860294476249
110 8 23.71833311491534
110 9 27.456042507250398
110 10 30.46112724667277
110 11 32.82371540825841
110 12 34.65535740073536
110 13 36.06307265703972
110 14 37.138851738021415
110 15 37.9574025232524
110 16 38.57754745476012
110 17 39.044835808964336
110 18 39.394250571615224
110 19 39.65257850254713
110 20 39.84033443684186
110 21 39.97326408440699
110 22 40.06349351032108
110 23 40.12039900213135
110 24 40.15126226494585
110 25 40.16176346058468
111 1 -4.18603275158958
111 2 -3.188839661554266
111 3 -0.4979675766902099
111 4 3.6889340439332323
111 5 8.830606848603324
111 6 14.253214285525729
111 7 19.388408079917653
111 8 23.89445110728565
111 9 27.646275117993397
111 10 30.663059896607066
111 11 33.03506693743362
111 12 34.874144595790106
111 13 36.28765381036768
111 14 37.36790708143368
111 15 38.18988918950645
111 16 38.81264924464484
111 17 39.28191696566532
111 18 39.63281675969217
111 19 39.89224532697096
111 20 40.080802673071396
111 21 40.21430045434877
111 22 40.30491586543475
111 23 40.36206493391008
111 24 40.39306034970585
111 25 40.40360651732784
112 1 -4.089151529484922
112 2 -3.089000395485056
112 3 -0.3899807109908851
112 4 3.810078429647005
112 5 8.968709051641243
112 6 14.41015642705071
112 7 19.56409618715966
112 8 24.08731351118778
112 9 27.853954371337075
112 10 30.882994074587955
112 11 33.264850236860354
112 12 35.11169350692389
112 13 36.53124813380623
112 14 37.61616651697961
112 15 38.44172450216808
112 16 39.06720878611753
112 17 39.53853785275502
112 18 39.89098384685681
112 19 40.151558201547466
112 20 40.34094973747134
112 21 40.47503883953245
112 22 40.566055965413774
112 23 40.623458527023985
112 24 40.65459147286918
112 25 40.665184441831485
113 1 -3.9986787695174097
113 2 -2.995867258977167
113 3 -0.2895347737998018
113 4 3.9222914886373945
113 5 9.096020298625064
113 6 14.554164932650197
113 7 19.72465012606768
113 8 24.262973688237437
113 9 28.04261184175601
113 10 31.08237911627601
113 11 33.47284329356864
113 12 35.326465580606424
113 13 36.7512928898912
113 14 37.84027738323012
113 15 38.668950549869024
113 16 39.29680720293214
113 17 39.769930871860296
113 18 40.12372270369941
113 19 40.385294216846944
113 20 40.57541165166613
113 21 40.710015270294654
113 22 40.80138191432691
113 23 40.85900502342861
113 24 40.89025762239843
113 25 40.9008913088073
114 1 -3.899518114341513
114 2 -2.89388008089249
114 3 -0.17979195189404482
114 4 4.044474611802349
114 5 9.234102047345996
114 6 14.709757021265204
114 7 19.897528473552985
114 8 24.4515851734693
114 9 28.244726201589206
114 10 31.295616848600183
114 11 33.69499356795153
114 12 35.55562695012338
114 13 36.98590293237939
114 14 38.079086640856396
114 15 38.91097546365664
114 16 39.541280145054195
114 17 40.0162551639193
114 18 40.37143511913732
114 19 40.63403497215605
114 20 40.82490092569942
114 21 40.96003505356641
114 22 41.051762060811846
114 23 41.10961255281228
114 24 41.1409885107722
114 25 41.15166417533577
115 1 -3.7922499622642243
115 2 -2.7836381887814894
115 3 -0.061404269106388576
115 4 4.175889076947473
115 5 9.382101233966752
115 6 14.875949583849277
115 7 20.081615965142955
115 8 24.651909483063573
115 9 28.458951171918038
115 10 31.521270874550176
115 11 33.92979164410745
115 12 35.797610272905146
115 13 37.23346561521695
115 14 38.3309465628127
115 15 39.16612455635763
115 16 39.79893234599883
115 17 40.275799867879314
115 18 40.63239852197489
115 19 40.8960492116452
115 20 41.08767997716132
115 21 41.223356120400524
115 22 41.315451287087825
115 23 41.37353407312377
115 24 41.405036051826684
115 25 41.41575459992439
116 1 -3.676337676062171
116 2 -2.664590344721115
116 3 0.06621899221990421
116 4 4.31718725231437
116 5 9.540746274135689
116 6 15.053551597378146
116 7 20.277798163335618
116 8 24.86489958284398
116 9 28.68629596112604
116 10 31.76039569391508
116 11 34.178327669212706
116 12 36.053533353369225
116 13 37.49512000994276
116 14 38.59701247887179
116 15 39.435565531613555
116 16 40.07094088569092
116 17 40.54974912973581
116 18 40.90780234234525
116 19 41.17253027235275
116 20 41.36494498281127
116 21 41.50117665812224
116 22 41.59364914523453
116 23 41.65196999717279
116 24 41.68360112520124
116 25 41.69436362105148
117 1 -3.5703099589045313
117 2 -2.5557510230046954
117 3 0.18273717321498198
117 4 4.445920364571446
117 5 9.684925071891731
117 6 15.214552931533744
117 7 20.45523585508142
117 8 25.05716577120281
117 9 28.891198653646622
117 10 31.975650634140248
117 11 34.401842252363934
117 12 36.28352461653426
117 13 37.730132461307974
117 14 38.83588764510329
117 15 39.67739461845883
117 16 40.31501643001528
117 17 40.79552227152293
117 18 41.15484759141169
117 19 41.42051751238481
117 20 41.61361767468714
117 21 41.75033505196876
117 22 41.843137414345364
117 23 41.90166639050505
117 24 41.93341042251762
117 25 41.944211337726635
118 1 -3.453877051877544
118 2 -2.4362804844312866
118 3 0.3104938935355095
118 4 4.586829473697681
118 5 9.842418650113803
118 6 15.390055281105719
118 7 20.64828404427359
118 8 25.266004963920324
118 9 29.113467926502686
118 10 32.20890512590076
118 11 34.64385087514435
118 12 36.53239137761938
118 13 37.984312455000094
118 14 39.09415287577952
118 15 39.93878270305187
118 16 40.578778738767056
118 17 41.061078326951964
118 18 41.42174757959997
118 19 41.68841255473598
118 20 41.88223671532387
118 21 42.019467074685174
118 22 42.11261782446925
118 23 42.17136659795728
118 24 42.20322986432112
118 25 42.21407135269075
119 1 -3.3318142730067857
119 2 -2.311078259590569
119 3 0.4442503504557219
119 4 4.7341359917473875
119 5 10.006765688580447
119 6 15.572853499161823
119 7 20.84901058910894
119 8 25.48282893048269
119 9 29.343956285218766
119 10 32.450553396037236
119 11 34.894382050163934
119 12 36.789875334780376
119 13 38.24717930274981
119 14 39.36115638831765
119 15 40.20894715292389
119 16 40.851345662573294
119 17 41.33545994079055
119 18 41.697488593818974
119 19 41.96515995253095
119 20 42.15971628919285
119 21 42.29746539165348
119 22 42.390968425693956
119 23 42.44993944851307
119 24 42.481923277280124
119 25 42.492805790404574
120 1 -3.21332326997953
120 2 -2.189574963839306
120 3 0.5739532178896674
120 4 4.876803566248987
120 5 10.165699065311545
120 6 15.749354180652807
120 7 21.042539237860442
120 8 25.69161413602014
120 9 29.56566948040055
120 10 32.68281043730857
120 11 35.13502260775436
120 12 37.0370723949935
120 13 38.49944927497133
120 14 39.617322963932374
120 15 40.46809016178724
120 16 41.11275030159055
120 17 41.59857253753762
120 18 41.96188044239569
120 19 42.23049874278432
120 20 42.42574395276129
120 21 42.563981089611964
120 22 42.65781553963457
120 23 42.71699564072937
120 24 42.749092885245794
120 25 42.76001399099963
121 1 -3.0847482607713324
121 2 -2.0577625541829945
121 3 0.714570037827371
121 4 5.03131865807071
121 5 10.337613869190184
121 6 15.940017203806551
121 7 21.251334431578968
121 8 25.916623515235287
121 9 29.804396153833725
121 10 32.93271033626387
121 11 35.39379757896828
121 12 37.3027829836456
121 13 38.77052297509232
121 14 39.89251435298358
121 15 40.74642580839837
121 16 41.39347449550455
121 17 41.881100192858334
121 18 42.24575868925623
121 19 42.51537663367869
121 20 42.71134900023552
121 21 42.85010126479091
121 22 42.944285515926
121 23 43.00368628820745
121 24 43.03590323531558
121 25 43.04686507268686
122 1 -2.95171291101745
122 2 -1.9214044660018532
122 3 0.8599570993768747
122 4 5.1909368077847535
122 5 10.515012773972298
122 6 16.136533108232886
122 7 21.466300393111947
122 8 26.148057454362586
122 9 30.04974074715709
122 10 33.18937179075969
122 11 35.6594396239539
122 12 37.57543796008241
122 13 39.04859781552849
122 14 40.17474868920295
122 15 41.03183530485457
122 16 41.68129542907052
122 17 42.17074153801071
122 18 42.53676313327492
122 19 42.8073898766232
122 20 43.004096004581356
122 21 43.14336804802944
122 22 43.23790524560015
122 23 43.2975286678498
122 24 43.32986638918592
122 25 43.340869322559904
123 1 -2.8113092857423956
123 2 -1.7775170382375767
123 3 1.013303986055694
123 4 5.3591725932855185
123 5 10.701817110377435
123 6 16.343261348091502
123 7 21.692220146883862
123 8 26.391077609218915
123 9 30.30718513919255
123 10 33.45853744291944
123 11 35.93789846814672
123 12 37.86114885140832
123 13 39.33991042292492
123 14 40.470358638041844
123 15 41.330724645686004
123 16 41.98267479809565
123 17 42.47400032381832
123 18 42.84142901868225
123 19 43.11309702516607
123 20 43.31056047457824
123 21 43.45036895925809
123 22 43.54527040476565
123 23 43.605123601037334
123 24 43.63758595926862
123 25 43.64863130274274
124 1 -2.665863773015005
124 2 -1.628481388193825
124 3 1.1720811036622047
124 4 5.533263087483467
124 5 10.894973546333832
124 6 16.556837676727582
124 7 21.92543058918951
124 8 26.64175506912675
124 9 30.572576546504727
124 10 33.73587280399742
124 11 36.224695689881926
124 12 38.15532499483662
124 13 39.6397834817994
124 14 40.7746004352855
124 15 41.638299373586136
124 16 42.292779662997056
124 17 42.786014570119974
124 18 43.154872625722206
124 19 43.42759827363122
124 20 43.62583090590606
124 21 43.76618420794979
124 22 43.86145557668838
124 23 43.92154212200616
124 24 43.954131054716626
124 25 43.9652194673457
125 1 -2.5049621282978225
125 2 -1.4636242169491467
125 3 1.3476643372217363
125 4 5.7256876656054905
125 5 11.108333765805314
125 6 16.79258164750556
125 7 22.18266087807644
125 8 26.918071596568705
125 9 30.86495090226406
125 10 34.04126886523688
125 11 36.54039923705945
125 12 38.479062021528264
125 13 39.96971987580029
125 14 41.10928918454818
125 15 41.9766127364938
125 16 42.633844026301645
125 17 43.12915467059313
125 18 43.499566441203946
125 19 43.77344164661758
125 20 43.97251025628305
125 21 44.1134556599566
125 22 44.20912904464644
125 23 44.269469177984945
125 24 44.302195661624864
125 25 44.31333087808122
126 1 -2.329430945400959
126 2 -1.283790966638847
126 3 1.53915634316657
126 4 5.935465202021627
126 5 11.340808698029077
126 6 17.04928427854478
126 7 22.46258270550497
126 8 27.218589531330732
126 9 31.182776170730776
126 10 34.3731155048475
126 11 36.883336210063256
126 12 38.83063751996571
126 13 40.32795863999325
126 14 41.47263416441117
126 15 42.343851200790525
126 16 43.00403697323251
126 17 43.5015765574608
126 18 43.87365653071121
126 19 44.14876589781623
126 20 44.348731955780416
126 21 44.49031297156488
126 22 44.58641790115005
126 23 44.64703024364995
126 24 44.679904376924185
126 25 44.69108983318323
127 1 -2.1418431963911977
127 2 -1.0916147406126606
127 3 1.7437606650396043
127 4 6.1595418921438085
127 5 11.589023193586343
127 6 17.323225143109948
127 7 22.761142604001144
127 8 27.538958285296207
127 9 31.521450877285723
127 10 34.726607200395584
127 11 37.24853919708189
127 12 39.20495767911042
127 13 40.709308288580154
127 14 41.85936893471523
127 15 42.734691113438735
127 16 43.39799140141167
127 17 43.89788032929439
127 18 44.271718433996014
127 19 44.548128391904115
127 20 44.74904014941618
127 21 44.89129092340074
127 22 44.987850568150066
127 23 45.0487497297137
127 24 45.08177943547735
127 25 45.09301782713624
128 1 -1.9089419865696722
128 2 -0.8530223339805979
128 3 1.997759761392194
128 4 6.437656562307195
128 5 11.89699210969723
128 6 17.66296649613609
128 7 23.131245041434063
128 8 27.9359213634708
128 9 31.940935606808548
128 10 35.16430496722483
128 11 37.70062240126592
128 12 39.6682337787306
128 13 41.181210693067854
128 14 42.337877637026494
128 15 43.21823465511342
128 16 43.88535410593162
128 17 44.38812350859925
128 18 44.764116992878314
128 19 45.04212128574136
128 20 45.24419226756171
128 21 45.38726398769929
128 22 45.484380977034746
128 23 45.5456316863113
128 24 45.57885207169048
128 25 45.590155344050466
129 1 -1.592204127628927
129 2 -0.5285432710563075
129 3 2.3431834724313387
129 4 6.81583051872747
129 5 12.315653765253243
129 6 18.124650715279877
129 7 23.633978089284586
129 8 28.474920641357045
129 9 32.510307348208634
129 10 35.758215372725125
129 11 38.313899994083535
129 12 40.2965716622651
129 13 41.82115027272073
129 14 42.98669912780517
129 15 43.8738235324047
129 16 44.546075353158486
129 17 45.05271509707737
129 18 45.43160432749762
129 19 45.71175042700832
129 20 45.91537859933444
129 21 46.0595530514114
129 22 46.15741866840129
129 23 46.21914156863289
129 24 46.25261806752797
129 25 46.264008484687736
130 1 0.3113471640765741
130 2 1.4219124956648912
130 3 4.420394168274132
130 4 9.090807214294383
130 5 14.834396269714887
130 6 20.901558850715052
130 7 26.656395040894953
130 8 31.713592970886896
130 9 35.929629070938404
130 10 39.32318491462804
130 11 41.993632940171864
130 12 44.06543225039975
130 13 45.65860244324688
130 14 46.87662321716899
130 15 47.80370445582202
130 16 48.50624619185209
130 17 49.03572014060406
130 18 49.43168943286338
130 19 49.724466282002766
130 20 49.93727633939758
130 21 50.08795235537733
130 22 50.19023148509203
130 23 50.254738049537806
130 24 50.289724351177405
130 25 50.301628485525015
