1  1  3.79005
1  2  3.79897
1  3  3.82507
1  4  3.87272
1  5  3.94708
1  6  4.05404
1  7  4.20009
1  8  4.39196
1  9  4.63609
1  10  4.93767
1  11  5.29948
1  12  5.72048
1  13  6.19452
1  14  6.70954
1  15  7.2478
1  16  7.78741
1  17  8.30501
1  18  8.77902
1  19  9.19256
1  20  9.53518
1  21  9.80322
1  22  9.99886
1  23  10.1285
1  24  10.2009
1  25  10.226
2  1  4.57174
2  2  4.58206
2  3  4.61229
2  4  4.6677
2  5  4.75475
2  6  4.88119
2  7  5.05622
2  8  5.29049
2  9  5.59585
2  10  5.98484
2  11  6.46958
2  12  7.06002
2  13  7.76146
2  14  8.57144
2  15  9.47663
2  16  10.4508
2  17  11.4551
2  18  12.4416
2  19  13.3599
2  20  14.1652
2  21  14.8257
2  22  15.3257
2  23  15.6658
2  24  15.859
2  25  15.9262
3  1  4.93082
3  2  4.93853
3  3  4.96113
3  4  5.0027
3  5  5.06835
3  6  5.16447
3  7  5.29907
3  8  5.48203
3  9  5.7255
3  10  6.04411
3  11  6.45505
3  12  6.97771
3  13  7.63254
3  14  8.43872
3  15  9.41012
3  16  10.5493
3  17  11.8401
3  18  13.241
3  19  14.6826
3  20  16.0733
3  21  17.3145
3  22  18.322
3  23  19.0438
3  24  19.4679
3  25  19.6179
4  1  5.06306
4  2  5.066
4  3  5.07463
4  4  5.09053
4  5  5.11572
4  6  5.15275
4  7  5.20493
4  8  5.27646
4  9  5.37277
4  10  5.50077
4  11  5.66922
4  12  5.88914
4  13  6.17405
4  14  6.53998
4  15  7.00479
4  16  7.58621
4  17  8.29772
4  18  9.14165
4  19  10.0997
4  20  11.1241
4  21  12.1351
4  22  13.0328
4  23  13.7239
4  24  14.1505
4  25  14.3052
5  1  5.14946
5  2  5.14335
5  3  5.12541
5  4  5.0923
5  5  5.03976
5  6  4.96225
5  7  4.85256
5  8  4.70122
5  9  4.49576
5  10  4.21961
5  11  3.85067
5  12  3.35937
5  13  2.70606
5  14  1.83784
5  15  0.684916
5  16  -0.842444
5  17  -2.85375
5  18  -5.46913
5  19  -8.79044
5  20  -12.8383
5  21  -17.4511
5  22  -22.1851
5  23  -26.3299
5  24  -29.1447
5  25  -30.2199
6  1  5.22449
6  2  5.20387
6  3  5.14325
6  4  5.03141
6  5  4.85389
6  6  4.59194
6  7  4.2211
6  8  3.70923
6  9  3.01384
6  10  2.07836
6  11  0.827052
6  12  -0.84199
6  13  -3.06618
6  14  -6.03054
6  15  -9.98204
6  16  -15.2435
6  17  -22.2188
6  18  -31.3694
6  19  -43.1229
6  20  -57.6528
6  21  -74.4913
6  22  -92.0921
6  23  -107.775
6  24  -118.575
6  25  -122.732
7  1  5.35783
7  2  5.31844
7  3  5.2027
7  4  4.98945
7  5  4.65174
7  6  4.15513
7  7  3.45556
7  8  2.49661
7  9  1.20602
7  10  -0.508341
7  11  -2.76326
7  12  -5.70482
7  13  -9.51178
7  14  -14.3949
7  15  -20.5869
7  16  -28.3157
7  17  -37.7489
7  18  -48.9023
7  19  -61.518
7  20  -74.9521
7  21  -88.1553
7  22  -99.835
7  23  -108.797
7  24  -114.316
7  25  -116.316
8  1  5.68508
8  2  5.62191
8  3  5.43658
8  4  5.09614
8  5  4.55973
8  6  3.77692
8  7  2.68615
8  8  1.21318
8  9  -0.729582
8  10  -3.24249
8  11  -6.43527
8  12  -10.4193
8  13  -15.2934
8  14  -21.1217
8  15  -27.9037
8  16  -35.5401
8  17  -43.8057
8  18  -52.3425
8  19  -60.6901
8  20  -68.3529
8  21  -74.8911
8  22  -80.0014
8  23  -83.5593
8  24  -85.6112
8  25  -86.3303
9  1  6.21473
9  2  6.13071
9  3  5.88462
9  4  5.43415
9  5  4.72841
9  6  3.70729
9  7  2.30157
9  8  0.434296
9  9  -1.97564
9  10  -5.00683
9  11  -8.72471
9  12  -13.1666
9  13  -18.3235
9  14  -24.1222
9  15  -30.4127
9  16  -36.9689
9  17  -43.5067
9  18  -49.7205
9  19  -55.3279
9  20  -60.1118
9  21  -63.945
9  22  -66.7946
9  23  -68.7074
9  24  -69.7852
9  25  -70.1587
10  1  6.8179
10  2  6.71888
10  3  6.42927
10  4  5.90059
10  5  5.07619
10  6  3.89165
10  7  2.27674
10  8  0.159367
10  9  -2.52753
10  10  -5.83584
10  11  -9.78904
10  12  -14.3673
10  13  -19.4947
10  14  -25.0323
10  15  -30.7835
10  16  -36.512
10  17  -41.9724
10  18  -46.9436
10  19  -51.2579
10  20  -54.8163
10  21  -57.5902
10  22  -59.6092
10  23  -60.9444
10  24  -61.6897
10  25  -61.9468
11  1  7.36205
11  2  7.25306
11  3  6.93456
11  4  6.35434
11  5  5.45255
11  6  4.16317
11  7  2.41727
11  8  0.148811
11  9  -2.69659
11  10  -6.15003
11  11  -10.2059
11  12  -14.8095
11  13  -19.8498
11  14  -25.1611
11  15  -30.5371
11  16  -35.7554
11  17  -40.6075
11  18  -44.9248
11  19  -48.5968
11  20  -51.5746
11  21  -53.8647
11  22  -55.5147
11  23  -56.5981
11  24  -57.2003
11  25  -57.4076
12  1  7.87712
12  2  7.76032
12  3  7.41925
12  4  6.79893
12  5  5.83742
12  6  4.46811
12  7  2.62418
12  8  0.245698
12  9  -2.71034
12  10  -6.25776
12  11  -10.3686
12  12  -14.9637
12  13  -19.9102
12  14  -25.0296
12  15  -30.1168
12  16  -34.9662
12  17  -39.3988
12  18  -43.2827
12  19  -46.5423
12  20  -49.1567
12  21  -51.1498
12  22  -52.5766
12  23  -53.5094
12  24  -54.0263
12  25  -54.204
13  1  8.287
13  2  8.16454
13  3  7.80717
13  4  7.15798
13  5  6.15373
13  6  4.7278
13  7  2.81541
13  8  0.361738
13  9  -2.66733
13  10  -6.27285
13  11  -10.4113
13  12  -14.9874
13  13  -19.8557
13  14  -24.8323
13  15  -29.7163
13  16  -34.3162
13  17  -38.474
13  18  -42.0809
13  19  -45.0823
13  20  -47.4728
13  21  -49.2854
13  22  -50.5776
13  23  -51.4201
13  24  -51.8862
13  25  -52.0463
14  1  8.62244
14  2  8.49534
14  3  8.1246
14  4  7.45184
14  5  6.41287
14  6  4.94126
14  7  2.97427
14  8  0.461662
14  9  -2.62306
14  10  -6.27043
14  11  -10.4245
14  12  -14.9782
14  13  -19.7775
14  14  -24.6359
14  15  -29.358
14  16  -33.7643
14  17  -37.7132
14  18  -41.1132
14  19  -43.9243
14  20  -46.1517
14  21  -47.8338
14  22  -49.0294
14  23  -49.8073
14  24  -50.2371
14  25  -50.3847
15  1  8.87081
15  2  8.73982
15  3  8.35791
15  4  7.66546
15  5  6.59761
15  6  5.08825
15  7  3.07658
15  8  0.516451
15  9  -2.61207
15  10  -6.29069
15  11  -10.4535
15  12  -14.9842
15  13  -19.7228
15  14  -24.4823
15  15  -29.0722
15  16  -33.3237
15  17  -37.1083
15  18  -40.3476
15  19  -43.0126
15  20  -45.1157
15  21  -46.6989
15  22  -47.8217
15  23  -48.551
15  24  -48.9537
15  25  -49.0918
16  1  9.02341
16  2  8.88903
16  3  8.49738
16  4  7.78782
16  5  6.69497
16  6  5.15311
16  7  3.10329
16  8  0.503085
16  9  -2.66156
16  10  -6.36471
16  11  -10.5321
16  12  -15.04
16  13  -19.7241
16  14  -24.3975
16  15  -28.8751
16  16  -32.997
16  17  -36.6459
16  18  -39.7538
16  19  -42.3002
16  20  -44.3032
16  21  -45.8072
16  22  -46.8719
16  23  -47.5626
16  24  -47.9436
16  25  -48.0742
17  1  9.0647
17  2  8.92763
17  3  8.52824
17  4  7.80512
17  5  6.69249
17  6  5.12506
17  7  3.04542
17  8  0.414244
17  9  -2.7778
17  10  -6.49873
17  11  -10.6678
17  12  -15.1559
17  13  -19.7957
17  14  -24.4011
17  15  -28.7913
17  16  -32.8137
17  17  -36.3593
17  18  -39.3682
17  19  -41.8258
17  20  -43.7542
17  21  -45.1994
17  22  -46.221
17  23  -46.8831
17  24  -47.2481
17  25  -47.3733
18  1  8.99717
18  2  8.85755
18  3  8.45083
18  4  7.71486
18  5  6.58358
18  6  4.99211
18  7  2.88461
18  8  0.22479
18  9  -2.99218
18  10  -6.7286
18  11  -10.8978
18  12  -15.3659
18  13  -19.963
18  14  -24.5043
18  15  -28.8132
18  16  -32.7441
18  17  -36.1955
18  18  -39.1145
18  19  -41.4921
18  20  -43.3535
18  21  -44.746
18  22  -45.7292
18  23  -46.3658
18  24  -46.7167
18  25  -46.8369
19  1  8.82116
19  2  8.67937
19  3  8.26646
19  4  7.51967
19  5  6.37269
19  6  4.76106
19  7  2.63034
19  8  -0.053156
19  9  -3.29039
19  10  -7.03892
19  11  -11.2072
19  12  -15.6574
19  13  -20.2181
19  14  -24.7055
19  15  -28.947
19  16  -32.8025
19  17  -36.177
19  18  -39.0231
19  19  -41.336
19  20  -43.1434
19  21  -44.4937
19  22  -45.4461
19  23  -46.0623
19  24  -46.4018
19  25  -46.5181
20  1  8.5674
20  2  8.42385
20  3  8.00589
20  4  7.25027
20  5  6.09051
20  6  4.46254
20  7  2.31309
20  8  -0.389379
20  9  -3.64264
20  10  -7.40038
20  11  -11.5672
20  12  -16.0023
20  13  -20.533
20  14  -24.9767
20  15  -29.1639
20  16  -32.9593
20  17  -36.2727
20  18  -39.0612
20  19  -41.3233
20  20  -43.0883
20  21  -44.4056
20  22  -45.3338
20  23  -45.9342
20  24  -46.2647
20  25  -46.378
21  1  8.21506
21  2  8.06985
21  3  7.64716
21  4  6.88329
21  5  5.71161
21  6  4.06841
21  7  1.90158
21  8  -0.818358
21  9  -4.0862
21  10  -7.85205
21  11  -12.0169
21  12  -16.4374
21  13  -20.9399
21  14  -25.3428
21  15  -29.48
21  16  -33.2202
21  17  -36.4778
21  18  -39.2138
21  19  -41.4297
21  20  -43.1564
21  21  -44.4437
21  22  -45.3503
21  23  -45.9363
21  24  -46.2588
21  25  -46.3694
22  1  7.78983
22  2  7.64316
22  3  7.21628
22  4  6.44509
22  5  5.26286
22  6  3.60624
22  7  1.42413
22  8  -1.31108
22  9  -4.59152
22  10  -8.36415
22  11  -12.5269
22  12  -16.9341
22  13  -21.4114
22  14  -25.7784
22  15  -29.8717
22  16  -33.5637
22  17  -36.7729
22  18  -39.4636
22  19  -41.6397
22  20  -43.3334
22  21  -44.5951
22  22  -45.483
22  23  -46.0567
22  24  -46.3724
22  25  -46.4806
23  1  7.25236
23  2  7.10426
23  3  6.67325
23  4  5.8949
23  5  4.70236
23  6  3.03264
23  7  0.835675
23  8  -1.91429
23  9  -5.20679
23  10  -8.98568
23  11  -13.1459
23  12  -17.5398
23  13  -21.9924
23  14  -26.3243
23  15  -30.375
23  16  -34.0207
23  17  -37.1834
23  18  -39.8307
23  19  -41.9687
23  20  -43.6311
23  21  -44.8683
23  22  -45.7385
23  23  -46.3005
23  24  -46.6097
23  25  -46.7157
24  1  6.62082
24  2  6.47135
24  3  6.03647
24  4  5.25136
24  5  4.0491
24  6  2.36706
24  7  0.156194
24  8  -2.60752
24  9  -5.91113
24  10  -9.6956
24  11  -13.8532
24  12  -18.2342
24  13  -22.6633
24  14  -26.9624
24  15  -30.9734
24  16  -34.5759
24  17  -37.6955
24  18  -40.3028
24  19  -42.4058
24  20  -44.0393
24  21  -45.2541
24  22  -46.1081
24  23  -46.6594
24  24  -46.9626
24  25  -47.0665
25  1  5.92469
25  2  5.77398
25  3  5.33553
25  4  4.54423
25  5  3.33306
25  6  1.63976
25  7  -0.583782
25  8  -3.35995
25  9  -6.67354
25  10  -10.4629
25  11  -14.6177
25  12  -18.9867
25  13  -23.3942
25  14  -27.6632
25  15  -31.6381
25  16  -35.2017
25  17  -38.2825
25  18  -40.8537
25  19  -42.9253
25  20  -44.5329
25  21  -45.7277
25  22  -46.5671
25  23  -47.1088
25  24  -47.4068
25  25  -47.5088
26  1  5.14228
26  2  4.99037
26  3  4.54848
26  4  3.75119
26  5  2.53146
26  6  0.827349
26  7  -1.40834
26  8  -4.19639
26  9  -7.51938
26  10  -11.3131
26  11  -15.4651
26  12  -19.8223
26  13  -24.209
26  14  -28.4491
26  15  -32.3896
26  16  -35.916
26  17  -38.96
26  18  -41.4972
26  19  -43.5391
26  20  -45.1224
26  21  -46.2982
26  22  -47.124
26  23  -47.6568
26  24  -47.9497
26  25  -48.05
27  1  4.29495
27  2  4.1419
27  3  3.69674
27  4  2.89377
27  5  1.6659
27  6  -0.0484662
27  7  -2.29563
27  8  -5.09485
27  9  -8.42662
27  10  -12.2244
27  11  -16.3734
27  12  -20.7193
27  13  -25.086
27  14  -29.2988
27  15  -33.2068
27  16  -36.6983
27  17  -39.7079
27  18  -42.2133
27  19  -44.2275
27  20  -45.7881
27  21  -46.9464
27  22  -47.7595
27  23  -48.2839
27  24  -48.5722
27  25  -48.6709
28  1  3.33896
28  2  3.18474
28  3  2.73627
28  4  1.92756
28  5  0.691471
28  6  -1.03322
28  7  -3.29191
28  8  -6.1023
28  9  -9.44277
28  10  -13.2443
28  11  -17.3901
28  12  -21.7244
28  13  -26.0709
28  14  -30.2562
28  15  -34.1317
28  16  -37.5885
28  17  -40.5637
28  18  -43.0375
28  19  -45.0243
28  20  -46.5624
28  21  -47.7034
28  22  -48.5039
28  23  -49.0201
28  24  -49.3038
28  25  -49.401
29  1  2.35264
29  2  2.19733
29  3  1.74573
29  4  0.931606
29  5  -0.312227
29  6  -2.04664
29  7  -4.31613
29  8  -7.13695
29  9  -10.4855
29  10  -14.2904
29  11  -18.433
29  12  -22.7561
29  13  -27.0836
29  14  -31.2431
29  15  -35.0881
29  16  -38.5125
29  17  -41.4558
29  18  -43.9003
29  19  -45.8618
29  20  -47.3791
29  21  -48.504
29  22  -49.293
29  23  -49.8016
29  24  -50.0811
29  25  -50.1768
30  1  1.40353
30  2  1.24724
30  3  0.792826
30  4  -0.0261799
30  5  -1.27698
30  6  -3.02011
30  7  -5.2993
30  8  -8.12942
30  9  -11.485
30  10  -15.2929
30  11  -19.4324
30  12  -23.7454
30  13  -28.0557
30  14  -32.192
30  15  -36.0098
30  16  -39.4053
30  17  -42.3203
30  18  -44.7388
30  19  -46.6778
30  20  -48.1768
30  21  -49.2875
30  22  -50.0663
30  23  -50.5682
30  24  -50.8439
30  25  -50.9383
31  1  0.416066
31  2  0.258788
31  3  -0.198421
31  4  -1.02227
31  5  -2.27998
31  6  -4.03176
31  7  -6.32051
31  8  -9.15978
31  9  -12.5223
31  10  -16.333
31  11  -20.4692
31  12  -24.7721
31  13  -29.0653
31  14  -33.1787
31  15  -36.9697
31  16  -40.3368
31  17  -43.224
31  18  -45.6171
31  19  -47.5341
31  20  -49.0152
31  21  -50.1121
31  22  -50.8809
31  23  -51.3763
31  24  -51.6484
31  25  -51.7416
32  1  -0.585958
32  2  -0.744203
32  3  -1.20417
32  4  -2.03279
32  5  -3.2973
32  6  -5.05756
32  7  -7.35569
32  8  -10.2039
32  9  -13.5731
32  10  -17.3863
32  11  -21.5193
32  12  -25.8121
32  13  -30.0884
32  14  -34.1793
32  15  -37.9441
32  16  -41.2836
32  17  -44.1438
32  18  -46.5122
32  19  -48.408
32  20  -49.8717
32  21  -50.9553
32  22  -51.7145
32  23  -52.2035
32  24  -52.4721
32  25  -52.5641
33  1  -1.55333
33  2  -1.7125
33  3  -2.17509
33  4  -3.00826
33  5  -4.27923
33  6  -6.04756
33  7  -8.35457
33  8  -11.2112
33  9  -14.5867
33  10  -18.4022
33  11  -22.532
33  12  -26.815
33  13  -31.0753
33  14  -35.1449
33  15  -38.8849
33  16  -42.1983
33  17  -45.0331
33  18  -47.3783
33  19  -49.2541
33  20  -50.7016
33  21  -51.7727
33  22  -52.5229
33  23  -53.006
33  24  -53.2713
33  25  -53.3622
34  1  -2.53968
34  2  -2.69979
34  3  -3.16507
34  4  -4.00288
34  5  -5.28046
34  6  -7.05701
34  7  -9.37305
34  8  -12.2382
34  9  -15.6201
34  10  -19.4378
34  11  -23.564
34  12  -27.8371
34  13  -32.0809
34  14  -36.1288
34  15  -39.8437
34  16  -43.1307
34  17  -45.9398
34  18  -48.2617
34  19  -50.1174
34  20  -51.5485
34  21  -52.6071
34  22  -53.3482
34  23  -53.8254
34  24  -54.0875
34  25  -54.1771
35  1  -3.53668
35  2  -3.69776
35  3  -4.16581
35  4  -5.00841
35  5  -6.2928
35  6  -8.0778
35  7  -10.4031
35  8  -13.277
35  9  -16.6652
35  10  -20.4851
35  11  -24.6077
35  12  -28.8703
35  13  -33.0972
35  14  -37.1228
35  15  -40.8119
35  16  -44.072
35  17  -46.855
35  18  -49.1531
35  19  -50.9884
35  20  -52.403
35  21  -53.4488
35  22  -54.1807
35  23  -54.6519
35  24  -54.9107
35  25  -54.9992
36  1  -4.38794
36  2  -4.54988
36  3  -5.02039
36  4  -5.86723
36  5  -7.15762
36  6  -8.95009
36  7  -11.2836
36  8  -14.1651
36  9  -17.5589
36  10  -21.3806
36  11  -25.4998
36  12  -29.7531
36  13  -33.965
36  14  -37.9709
36  15  -41.6375
36  16  -44.8739
36  17  -47.6341
36  18  -49.9114
36  19  -51.729
36  20  -53.1291
36  21  -54.1638
36  22  -54.8878
36  23  -55.3538
36  24  -55.6096
36  25  -55.6972
37  1  -5.3026
37  2  -5.46552
37  3  -5.93881
37  4  -6.79045
37  5  -8.08765
37  6  -9.88854
37  7  -12.2312
37  8  -15.1213
37  9  -18.5213
37  10  -22.3449
37  11  -26.4601
37  12  -30.7029
37  13  -34.8977
37  14  -38.8815
37  15  -42.5227
37  16  -45.7326
37  17  -48.4672
37  18  -50.7214
37  19  -52.5191
37  20  -53.9031
37  21  -54.9255
37  22  -55.6406
37  23  -56.1008
37  24  -56.3534
37  25  -56.4398
38  1  -6.1453
38  2  -6.30919
38  3  -6.78524
38  4  -7.64165
38  5  -8.9456
38  6  -10.7548
38  7  -13.1066
38  8  -16.0051
38  9  -19.4112
38  10  -23.2365
38  11  -27.3477
38  12  -31.5798
38  13  -35.7578
38  14  -39.7197
38  15  -43.3358
38  16  -46.5197
38  17  -49.2293
38  18  -51.4607
38  19  -53.2391
38  20  -54.6074
38  21  -55.6177
38  22  -56.3241
38  23  -56.7786
38  24  -57.0281
38  25  -57.1135
39  1  -6.88757
39  2  -7.0524
39  3  -7.53112
39  4  -8.39214
39  5  -9.7026
39  6  -11.5199
39  7  -13.8804
39  8  -16.787
39  9  -20.1988
39  10  -24.0256
39  11  -28.1328
39  12  -32.3546
39  13  -36.5163
39  14  -40.4571
39  15  -44.0492
39  16  -47.2082
39  17  -49.8938
39  18  -52.1037
39  19  -53.8636
39  20  -55.2169
39  21  -56.2158
39  22  -56.914
39  23  -57.3632
39  24  -57.6096
39  25  -57.694
40  1  -7.61351
40  2  -7.77937
40  3  -8.26103
40  4  -9.12711
40  5  -10.4447
40  6  -12.2708
40  7  -14.6409
40  8  -17.5563
40  9  -20.9742
40  10  -24.8027
40  11  -28.9053
40  12  -33.1157
40  13  -37.2594
40  14  -41.1771
40  15  -44.7431
40  16  -47.8751
40  17  -50.5347
40  18  -52.7211
40  19  -54.461
40  20  -55.7982
40  21  -56.7846
40  22  -57.474
40  23  -57.9173
40  24  -58.1606
40  25  -58.2438
41  1  -8.2536
41  2  -8.42052
41  3  -8.90519
41  4  -9.77644
41  5  -11.1014
41  6  -12.9365
41  7  -15.3162
41  8  -18.2405
41  9  -21.6646
41  10  -25.4946
41  11  -29.5924
41  12  -33.791
41  13  -37.9164
41  14  -41.8106
41  15  -45.35
41  16  -48.4546
41  17  -51.0879
41  18  -53.2507
41  19  -54.9705
41  20  -56.2915
41  21  -57.2655
41  22  -57.946
41  23  -58.3835
41  24  -58.6235
41  25  -58.7056
42  1  -8.7947
42  2  -8.96269
42  3  -9.45041
42  4  -10.3269
42  5  -11.6592
42  6  -13.5034
42  7  -15.8929
42  8  -18.8262
42  9  -22.2564
42  10  -26.0877
42  11  -30.1805
42  12  -34.3671
42  13  -38.4739
42  14  -42.3445
42  15  -45.8572
42  16  -48.9344
42  17  -51.5415
42  18  -53.6807
42  19  -55.3805
42  20  -56.6853
42  21  -57.6469
42  22  -58.3186
42  23  -58.7503
42  24  -58.9871
42  25  -59.0681
43  1  -9.26638
43  2  -9.43554
43  3  -9.9266
43  4  -10.8088
43  5  -12.1492
43  6  -14.0033
43  7  -16.4034
43  8  -19.3464
43  9  -22.7831
43  10  -26.6157
43  11  -30.7029
43  12  -34.8763
43  13  -38.9628
43  14  -42.8076
43  15  -46.2915
43  16  -49.3389
43  17  -51.9178
43  18  -54.0317
43  19  -55.7099
43  20  -56.9973
43  21  -57.9457
43  22  -58.6079
43  23  -59.0334
43  24  -59.2668
43  25  -59.3466
44  1  -9.62283
44  2  -9.79318
44  3  -10.2876
44  4  -11.1756
44  5  -12.5242
44  6  -14.3882
44  7  -16.799
44  8  -19.7515
44  9  -23.1948
44  10  -27.0285
44  11  -31.1098
44  12  -35.2697
44  13  -39.3358
44  14  -43.1548
44  15  -46.6097
44  16  -49.6276
44  17  -52.1784
44  18  -54.2671
44  19  -55.9239
44  20  -57.1942
44  21  -58.1295
44  22  -58.7822
44  23  -59.2016
44  24  -59.4316
44  25  -59.5103
45  1  -9.87752
45  2  -10.0491
45  3  -10.547
45  4  -11.4411
45  5  -12.7981
45  6  -14.6724
45  7  -17.0942
45  8  -20.0567
45  9  -23.5064
45  10  -27.3411
45  11  -31.4162
45  12  -35.562
45  13  -39.6069
45  14  -43.3991
45  15  -46.8243
45  16  -49.8119
45  17  -52.3338
45  18  -54.3968
45  19  -56.0319
45  20  -57.2846
45  21  -58.2065
45  22  -58.8497
45  23  -59.2629
45  24  -59.4894
45  25  -59.5669
46  1  -10.0383
46  2  -10.2112
46  3  -10.713
46  4  -11.6137
46  5  -12.98
46  6  -14.8657
46  7  -17.2995
46  8  -20.2727
46  9  -23.7294
46  10  -27.5649
46  11  -31.6329
46  12  -35.7632
46  13  -39.7847
46  14  -43.5477
46  15  -46.9405
46  16  -49.8951
46  17  -52.3859
46  18  -54.421
46  19  -56.0326
46  20  -57.2664
46  21  -58.174
46  22  -58.8069
46  23  -59.2133
46  24  -59.4362
46  25  -59.5124
47  1  -10.0934
47  2  -10.2678
47  3  -10.7738
47  4  -11.6816
47  5  -13.0578
47  6  -14.9556
47  7  -17.4022
47  8  -20.3867
47  9  -23.8508
47  10  -27.687
47  11  -31.7471
47  12  -35.8606
47  13  -39.8569
47  14  -43.5889
47  15  -46.9473
47  16  -49.8671
47  17  -52.3249
47  18  -54.3308
47  19  -55.9177
47  20  -57.1316
47  21  -58.0241
47  22  -58.6463
47  23  -59.0457
47  24  -59.2646
47  25  -59.3395
48  1  -10.0451
48  2  -10.2211
48  3  -10.7314
48  4  -11.6467
48  5  -13.0335
48  6  -14.944
48  7  -17.4041
48  8  -20.4005
48  9  -23.872
48  10  -27.7086
48  11  -31.7603
48  12  -35.8557
48  13  -39.8256
48  14  -43.5248
48  15  -46.8472
48  16  -49.7306
48  17  -52.1542
48  18  -54.1297
48  19  -55.691
48  20  -56.8845
48  21  -57.7614
48  22  -58.3724
48  23  -58.7645
48  24  -58.9795
48  25  -59.053
49  1  -9.88341
49  2  -10.0612
49  3  -10.5767
49  4  -11.5008
49  5  -12.8998
49  6  -14.8251
49  7  -17.3008
49  8  -20.3107
49  9  -23.7906
49  10  -27.6273
49  11  -31.6687
49  12  -35.743
49  13  -39.6821
49  14  -43.3436
49  15  -46.6245
49  16  -49.4663
49  17  -51.8508
49  18  -53.7917
49  19  -55.3239
49  20  -56.4941
49  21  -57.3533
49  22  -57.9517
49  23  -58.3357
49  24  -58.546
49  25  -58.618
50  1  -9.64083
50  2  -9.82041
50  3  -10.341
50  4  -11.2739
50  5  -12.6852
50  6  -14.6253
50  7  -17.1163
50  8  -20.1395
50  9  -23.6274
50  10  -27.4639
50  11  -31.4947
50  12  -35.5477
50  13  -39.4561
50  14  -43.0801
50  15  -46.3203
50  16  -49.1212
50  17  -51.4676
50  18  -53.3747
50  19  -54.8785
50  20  -56.0261
50  21  -56.8681
50  22  -57.4543
50  23  -57.8303
50  24  -58.0363
50  25  -58.1067
51  1  -9.29051
51  2  -9.47222
51  3  -9.99888
51  4  -10.942
51  5  -12.3675
51  6  -14.3248
51  7  -16.8335
51  8  -19.872
51  9  -23.3689
51  10  -27.2046
51  11  -31.2227
51  12  -35.2506
51  13  -39.1232
51  14  -42.7039
51  15  -45.8971
51  16  -48.6512
51  17  -50.9539
51  18  -52.8225
51  19  -54.2942
51  20  -55.416
51  21  -56.2386
51  22  -56.811
51  23  -57.1779
51  24  -57.3789
51  25  -57.4476
52  1  -8.88576
52  2  -9.06967
52  3  -9.60256
52  4  -10.5563
52  5  -11.9965
52  6  -13.9714
52  7  -16.4983
52  8  -19.5521
52  9  -23.0578
52  10  -26.8922
52  11  -30.8967
52  12  -34.8985
52  13  -38.7343
52  14  -42.2707
52  15  -45.4162
52  16  -48.123
52  17  -50.3817
52  18  -52.2117
52  19  -53.6511
52  20  -54.7473
52  21  -55.5505
52  22  -56.109
52  23  -56.4669
52  24  -56.663
52  25  -56.73
53  1  -8.38364
53  2  -8.57016
53  3  -9.11044
53  4  -10.0768
53  5  -11.5344
53  6  -13.5299
53  7  -16.078
53  8  -19.1496
53  9  -22.665
53  10  -26.4971
53  11  -30.4851
53  12  -34.4557
53  13  -38.2481
53  14  -41.7329
53  15  -44.823
53  16  -47.4751
53  17  -49.6832
53  18  -51.4689
53  19  -52.8713
53  20  -53.9382
53  21  -54.7192
53  22  -55.2619
53  23  -55.6097
53  24  -55.8001
53  25  -55.8651
54  1  -7.74613
54  2  -7.93599
54  3  -8.48572
54  4  -9.46808
54  5  -10.9478
54  6  -12.9694
54  7  -15.5441
54  8  -18.6375
54  9  -22.1644
54  10  -25.9928
54  11  -29.9587
54  12  -33.8894
54  13  -37.6268
54  14  -41.0467
54  15  -44.0679
54  16  -46.6523
54  17  -48.7981
54  18  -50.5295
54  19  -51.8868
54  20  -52.9178
54  21  -53.6718
54  22  -54.1954
54  23  -54.5307
54  24  -54.7142
54  25  -54.7769
55  1  -7.06763
55  2  -7.26126
55  3  -7.82161
55  4  -8.82196
55  5  -10.3263
55  6  -12.377
55  7  -14.9809
55  8  -18.0979
55  9  -21.6365
55  10  -25.4592
55  11  -29.3995
55  12  -33.285
55  13  -36.9612
55  14  -40.3098
55  15  -43.2558
55  16  -45.767
55  17  -47.8456
55  18  -49.5187
55  19  -50.8277
55  20  -51.8205
55  21  -52.5458
55  22  -53.049
55  23  -53.3711
55  24  -53.5473
55  25  -53.6075
56  1  -6.34076
56  2  -6.53885
56  3  -7.11176
56  4  -8.13332
56  5  -9.66665
56  6  -11.7511
56  7  -14.3886
56  8  -17.5321
56  9  -21.0827
56  10  -24.8972
56  11  -28.8061
56  12  -32.6379
56  13  -36.2429
56  14  -39.5093
56  15  -42.3697
56  16  -44.7978
56  17  -46.801
56  18  -48.4088
56  19  -49.664
56  20  -50.6144
56  21  -51.3077
56  22  -51.7884
56  23  -52.0959
56  24  -52.264
56  25  -52.3214
57  1  -5.4974
57  2  -5.70149
57  3  -6.29132
57  4  -7.34134
57  5  -8.91327
57  6  -11.0424
57  7  -13.7235
57  8  -16.9003
57  9  -20.4645
57  10  -24.2653
57  11  -28.13
57  12  -31.8895
57  13  -35.4004
57  14  -38.56
57  15  -41.3101
57  16  -43.6326
57  17  -45.5402
57  18  -47.0659
57  19  -48.2537
57  20  -49.1512
57  21  -49.8048
57  22  -50.2574
57  23  -50.5467
57  24  -50.7049
57  25  -50.7589
58  1  -4.63413
58  2  -4.84579
58  3  -5.45687
58  4  -6.54245
58  5  -8.16228
58  6  -10.3461
58  7  -13.0794
58  8  -16.2945
58  9  -19.8714
58  10  -23.6511
58  11  -27.4582
58  12  -31.127
58  13  -34.5228
58  14  -37.5542
58  15  -40.1737
58  16  -42.3724
58  17  -44.1691
58  18  -45.6003
58  19  -46.7108
58  20  -47.5477
58  21  -48.1562
58  22  -48.577
58  23  -48.8457
58  24  -48.9925
58  25  -49.0426
59  1  -3.78396
59  2  -4.00526
59  3  -4.64336
59  4  -5.77392
59  5  -7.45367
59  6  -9.70474
59  7  -12.5006
59  8  -15.7588
59  9  -19.3457
59  10  -23.0931
59  11  -26.8238
59  12  -30.3781
59  13  -33.633
59  14  -36.5103
59  15  -38.9757
59  16  -41.0301
59  17  -42.6989
59  18  -44.0218
59  19  -45.0444
59  20  -45.8129
59  21  -46.3704
59  22  -46.7554
59  23  -47.0009
59  24  -47.135
59  25  -47.1808
60  1  -2.89394
60  2  -3.12929
60  3  -3.80659
60  4  -5.00181
60  5  -6.76647
60  6  -9.11065
60  7  -11.9896
60  8  -15.3002
60  9  -18.8903
60  10  -22.5815
60  11  -26.1974
60  12  -29.589
60  13  -32.6501
60  14  -35.3213
60  15  -37.5846
60  16  -39.4528
60  17  -40.9586
60  18  -42.145
60  19  -43.0576
60  20  -43.7409
60  21  -44.2352
60  22  -44.5759
60  23  -44.7929
60  24  -44.9113
60  25  -44.9517
61  1  -2.00538
61  2  -2.26238
61  3  -2.99973
61  4  -4.29277
61  5  -6.18303
61  6  -8.65995
61  7  -11.65
61  8  -15.0193
61  9  -18.5923
61  10  -22.1815
61  11  -25.617
61  12  -28.7695
61  13  -31.5585
61  14  -33.9499
61  15  -35.9458
61  16  -37.5729
61  17  -38.8712
61  18  -39.8858
61  19  -40.6615
61  20  -41.2395
61  21  -41.6562
61  22  -41.9426
61  23  -42.1248
61  24  -42.2241
61  25  -42.258
62  1  -1.10814
62  2  -1.40486
62  3  -2.25114
62  4  -3.71757
62  5  -5.82176
62  6  -8.51024
62  7  -11.656
62  8  -15.0765
62  9  -18.5678
62  10  -21.9417
62  11  -25.053
62  12  -27.8116
62  13  -30.1789
62  14  -32.1562
62  15  -33.7708
62  16  -35.0636
62  17  -36.0805
62  18  -36.8662
62  19  -37.4618
62  20  -37.9026
62  21  -38.2189
62  22  -38.4357
62  23  -38.5732
62  24  -38.648
62  25  -38.6736
63  1  -0.288558
63  2  -0.665397
63  3  -1.72668
63  4  -3.51963
63  5  -5.99512
63  6  -9.002
63  7  -12.3157
63  8  -15.6908
63  9  -18.9136
63  10  -21.8347
63  11  -24.3749
63  12  -26.5136
63  13  -28.2697
63  14  -29.6838
63  15  -30.8046
63  16  -31.681
63  17  -32.3575
63  18  -32.8728
63  19  -33.259
63  20  -33.5426
63  21  -33.7449
63  22  -33.8829
63  23  -33.9702
63  24  -34.0177
63  25  -34.0338
64  1  0.771836
64  2  0.192467
64  3  -1.38414
64  4  -3.87649
64  5  -7.00434
64  6  -10.3861
64  7  -13.6702
64  8  -16.6197
64  9  -19.1255
64  10  -21.1741
64  11  -22.8065
64  12  -24.0855
64  13  -25.0766
64  14  -25.8388
64  15  -26.4216
64  16  -26.8647
64  17  -27.1995
64  18  -27.4504
64  19  -27.6362
64  20  -27.7714
64  21  -27.8672
64  22  -27.9322
64  23  -27.9733
64  24  -27.9955
64  25  -28.0031
65  1  4.33962
65  2  3.18713
65  3  0.318871
65  4  -3.54986
65  5  -7.52055
65  6  -10.9972
65  7  -13.7736
65  8  -15.883
65  9  -17.4476
65  10  -18.5973
65  11  -19.4411
65  12  -20.0621
65  13  -20.521
65  14  -20.8615
65  15  -21.1148
65  16  -21.3035
65  17  -21.444
65  18  -21.548
65  19  -21.6244
65  20  -21.6796
65  21  -21.7186
65  22  -21.7449
65  23  -21.7615
65  24  -21.7705
65  25  -21.7736
66  1  16.3741
66  2  13.5602
66  3  7.52892
66  4  1.06284
66  5  -4.16028
66  6  -7.88816
66  7  -10.4328
66  8  -12.1571
66  9  -13.3354
66  10  -14.1523
66  11  -14.7273
66  12  -15.1379
66  13  -15.4347
66  14  -15.6514
66  15  -15.8108
66  16  -15.9284
66  17  -16.0154
66  18  -16.0796
66  19  -16.1265
66  20  -16.1603
66  21  -16.1842
66  22  -16.2003
66  23  -16.2104
66  24  -16.2159
66  25  -16.2178
67  1  29.5219
67  2  25.426
67  3  17.0727
67  4  8.70984
67  5  2.36148
67  6  -1.96445
67  7  -4.8249
67  8  -6.72217
67  9  -8.00022
67  10  -8.87753
67  11  -9.4909
67  12  -9.92679
67  13  -10.2408
67  14  -10.4695
67  15  -10.6373
67  16  -10.7611
67  17  -10.8526
67  18  -10.9199
67  19  -10.9692
67  20  -11.0047
67  21  -11.0297
67  22  -11.0466
67  23  -11.0572
67  24  -11.0629
67  25  -11.0649
68  1  30.1697
68  2  27.2641
68  3  20.9448
68  4  14.0277
68  5  8.32953
68  6  4.20051
68  7  1.35172
68  8  -0.592745
68  9  -1.92822
68  10  -2.85718
68  11  -3.51268
68  12  -3.98155
68  13  -4.32091
68  14  -4.5689
68  15  -4.75137
68  16  -4.88619
68  17  -4.9859
68  18  -5.05942
68  19  -5.11322
68  20  -5.15203
68  21  -5.17935
68  22  -5.19783
68  23  -5.20946
68  24  -5.21576
68  25  -5.2179
69  1  17.4925
69  2  17.4685
69  3  17.4125
69  4  17.3444
69  5  17.2823
69  6  17.2334
69  7  17.1974
69  8  17.1718
69  9  17.1537
69  10  17.1408
69  11  17.1315
69  12  17.1248
69  13  17.12
69  14  17.1164
69  15  17.1137
69  16  17.1118
69  17  17.1103
69  18  17.1093
69  19  17.1085
69  20  17.1079
69  21  17.1075
69  22  17.1072
69  23  17.1071
69  24  17.107
69  25  17.1069
70  1  12.7195
70  2  13.5329
70  3  15.5075
70  4  18.0634
70  5  20.5664
70  6  22.6644
70  7  24.2807
70  8  25.4753
70  9  26.3433
70  10  26.9717
70  11  27.4279
70  12  27.7609
70  13  28.0055
70  14  28.1863
70  15  28.3203
70  16  28.4199
70  17  28.4939
70  18  28.5487
70  19  28.5888
70  20  28.6178
70  21  28.6383
70  22  28.6521
70  23  28.6608
70  24  28.6656
70  25  28.6672
71  1  13.1401
71  2  14.0182
71  3  16.2103
71  4  19.1825
71  5  22.2516
71  6  24.9544
71  7  27.1234
71  8  28.7776
71  9  30.008
71  10  30.9141
71  11  31.5802
71  12  32.071
71  13  32.4339
71  14  32.7034
71  15  32.904
71  16  33.0535
71  17  33.1647
71  18  33.2472
71  19  33.3077
71  20  33.3515
71  21  33.3823
71  22  33.4033
71  23  33.4164
71  24  33.4236
71  25  33.426
72  1  14.9815
72  2  15.7705
72  3  17.7778
72  4  20.5883
72  5  23.6035
72  6  26.3595
72  7  28.6428
72  8  30.429
72  9  31.7837
72  10  32.7959
72  11  33.548
72  12  34.1065
72  13  34.522
72  14  34.8318
72  15  35.0632
72  16  35.236
72  17  35.3649
72  18  35.4606
72  19  35.5308
72  20  35.5817
72  21  35.6176
72  22  35.6419
72  23  35.6573
72  24  35.6656
72  25  35.6684
73  1  17.5358
73  2  18.1935
73  3  19.8882
73  4  22.3142
73  5  24.9885
73  6  27.5004
73  7  29.6321
73  8  31.3329
73  9  32.6426
73  10  33.6326
73  11  34.3747
73  12  34.9293
73  13  35.344
73  14  35.6542
73  15  35.8866
73  16  36.0605
73  17  36.1904
73  18  36.2869
73  19  36.3579
73  20  36.4093
73  21  36.4455
73  22  36.4701
73  23  36.4856
73  24  36.494
73  25  36.4969
74  1  19.2095
74  2  19.7824
74  3  21.273
74  4  23.4438
74  5  25.8884
74  6  28.2356
74  7  30.2676
74  8  31.9158
74  9  33.2019
74  10  34.1838
74  11  34.9255
74  12  35.483
74  13  35.9016
74  14  36.2158
74  15  36.4517
74  16  36.6286
74  17  36.7609
74  18  36.8592
74  19  36.9316
74  20  36.9841
74  21  37.0211
74  22  37.0463
74  23  37.0621
74  24  37.0707
74  25  37.0736
75  1  20.3828
75  2  20.8959
75  3  22.2397
75  4  24.2198
75  5  26.4832
75  6  28.6904
75  7  30.6288
75  8  32.2203
75  9  33.4742
75  10  34.4389
75  11  35.1717
75  12  35.725
75  13  36.1417
75  14  36.4553
75  15  36.6912
75  16  36.8683
75  17  37.0009
75  18  37.0996
75  19  37.1723
75  20  37.225
75  21  37.2622
75  22  37.2874
75  23  37.3033
75  24  37.3119
75  25  37.3149
76  1  21.2944
76  2  21.7596
76  3  22.9839
76  4  24.8044
76  5  26.9099
76  6  28.9887
76  7  30.8357
76  8  32.3671
76  9  33.5834
76  10  34.525
76  11  35.2438
76  12  35.7884
76  13  36.1998
76  14  36.51
76  15  36.7437
76  16  36.9194
76  17  37.051
76  18  37.149
76  19  37.2212
76  20  37.2736
76  21  37.3106
76  22  37.3357
76  23  37.3516
76  24  37.3601
76  25  37.363
77  1  21.9486
77  2  22.3757
77  3  23.5045
77  4  25.1949
77  5  27.168
77  6  29.1353
77  7  30.8995
77  8  32.3741
77  9  33.5529
77  10  34.4702
77  11  35.1732
77  12  35.7076
77  13  36.112
77  14  36.4176
77  15  36.6481
77  16  36.8216
77  17  36.9516
77  18  37.0485
77  19  37.1199
77  20  37.1718
77  21  37.2084
77  22  37.2332
77  23  37.2489
77  24  37.2574
77  25  37.2602
78  1  22.2651
78  2  22.6645
78  3  23.7234
78  4  25.3177
78  5  27.1919
78  6  29.0751
78  7  30.776
78  8  32.2069
78  9  33.3567
78  10  34.2552
78  11  34.946
78  12  35.4723
78  13  35.8714
78  14  36.1734
78  15  36.4014
78  16  36.5731
78  17  36.702
78  18  36.798
78  19  36.8688
78  20  36.9202
78  21  36.9565
78  22  36.9812
78  23  36.9967
78  24  37.0051
78  25  37.008
79  1  19.3489
79  2  19.7728
79  3  20.8991
79  4  22.6027
79  5  24.6174
79  6  26.6548
79  7  28.5067
79  8  30.0729
79  9  31.3373
79  10  32.3287
79  11  33.0931
79  12  33.6767
79  13  34.1201
79  14  34.4559
79  15  34.7097
79  16  34.901
79  17  35.0446
79  18  35.1517
79  19  35.2307
79  20  35.288
79  21  35.3285
79  22  35.356
79  23  35.3733
79  24  35.3827
79  25  35.3859
80  1  18.4073
80  2  18.8213
80  3  19.9238
80  4  21.598
80  5  23.5879
80  6  25.6116
80  7  27.4609
80  8  29.0324
80  9  30.306
80  10  31.3078
80  11  32.082
80  12  32.6743
80  13  33.1249
80  14  33.4666
80  15  33.725
80  16  33.9199
80  17  34.0663
80  18  34.1754
80  19  34.256
80  20  34.3145
80  21  34.3558
80  22  34.3839
80  23  34.4015
80  24  34.4111
80  25  34.4144
81  1  18.4716
81  2  18.863
81  3  19.9071
81  4  21.4973
81  5  23.3952
81  6  25.334
81  7  27.1133
81  8  28.6312
81  9  29.8652
81  10  30.8384
81  11  31.592
81  12  32.1694
81  13  32.6092
81  14  32.943
81  15  33.1956
81  16  33.3862
81  17  33.5294
81  18  33.6363
81  19  33.7151
81  20  33.7724
81  21  33.8129
81  22  33.8403
81  23  33.8576
81  24  33.867
81  25  33.8702
82  1  18.8542
82  2  19.2186
82  3  20.1922
82  4  21.6792
82  5  23.4606
82  6  25.2879
82  7  26.9717
82  8  28.4131
82  9  29.5885
82  10  30.5177
82  11  31.2385
82  12  31.7916
82  13  32.2134
82  14  32.5337
82  15  32.7763
82  16  32.9595
82  17  33.0972
82  18  33.1999
82  19  33.2757
82  20  33.3308
82  21  33.3697
82  22  33.3962
82  23  33.4128
82  24  33.4219
82  25  33.4249
83  1  19.328
83  2  19.6676
83  3  20.576
83  4  21.9665
83  5  23.6373
83  6  25.3568
83  7  26.9462
83  8  28.3108
83  9  29.4262
83  10  30.3097
83  11  30.9961
83  12  31.5234
83  13  31.9258
83  14  32.2317
83  15  32.4635
83  16  32.6386
83  17  32.7702
83  18  32.8684
83  19  32.9409
83  20  32.9936
83  21  33.0308
83  22  33.0561
83  23  33.0721
83  24  33.0807
83  25  33.0836
84  1  19.8379
84  2  20.1541
84  3  21.0008
84  4  22.2995
84  5  23.8639
84  6  25.4783
84  7  26.9748
84  8  28.2628
84  9  29.3177
84  10  30.1546
84  11  30.8058
84  12  31.3065
84  13  31.6889
84  14  31.9798
84  15  32.2003
84  16  32.3668
84  17  32.4921
84  18  32.5856
84  19  32.6547
84  20  32.7048
84  21  32.7403
84  22  32.7644
84  23  32.7796
84  24  32.7878
84  25  32.7906
85  1  20.3923
85  2  20.6851
85  3  21.47
85  4  22.6758
85  5  24.1317
85  6  25.6381
85  7  27.038
85  8  28.2456
85  9  29.2366
85  10  30.0241
85  11  30.6375
85  12  31.1096
85  13  31.4704
85  14  31.745
85  15  31.9533
85  16  32.1107
85  17  32.2291
85  18  32.3174
85  19  32.3827
85  20  32.4301
85  21  32.4637
85  22  32.4865
85  23  32.5008
85  24  32.5086
85  25  32.5112
86  1  20.933
86  2  21.2042
86  3  21.9318
86  4  23.0514
86  5  24.4058
86  6  25.8104
86  7  27.1185
86  8  28.2492
86  9  29.1785
86  10  29.918
86  11  30.4947
86  12  30.9389
86  13  31.2786
86  14  31.5372
86  15  31.7334
86  16  31.8818
86  17  31.9934
86  18  32.0767
86  19  32.1383
86  20  32.183
86  21  32.2146
86  22  32.2361
86  23  32.2497
86  24  32.257
86  25  32.2595
87  1  21.4569
87  2  21.7081
87  3  22.3822
87  4  23.4209
87  5  24.6796
87  6  25.9875
87  7  27.2079
87  8  28.2646
87  9  29.1344
87  10  29.8273
87  11  30.3681
87  12  30.785
87  13  31.1041
87  14  31.347
87  15  31.5315
87  16  31.6709
87  17  31.7758
87  18  31.8542
87  19  31.9121
87  20  31.9541
87  21  31.9839
87  22  32.0041
87  23  32.0168
87  24  32.0237
87  25  32.0261
88  1  21.9168
88  2  22.1508
88  3  22.7792
88  4  23.7484
88  5  24.9247
88  6  26.1487
88  7  27.2927
88  8  28.2845
88  9  29.1019
88  10  29.7537
88  11  30.2628
88  12  30.6555
88  13  30.9562
88  14  31.1852
88  15  31.3591
88  16  31.4906
88  17  31.5896
88  18  31.6635
88  19  31.7181
88  20  31.7578
88  21  31.7859
88  22  31.8049
88  23  31.8169
88  24  31.8235
88  25  31.8257
89  1  22.3884
89  2  22.6052
89  3  23.1876
89  4  24.0867
89  5  25.1793
89  6  26.3181
89  7  27.3839
89  8  28.3091
89  9  29.0725
89  10  29.6818
89  11  30.1581
89  12  30.5256
89  13  30.8071
89  14  31.0217
89  15  31.1846
89  16  31.3078
89  17  31.4006
89  18  31.4699
89  19  31.5211
89  20  31.5583
89  21  31.5846
89  22  31.6025
89  23  31.6137
89  24  31.6198
89  25  31.6219
90  1  22.8396
90  2  23.0401
90  3  23.5791
90  4  24.412
90  5  25.4254
90  6  26.4828
90  7  27.4739
90  8  28.3352
90  9  29.0466
90  10  29.6148
90  11  30.0593
90  12  30.4024
90  13  30.6654
90  14  30.8658
90  15  31.0181
90  16  31.1333
90  17  31.22
90  18  31.2847
90  19  31.3326
90  20  31.3674
90  21  31.392
90  22  31.4087
90  23  31.4192
90  24  31.4249
90  25  31.4269
91  1  23.2608
91  2  23.4463
91  3  23.9453
91  4  24.7169
91  5  25.6566
91  6  26.6384
91  7  27.5594
91  8  28.3608
91  9  29.0233
91  10  29.5528
91  11  29.9672
91  12  30.2873
91  13  30.5326
91  14  30.7197
91  15  30.8618
91  16  30.9694
91  17  31.0503
91  18  31.1108
91  19  31.1555
91  20  31.188
91  21  31.211
91  22  31.2266
91  23  31.2364
91  24  31.2418
91  25  31.2436
92  1  23.6571
92  2  23.8286
92  3  24.2902
92  4  25.0045
92  5  25.8751
92  6  26.7856
92  7  27.6407
92  8  28.3854
92  9  29.0014
92  10  29.4941
92  11  29.8799
92  12  30.178
92  13  30.4066
92  14  30.5809
92  15  30.7134
92  16  30.8136
92  17  30.8891
92  18  30.9455
92  19  30.9871
92  20  31.0174
92  21  31.0388
92  22  31.0534
92  23  31.0626
92  24  31.0675
92  25  31.0692
93  1  24.0416
93  2  24.1997
93  3  24.6252
93  4  25.284
93  5  26.0878
93  6  26.9291
93  7  27.72
93  8  28.4092
93  9  28.9798
93  10  29.4364
93  11  29.7941
93  12  30.0706
93  13  30.2827
93  14  30.4444
93  15  30.5674
93  16  30.6604
93  17  30.7305
93  18  30.7828
93  19  30.8215
93  20  30.8496
93  21  30.8695
93  22  30.883
93  23  30.8915
93  24  30.8962
93  25  30.8977
94  1  24.3846
94  2  24.5308
94  3  24.9242
94  4  25.5338
94  5  26.2779
94  6  27.0573
94  7  27.7906
94  8  28.4301
94  9  28.9598
94  10  29.3839
94  11  29.7163
94  12  29.9733
94  13  30.1704
94  14  30.3208
94  15  30.4351
94  16  30.5217
94  17  30.5868
94  18  30.6355
94  19  30.6715
94  20  30.6977
94  21  30.7162
94  22  30.7287
94  23  30.7367
94  24  30.741
94  25  30.7424
95  1  24.7325
95  2  24.8666
95  3  25.2277
95  4  25.7873
95  5  26.4708
95  6  27.1874
95  7  27.862
95  8  28.4507
95  9  28.9386
95  10  29.3294
95  11  29.6358
95  12  29.8728
95  13  30.0546
95  14  30.1934
95  15  30.2988
95  16  30.3787
95  17  30.4388
95  18  30.4837
95  19  30.5169
95  20  30.5411
95  21  30.5582
95  22  30.5698
95  23  30.5771
95  24  30.581
95  25  30.5824
96  1  25.0719
96  2  25.1942
96  3  25.5237
96  4  26.0346
96  5  26.659
96  6  27.3141
96  7  27.9312
96  8  28.47
96  9  28.9168
96  10  29.2749
96  11  29.5557
96  12  29.7729
96  13  29.9396
96  14  30.0668
96  15  30.1636
96  16  30.2368
96  17  30.2919
96  18  30.3332
96  19  30.3636
96  20  30.3858
96  21  30.4014
96  22  30.4121
96  23  30.4188
96  24  30.4224
96  25  30.4237
97  1  25.4179
97  2  25.5282
97  3  25.8256
97  4  26.2868
97  5  26.8509
97  6  27.443
97  7  28.0011
97  8  28.4888
97  9  28.8933
97  10  29.2176
97  11  29.472
97  12  29.6689
97  13  29.82
97  14  29.9354
97  15  30.0231
97  16  30.0895
97  17  30.1395
97  18  30.1769
97  19  30.2045
97  20  30.2246
97  21  30.2388
97  22  30.2484
97  23  30.2545
97  24  30.2578
97  25  30.2589
98  1  25.7149
98  2  25.815
98  3  26.0847
98  4  26.5033
98  5  27.0155
98  6  27.5533
98  7  28.0606
98  8  28.504
98  9  28.872
98  10  29.1671
98  11  29.3986
98  12  29.5778
98  13  29.7154
98  14  29.8204
98  15  29.9003
98  16  29.9608
98  17  30.0063
98  18  30.0404
98  19  30.0655
98  20  30.0838
98  21  30.0968
98  22  30.1056
98  23  30.1111
98  24  30.1141
98  25  30.1151
99  1  26.038
99  2  26.127
99  3  26.3667
99  4  26.7388
99  5  27.1943
99  6  27.6729
99  7  28.1245
99  8  28.5195
99  9  28.8474
99  10  29.1104
99  11  29.3169
99  12  29.4767
99  13  29.5994
99  14  29.6931
99  15  29.7644
99  16  29.8183
99  17  29.859
99  18  29.8894
99  19  29.9118
99  20  29.9281
99  21  29.9397
99  22  29.9475
99  23  29.9525
99  24  29.9552
99  25  29.9561
100  1  26.3509
100  2  26.4291
100  3  26.6397
100  4  26.9667
100  5  27.3672
100  6  27.7883
100  7  28.1857
100  8  28.5334
100  9  28.8222
100  10  29.054
100  11  29.2359
100  12  29.3768
100  13  29.485
100  14  29.5676
100  15  29.6304
100  16  29.678
100  17  29.7138
100  18  29.7406
100  19  29.7604
100  20  29.7748
100  21  29.785
100  22  29.7919
100  23  29.7962
100  24  29.7986
100  25  29.7994
101  1  26.6559
101  2  26.7235
101  3  26.9057
101  4  27.1888
101  5  27.5355
101  6  27.9001
101  7  28.2445
101  8  28.5459
101  9  28.7964
101  10  28.9974
101  11  29.1552
101  12  29.2774
101  13  29.3713
101  14  29.443
101  15  29.4975
101  16  29.5388
101  17  29.5699
101  18  29.5932
101  19  29.6103
101  20  29.6228
101  21  29.6317
101  22  29.6377
101  23  29.6415
101  24  29.6435
101  25  29.6442
102  1  26.9783
102  2  27.0347
102  3  27.1869
102  4  27.4233
102  5  27.713
102  6  28.0178
102  7  28.3058
102  8  28.558
102  9  28.7675
102  10  28.9358
102  11  29.0679
102  12  29.1703
102  13  29.2489
102  14  29.3089
102  15  29.3546
102  16  29.3892
102  17  29.4153
102  18  29.4348
102  19  29.4492
102  20  29.4596
102  21  29.467
102  22  29.4721
102  23  29.4752
102  24  29.4769
102  25  29.4775
103  1  27.2807
103  2  27.3267
103  3  27.4506
103  4  27.6432
103  5  27.8792
103  6  28.1276
103  7  28.3624
103  8  28.5681
103  9  28.7391
103  10  28.8764
103  11  28.9842
103  12  29.0678
103  13  29.132
103  14  29.181
103  15  29.2183
103  16  29.2465
103  17  29.2678
103  18  29.2837
103  19  29.2955
103  20  29.304
103  21  29.3101
103  22  29.3142
103  23  29.3168
103  24  29.3182
103  25  29.3187
104  1  27.5654
104  2  27.6015
104  3  27.6987
104  4  27.8499
104  5  28.0353
104  6  28.2305
104  7  28.415
104  8  28.5767
104  9  28.7111
104  10  28.8191
104  11  28.9039
104  12  28.9696
104  13  29.0201
104  14  29.0587
104  15  29.0881
104  16  29.1103
104  17  29.127
104  18  29.1395
104  19  29.1488
104  20  29.1555
104  21  29.1603
104  22  29.1635
104  23  29.1656
104  24  29.1667
104  25  29.167
105  1  27.8631
105  2  27.8888
105  3  27.9582
105  4  28.066
105  5  28.1982
105  6  28.3375
105  7  28.4692
105  8  28.5846
105  9  28.6806
105  10  28.7577
105  11  28.8183
105  12  28.8653
105  13  28.9013
105  14  28.9289
105  15  28.9499
105  16  28.9657
105  17  28.9777
105  18  28.9867
105  19  28.9933
105  20  28.9981
105  21  29.0015
105  22  29.0038
105  23  29.0053
105  24  29.006
105  25  29.0063
106  1  28.1519
106  2  28.1675
106  3  28.2097
106  4  28.2754
106  5  28.3559
106  6  28.4407
106  7  28.5209
106  8  28.5913
106  9  28.6498
106  10  28.6968
106  11  28.7338
106  12  28.7624
106  13  28.7844
106  14  28.8012
106  15  28.814
106  16  28.8237
106  17  28.831
106  18  28.8364
106  19  28.8405
106  20  28.8434
106  21  28.8455
106  22  28.8469
106  23  28.8478
106  24  28.8483
106  25  28.8484
107  1  28.4543
107  2  28.4594
107  3  28.4731
107  4  28.4944
107  5  28.5206
107  6  28.5482
107  7  28.5744
107  8  28.5973
107  9  28.6163
107  10  28.6316
107  11  28.6437
107  12  28.653
107  13  28.6602
107  14  28.6657
107  15  28.6698
107  16  28.673
107  17  28.6754
107  18  28.6771
107  19  28.6785
107  20  28.6794
107  21  28.6801
107  22  28.6805
107  23  28.6808
107  24  28.681
107  25  28.681
108  1  28.7561
108  2  28.7507
108  3  28.7359
108  4  28.713
108  5  28.6848
108  6  28.6551
108  7  28.6271
108  8  28.6024
108  9  28.5819
108  10  28.5655
108  11  28.5525
108  12  28.5425
108  13  28.5348
108  14  28.5289
108  15  28.5244
108  16  28.521
108  17  28.5184
108  18  28.5165
108  19  28.5151
108  20  28.5141
108  21  28.5133
108  22  28.5128
108  23  28.5125
108  24  28.5124
108  25  28.5123
109  1  29.0614
109  2  29.0453
109  3  29.0016
109  4  28.9337
109  5  28.8503
109  6  28.7624
109  7  28.6791
109  8  28.6061
109  9  28.5454
109  10  28.4965
109  11  28.4581
109  12  28.4283
109  13  28.4054
109  14  28.388
109  15  28.3747
109  16  28.3646
109  17  28.357
109  18  28.3513
109  19  28.3471
109  20  28.3441
109  21  28.3419
109  22  28.3404
109  23  28.3395
109  24  28.339
109  25  28.3388
110  1  29.3525
110  2  29.3261
110  3  29.2549
110  4  29.1441
110  5  29.008
110  6  28.8645
110  7  28.7287
110  8  28.6095
110  9  28.5103
110  10  28.4305
110  11  28.3678
110  12  28.3192
110  13  28.2818
110  14  28.2532
110  15  28.2315
110  16  28.2151
110  17  28.2026
110  18  28.1934
110  19  28.1865
110  20  28.1815
110  21  28.178
110  22  28.1756
110  23  28.1741
110  24  28.1733
110  25  28.173
111  1  29.6516
111  2  29.6146
111  3  29.515
111  4  29.36
111  5  29.1696
111  6  28.9688
111  7  28.7786
111  8  28.6118
111  9  28.4728
111  10  28.3611
111  11  28.2733
111  12  28.2052
111  13  28.1528
111  14  28.1128
111  15  28.0824
111  16  28.0593
111  17  28.042
111  18  28.029
111  19  28.0194
111  20  28.0124
111  21  28.0074
111  22  28.0041
111  23  28.002
111  24  28.0008
111  25  28.0004
112  1  29.9698
112  2  29.9217
112  3  29.7917
112  4  29.5895
112  5  29.3412
112  6  29.0792
112  7  28.8311
112  8  28.6133
112  9  28.432
112  10  28.2861
112  11  28.1715
112  12  28.0826
112  13  28.0142
112  14  27.962
112  15  27.9222
112  16  27.8921
112  17  27.8694
112  18  27.8524
112  19  27.8399
112  20  27.8308
112  21  27.8243
112  22  27.8199
112  23  27.8172
112  24  27.8157
112  25  27.8152
113  1  30.2518
113  2  30.1937
113  3  30.0368
113  4  29.7927
113  5  29.4928
113  6  29.1764
113  7  28.8767
113  8  28.6136
113  9  28.3945
113  10  28.2183
113  11  28.0797
113  12  27.9723
113  13  27.8897
113  14  27.8266
113  15  27.7785
113  16  27.7421
113  17  27.7147
113  18  27.6942
113  19  27.679
113  20  27.668
113  21  27.6602
113  22  27.6549
113  23  27.6516
113  24  27.6498
113  25  27.6492
114  1  30.5484
114  2  30.4798
114  3  30.2946
114  4  30.0063
114  5  29.6522
114  6  29.2785
114  7  28.9245
114  8  28.6137
114  9  28.3548
114  10  28.1466
114  11  27.9829
114  12  27.8559
114  13  27.7583
114  14  27.6837
114  15  27.6269
114  16  27.5839
114  17  27.5515
114  18  27.5272
114  19  27.5093
114  20  27.4963
114  21  27.487
114  22  27.4808
114  23  27.4768
114  24  27.4747
114  25  27.474
115  1  30.8568
115  2  30.7772
115  3  30.5625
115  4  30.2282
115  5  29.8176
115  6  29.3842
115  7  28.9736
115  8  28.6131
115  9  28.3128
115  10  28.0712
115  11  27.8812
115  12  27.7339
115  13  27.6206
115  14  27.534
115  15  27.4681
115  16  27.4182
115  17  27.3806
115  18  27.3525
115  19  27.3317
115  20  27.3166
115  21  27.3059
115  22  27.2986
115  23  27.294
115  24  27.2915
115  25  27.2907
116  1  31.178
116  2  31.0871
116  3  30.8415
116  4  30.4593
116  5  29.9897
116  6  29.494
116  7  29.0243
116  8  28.6118
116  9  28.2682
116  10  27.9918
116  11  27.7744
116  12  27.6058
116  13  27.4761
116  14  27.3771
116  15  27.3017
116  16  27.2445
116  17  27.2015
116  18  27.1693
116  19  27.1455
116  20  27.1282
116  21  27.1159
116  22  27.1076
116  23  27.1024
116  24  27.0995
116  25  27.0985
117  1  31.463
117  2  31.3619
117  3  31.089
117  4  30.6642
117  5  30.1421
117  6  29.591
117  7  29.0688
117  8  28.6102
117  9  28.2281
117  10  27.9207
117  11  27.6789
117  12  27.4914
117  13  27.3472
117  14  27.237
117  15  27.1532
117  16  27.0896
117  17  27.0417
117  18  27.0059
117  19  26.9794
117  20  26.9602
117  21  26.9466
117  22  26.9373
117  23  26.9315
117  24  26.9283
117  25  26.9273
118  1  31.7677
118  2  31.6557
118  3  31.3536
118  4  30.8831
118  5  30.3049
118  6  29.6945
118  7  29.116
118  8  28.608
118  9  28.1846
118  10  27.8441
118  11  27.5762
118  12  27.3684
118  13  27.2086
118  14  27.0865
118  15  26.9936
118  16  26.9232
118  17  26.8701
118  18  26.8304
118  19  26.8011
118  20  26.7798
118  21  26.7647
118  22  26.7544
118  23  26.7479
118  24  26.7444
118  25  26.7432
119  1  32.0795
119  2  31.9564
119  3  31.6242
119  4  31.107
119  5  30.4712
119  6  29.8001
119  7  29.164
119  8  28.6052
119  9  28.1397
119  10  27.7651
119  11  27.4704
119  12  27.2418
119  13  27.0661
119  14  26.9318
119  15  26.8296
119  16  26.7521
119  17  26.6937
119  18  26.6501
119  19  26.6178
119  20  26.5943
119  21  26.5777
119  22  26.5665
119  23  26.5593
119  24  26.5555
119  25  26.5542
120  1  32.3758
120  2  32.2421
120  3  31.8814
120  4  31.3196
120  5  30.6292
120  6  29.9002
120  7  29.2092
120  8  28.6022
120  9  28.0964
120  10  27.6895
120  11  27.3693
120  12  27.121
120  13  26.9301
120  14  26.7841
120  15  26.673
120  16  26.5889
120  17  26.5255
120  18  26.478
120  19  26.4429
120  20  26.4175
120  21  26.3994
120  22  26.3872
120  23  26.3794
120  24  26.3752
120  25  26.3738
121  1  32.6903
121  2  32.5454
121  3  32.1542
121  4  31.5451
121  5  30.7963
121  6  30.0057
121  7  29.2562
121  8  28.5979
121  9  28.0493
121  10  27.6078
121  11  27.2605
121  12  26.9911
121  13  26.784
121  14  26.6257
121  15  26.5052
121  16  26.4139
121  17  26.345
121  18  26.2936
121  19  26.2555
121  20  26.2279
121  21  26.2083
121  22  26.195
121  23  26.1866
121  24  26.1821
121  25  26.1805
122  1  33.0135
122  2  32.8571
122  3  32.4349
122  4  31.7773
122  5  30.969
122  6  30.1155
122  7  29.3063
122  8  28.5954
122  9  28.003
122  10  27.5263
122  11  27.1513
122  12  26.8604
122  13  26.6367
122  14  26.4657
122  15  26.3356
122  16  26.237
122  17  26.1626
122  18  26.1071
122  19  26.066
122  20  26.0361
122  21  26.015
122  22  26.0006
122  23  25.9916
122  24  25.9866
122  25  25.985
123  1  33.3473
123  2  33.1789
123  3  32.7244
123  4  32.0165
123  5  31.1464
123  6  30.2275
123  7  29.3563
123  8  28.591
123  9  27.9531
123  10  27.4398
123  11  27.0359
123  12  26.7227
123  13  26.4818
123  14  26.2977
123  15  26.1575
123  16  26.0513
123  17  25.9713
123  18  25.9115
123  19  25.8672
123  20  25.8351
123  21  25.8123
123  22  25.7968
123  23  25.7871
123  24  25.7818
123  25  25.78
124  1  33.6883
124  2  33.5077
124  3  33.0202
124  4  32.261
124  5  31.3275
124  6  30.3418
124  7  29.4072
124  8  28.5861
124  9  27.9017
124  10  27.351
124  11  26.9176
124  12  26.5815
124  13  26.3231
124  14  26.1255
124  15  25.9751
124  16  25.8612
124  17  25.7753
124  18  25.7111
124  19  25.6636
124  20  25.6291
124  21  25.6046
124  22  25.588
124  23  25.5776
124  24  25.5719
124  25  25.57
125  1  34.061
125  2  33.8671
125  3  33.3434
125  4  32.5279
125  5  31.5253
125  6  30.4665
125  7  29.4625
125  8  28.5804
125  9  27.8452
125  10  27.2535
125  11  26.7879
125  12  26.4268
125  13  26.1491
125  14  25.9368
125  15  25.7753
125  16  25.6528
125  17  25.5606
125  18  25.4916
125  19  25.4405
125  20  25.4035
125  21  25.3772
125  22  25.3594
125  23  25.3481
125  24  25.342
125  25  25.34
126  1  34.4631
126  2  34.2547
126  3  33.6921
126  4  32.8159
126  5  31.7385
126  6  30.6008
126  7  29.5219
126  8  28.5739
126  9  27.7838
126  10  27.1479
126  11  26.6476
126  12  26.2594
126  13  25.961
126  14  25.7328
126  15  25.5592
126  16  25.4276
126  17  25.3284
126  18  25.2543
126  19  25.1994
126  20  25.1596
126  21  25.1314
126  22  25.1122
126  23  25.1001
126  24  25.0936
126  25  25.0913
127  1  34.8884
127  2  34.6647
127  3  34.0609
127  4  33.1204
127  5  31.964
127  6  30.7427
127  7  29.5844
127  8  28.5668
127  9  27.7185
127  10  27.0358
127  11  26.4987
127  12  26.082
127  13  25.7615
127  14  25.5166
127  15  25.3301
127  16  25.1888
127  17  25.0824
127  18  25.0027
127  19  24.9439
127  20  24.9011
127  21  24.8708
127  22  24.8502
127  23  24.8372
127  24  24.8302
127  25  24.8278
128  1  35.4116
128  2  35.1691
128  3  34.5144
128  4  33.4948
128  5  32.2411
128  6  30.9169
128  7  29.6611
128  8  28.5576
128  9  27.6378
128  10  26.8976
128  11  26.3151
128  12  25.8632
128  13  25.5157
128  14  25.25
128  15  25.0478
128  16  24.8946
128  17  24.7792
128  18  24.6928
128  19  24.6289
128  20  24.5825
128  21  24.5497
128  22  24.5274
128  23  24.5133
128  24  24.5057
128  25  24.5031
129  1  36.1164
129  2  35.8485
129  3  35.1254
129  4  33.9991
129  5  32.6141
129  6  31.1513
129  7  29.7639
129  8  28.5448
129  9  27.5285
129  10  26.7106
129  11  26.067
129  12  25.5677
129  13  25.1837
129  14  24.8902
129  15  24.6668
129  16  24.4975
129  17  24.3699
129  18  24.2745
129  19  24.2039
129  20  24.1526
129  21  24.1163
129  22  24.0917
129  23  24.0761
129  24  24.0677
129  25  24.0648
130  1  40.2618
130  2  39.8441
130  3  38.7163
130  4  36.9596
130  5  34.7993
130  6  32.5173
130  7  30.3527
130  8  28.4505
130  9  26.8647
130  10  25.5882
130  11  24.5837
130  12  23.8044
130  13  23.2051
130  14  22.7469
130  15  22.3982
130  16  22.134
130  17  21.9348
130  18  21.7858
130  19  21.6757
130  20  21.5957
130  21  21.539
130  22  21.5005
130  23  21.4762
130  24  21.4631
130  25  21.4586
