1 1 1.9275666699229963
1 2 1.8867265743857502
1 3 1.7670313857241158
1 4 1.547476911763088
1 5 1.2023063512545225
1 6 0.7002643327803775
1 7 0.003985514083173634
1 8 -0.9302531623102946
1 9 -2.152044816158026
1 10 -3.7150782321544265
1 11 -5.673348029300938
1 12 -8.074549174107846
1 13 -10.950087200421933
1 14 -14.301946197447817
1 15 -18.08825930210544
1 16 -22.211632942474765
1 17 -26.51608204041123
1 18 -30.79803688562738
1 19 -34.83281027238443
1 20 -38.41100208103841
1 21 -41.37348043183491
1 22 -43.63326291495767
1 23 -45.17858334802087
1 24 -46.05962915526871
1 25 -46.36672806316738
2 1 6.456274581721244
2 2 6.418444536910446
2 3 6.307377307629239
2 4 6.102934956343665
2 5 5.779651310489612
2 6 5.30531982885034
2 7 4.639257267673359
2 8 3.730229244634063
2 9 2.5140903881848495
2 10 0.9113321464673428
2 11 -1.175000123781326
2 12 -3.8600858543967917
2 13 -7.275108564627192
2 14 -11.559274732085019
2 15 -16.84216574508806
2 16 -23.2121097842292
2 17 -30.668410468509602
2 18 -39.062615550960096
2 19 -48.047792678378705
2 20 -57.06964725090829
2 21 -65.43346645095271
2 22 -72.44963763948303
2 23 -77.60673470637744
2 24 -80.68976363498605
2 25 -81.78998862288438
3 1 9.365061466072245
3 2 9.34079936401419
3 3 9.269534940771205
3 4 9.13822914096941
3 5 8.930253730281176
3 6 8.624344247118453
3 7 8.193245548225388
3 8 7.601975981858964
3 9 6.805640119498122
3 10 5.746753285967452
3 11 4.352138798399815
3 12 2.5296860984949925
3 13 0.16572729557282057
3 14 -2.875329095868458
3 15 -6.745984333585033
3 16 -11.60002321539692
3 17 -17.559000502705793
3 18 -24.65406460544684
3 19 -32.74461608219899
3 20 -41.43715967636477
3 21 -50.0589335958295
3 22 -57.75165574172862
3 23 -63.6969618402275
3 24 -67.37657788246946
3 25 -68.71325805285665
4 1 10.801701193624956
4 2 10.791571453808643
4 3 10.761832787639122
4 4 10.707073561629535
4 5 10.620426329695244
4 6 10.493165662955844
4 7 10.31420243874547
4 8 10.069460230781123
4 9 9.741131310808825
4 10 9.306839140303367
4 11 8.738796483701142
4 12 8.003168072375441
4 13 7.060058172809549
4 14 5.864879262670434
4 15 4.37230913099939
4 16 2.544456728408637
4 17 0.3647535556282821
4 18 -2.14248578630193
4 19 -4.891022490891041
4 20 -7.7206725290421465
4 21 -10.408835040444144
4 22 -12.713700516736044
4 23 -14.437689581155087
4 24 -15.48064909686212
4 25 -15.855062954667531
5 1 11.940593658563218
5 2 11.950160354957497
5 3 11.978248413625252
5 4 12.029886633969216
5 5 12.111357469244155
5 6 12.23047840538249
5 7 12.396915170095374
5 8 12.622501451526588
5 9 12.921510247762008
5 10 13.310773029774507
5 11 13.80946851395719
5 12 14.438302942007905
5 13 15.217697269877927
5 14 16.164544289933843
5 15 17.2872291193967
5 16 18.57911283780975
5 17 20.011711932176212
5 18 21.530191843274967
5 19 23.05469328310371
5 20 24.49005045791745
5 21 25.742923898789826
5 22 26.74082305601121
5 23 27.445466936597736
5 24 27.85561978194616
5 25 28.000043680512228
6 1 12.654704664597784
6 2 12.688374236080495
6 3 12.787054495439952
6 4 12.967905802970858
6 5 13.251783288175437
6 6 13.663685504103011
6 7 14.233002364930364
6 8 14.993344442183949
6 9 15.981627567690698
6 10 17.235973751701536
6 11 18.79192434482975
6 12 20.67654801724434
6 13 22.900418408386866
6 14 25.44827812629317
6 15 28.27046931965252
6 16 31.27846309956381
6 17 34.348131368192
6 18 37.33276856577989
6 19 40.08421091274957
6 20 42.47636537082308
6 21 44.42371492888024
6 22 45.88939350386398
6 23 46.881988797449665
6 24 47.44440991833729
6 25 47.639831288912035
7 1 12.943094353622403
7 2 13.001519387297707
7 3 13.17244804054766
7 4 13.484557119378795
7 5 13.971489424954253
7 6 14.671631184218324
7 7 15.627092565691996
7 8 16.881468478847246
7 9 18.47592473322084
7 10 20.44327606997515
7 11 22.80011874062478
7 12 25.537840269110923
7 13 28.614382652343068
7 14 31.94960348298527
7 15 35.42726182417649
7 16 38.90536565700762
7 17 42.23384662384474
7 18 45.27540880004781
7 19 47.92374558816809
7 20 50.11428463446894
7 21 51.82566708517472
7 22 53.07347802483039
7 23 53.899671482210515
7 24 54.36123148445532
7 25 54.520509694569114
8 1 12.94251400706521
8 2 13.026725748226836
8 3 13.272606673612168
8 4 13.71971601160251
8 5 14.412510642785728
8 6 15.39862494762782
8 7 16.72560067086353
8 8 18.4356702200077
8 9 20.55849085813381
8 10 23.102348604966082
8 11 26.045284441828603
8 12 29.32858133675301
8 13 32.85552865154233
8 14 36.49769294857981
8 15 40.10882639086782
8 16 43.54370028344572
8 17 46.677017249099976
8 18 49.417436602096004
8 19 51.713752225351904
8 20 53.55319207400892
8 21 54.95411466039412
8 22 55.95622528978012
8 23 56.610979960691026
8 24 56.97377534680089
8 25 57.098478221632234
9 1 12.802697405248322
9 2 12.906346127049199
9 3 13.20850976665046
9 4 13.756184724627172
9 5 14.600302600180312
9 6 15.792462006565513
9 7 17.379617202740363
9 8 19.396598491336192
9 9 21.856984042231243
9 10 24.743809005687577
9 11 28.002610153323758
9 12 31.539785071732076
9 13 35.22853400550453
9 14 38.92252922068909
9 15 42.47461704568863
9 16 45.755754946026194
9 17 48.6692801681334
9 18 51.15756545837122
9 19 53.20095933322061
9 20 54.8111467317652
9 21 56.021911078719306
9 22 56.87988026944554
9 23 57.43684325154735
9 24 57.74423302731507
9 25 57.84969150917445
10 1 12.663062685995033
10 2 12.779395972541657
10 3 13.118190614526004
10 4 13.730945285331945
10 5 14.67206600029784
10 6 15.994443571532832
10 7 17.74275279406142
10 8 19.94465082429739
10 9 22.600929088093455
10 10 25.676766583373116
10 11 29.097066713125738
10 12 32.74873221624343
10 13 36.49114535733869
10 14 40.17336557842497
10 15 43.65388588385751
10 16 46.81772398267525
10 17 49.586812927860194
10 18 51.922345438657736
10 19 53.82039058445659
10 20 55.303573718441854
10 21 56.411678867626826
10 22 57.19321246218169
10 23 57.69892784393075
10 24 57.97748709565258
10 25 58.07296515063064
11 1 12.559401892737315
11 2 12.683689127111762
11 3 13.045413888305273
11 4 13.69875880634402
11 5 14.700015896465745
11 6 16.102395800165493
11 7 17.94845777805326
11 8 20.260575664721134
11 9 23.030864883347522
11 10 26.213111992628168
11 11 29.71987495266336
11 12 33.427335904447176
11 13 37.18838351619533
11 14 40.85143010771715
11 15 44.28013064464776
11 16 47.3688472019004
11 17 50.05056974066789
11 18 52.29690162658393
11 19 54.11209718087283
11 20 55.52412452774164
11 21 56.57541734325344
11 22 57.31501260221308
11 23 57.79276917718606
11 24 58.05565307782757
11 25 58.14571345601964
12 1 12.474044084776951
12 2 12.604324995398425
12 3 12.98330867330195
12 4 13.667130306293323
12 5 14.713357782282447
12 6 16.175203878871326
12 7 18.09330988572801
12 8 20.485717804416574
12 9 23.33774748833955
12 10 26.594595534507494
12 11 30.15989676997023
12 12 33.90253206942058
12 13 37.6715083174965
12 14 41.31569850324311
12 15 44.7032353189891
12 16 47.735595305233765
12 17 50.35370224735498
12 18 52.53632295366937
12 19 54.2931383060028
12 20 55.65551149942633
12 21 56.66743544711965
12 22 57.378110573438825
12 23 57.836649454721325
12 24 58.088779681988974
12 25 58.17512681556566
13 1 12.410518617587439
13 2 12.545018926983335
13 3 12.936142202624875
13 4 13.64136251203756
13 5 14.719072380016081
13 6 16.22236679781272
13 7 18.190378676572493
13 8 20.637936033625234
13 9 23.545466212550174
13 10 26.852143595195017
13 11 30.45553633786027
13 12 34.219781918791696
13 13 37.991639333786146
13 14 41.62073144412253
13 15 44.97857700268711
13 16 47.97164812284046
13 17 50.546231903757146
13 18 52.68580317756407
13 19 54.403517997230104
13 20 55.73284695951265
13 21 56.718691645967276
13 22 57.41027066785837
13 23 57.85614707876174
13 24 58.10120081372017
13 25 58.18510591410317
14 1 12.357536311047003
14 2 12.495427307196449
14 3 12.896299795417352
14 4 13.618682576984643
14 5 14.721587435664679
14 6 16.257944998132892
14 7 18.265585162197397
14 8 20.756661646740824
14 9 23.707615201141984
14 10 27.05280649545526
14 11 30.685063772706812
14 12 34.46494643046932
14 13 38.23768055242638
14 14 41.85372004529121
14 15 45.18741775226067
14 16 48.14923453336197
14 17 50.689630487569005
14 18 52.795671837693945
14 19 54.48311646263008
14 20 55.78697619534992
14 21 56.7527836463999
14 22 57.42972328596614
14 23 57.86590673714382
14 24 58.105548291657776
14 25 58.18758647877544
15 1 12.312624362770096
15 2 12.453310475982532
15 3 12.862215667604058
15 4 13.598724109567025
15 5 14.722329304371677
15 6 16.285780547798304
15 7 18.325774614503928
15 8 20.85220272680245
15 9 23.83818724368292
15 10 27.2141428395344
15 11 30.869083620869386
15 12 34.6607734765966
15 13 38.43334945576476
15 14 42.038090912155546
15 15 45.35175038334072
15 16 48.28805198842825
15 17 50.80080305852287
15 18 52.879906417294954
15 19 54.543144586048285
15 20 55.82670582903453
15 21 56.77658286418472
15 22 57.44190345474536
15 23 57.870402467028846
15 24 58.10575623688173
15 25 58.186315842819646
16 1 12.27314800120627
16 2 12.416237480994775
16 3 12.832046617992777
16 4 13.580684937920307
16 5 14.722039552226938
16 6 16.308671237442127
16 7 18.37626096195285
16 8 20.932714661103862
16 9 23.948280972091034
16 10 27.35000037930463
16 11 31.02367603123673
16 12 34.82477774127152
16 13 38.596627229631515
16 14 42.191307844944774
16 15 45.48767457014736
16 16 48.40223551115264
16 17 50.89160883802516
16 18 52.94804967958905
16 19 54.59099897271301
16 20 55.85759294047411
16 21 56.79417996946671
16 22 57.449820615002736
16 23 57.8719234711339
16 24 58.103710243818945
16 25 58.18304013964693
17 1 12.24156925765771
17 2 12.386548397732025
17 3 12.807783902277377
17 4 13.565949062529993
17 5 14.721227199255955
17 6 16.326009971946
17 7 18.41515331536151
17 8 20.99497734955606
17 9 24.033459372353125
17 10 27.455000421983467
17 11 31.142924106471888
17 12 34.95096668818444
17 13 38.72188473041122
17 14 42.30845122800096
17 15 45.59119624881831
17 16 48.488800739862036
17 17 50.96004927245134
17 18 52.998991715689925
17 19 54.62632165727534
17 20 55.87988158807777
17 21 56.80627532026605
17 22 57.45449965907384
17 23 57.871705643082485
17 24 58.10076272449651
17 25 58.179151762330115
18 1 12.211482864094846
18 2 12.358237137712042
18 3 12.784568616021668
18 4 13.551674958161206
18 5 14.72000717367443
18 6 16.34178148917503
18 7 18.451058079876518
18 8 21.052648106970786
18 9 24.112386603813583
18 10 27.55220685276948
18 11 31.253139668838063
18 12 35.06734837524314
18 13 38.83711765403318
18 14 42.41591202354585
18 15 45.685850621239005
18 16 48.56764150641164
18 17 51.02206946105083
18 18 53.04482745956851
18 19 54.657746188755866
18 20 55.89930171807479
18 21 56.81631948923379
18 22 57.45772835515185
18 23 57.870436889303036
18 24 58.09698783407192
18 25 58.17451321491618
19 1 12.185959096686258
19 2 12.334201168811582
19 3 12.76480262257218
19 4 13.539396718665483
19 5 14.718650984735799
19 6 16.354622368694212
19 7 18.480688876703876
19 8 21.100383021573546
19 9 24.177738496162508
19 10 27.63262954394063
19 11 31.34419269045068
19 12 35.16331389290121
19 13 38.931925223650616
19 14 42.50410188853018
19 15 45.76330515638506
19 16 48.63193094475616
19 17 51.07241454315898
19 18 53.081794755905214
19 19 54.68282665576711
19 20 55.914495912109594
19 21 56.82380071896739
19 22 57.459607361235435
19 23 57.86862098116226
19 24 58.09311363382483
19 25 58.169929797414056
20 1 12.165063483590103
20 2 12.314511820983816
20 3 12.7485744962826
20 4 13.529235348597718
20 5 14.717332230036071
20 6 16.364784823236878
20 7 18.504408009455585
20 8 21.138688522675167
20 9 24.23019599306521
20 10 27.6971417478212
20 11 31.417144880702356
20 12 35.240082830596606
20 13 39.007629831156144
20 14 42.5743761926128
20 15 45.82487751188712
20 16 48.68289037297384
20 17 51.11217096387026
20 18 53.11082867910508
20 19 54.702349396249716
20 20 55.92611810338033
20 21 56.829264721626146
20 22 57.46060127077772
20 23 57.866667908088644
20 24 58.08951932662656
20 25 58.165770044509564
21 1 12.145445469932591
21 2 12.296017104560134
21 3 12.733302328800796
21 4 13.519609362973787
21 5 14.715930481598582
21 6 16.374051046702522
21 7 18.52625356001526
21 8 21.174043755491894
21 9 24.27862522804314
21 10 27.756666186086832
21 11 31.484387527058665
21 12 35.31074918344357
21 13 39.07720741687148
21 14 42.63884773367237
21 15 45.88124928286686
21 16 48.729429222245756
21 17 51.14835992664832
21 18 53.13713144727918
21 19 54.719895524239334
21 20 55.93639817249069
21 21 56.83388551141029
21 22 57.461116325716105
21 23 57.86447715685115
21 24 58.08582198021184
21 25 58.16155369147866
22 1 12.128008421297912
22 2 12.27957126246479
22 3 12.719699604813087
22 4 13.51098623988502
22 5 14.714556364913724
22 6 16.382071645671626
22 7 18.54533847910965
22 8 21.204991343546798
22 9 24.321026440308117
22 10 27.80875478717017
22 11 31.543175434162958
22 12 35.37245589044944
22 13 39.137877491930425
22 14 42.694974757114416
22 15 45.930233307306345
22 16 48.769777285809404
22 17 51.17964118747745
22 18 53.15976753468701
22 19 54.73488411350495
22 20 55.9450470617941
22 21 56.83760001617064
22 22 57.4612527190647
22 23 57.86225621705976
22 24 58.08228872663351
22 25 58.15756840020145
23 1 12.110881702796712
23 2 12.263411728121998
23 3 12.706313846492009
23 4 13.502457022178534
23 5 14.713093145088202
23 6 16.389758537095304
23 7 18.563789366377858
23 8 21.23496499266797
23 9 24.36210180547301
23 10 27.8591906676129
23 11 31.600049195508095
23 12 35.432087093058804
23 13 39.19643048810406
23 14 42.74906260071121
23 15 45.97735626416758
23 16 48.808510825204266
23 17 51.209587211892554
23 18 53.18134828296163
23 19 54.74907369865773
23 20 55.9531147480208
23 21 56.84090582081437
23 22 57.46110701610406
23 23 57.859837252650486
23 24 58.078604471766205
23 25 58.15344834126231
24 1 12.0946830363272
24 2 12.248122199951334
24 3 12.693631231663117
24 4 13.49433734413365
24 5 14.711608815831875
24 6 16.396859986458715
24 7 18.580979963949666
24 8 21.26293990469247
24 9 24.40044577991483
24 10 27.906251343087305
24 11 31.653073421532742
24 12 35.48762317028761
24 13 39.25089454775199
24 14 42.79930180742703
24 15 46.02105397852888
24 16 48.844356530898125
24 17 51.237226305679876
24 18 53.201187059980576
24 19 54.76202817338742
24 20 55.960371805953855
24 21 56.843733799306165
24 22 57.460726040370176
24 23 57.8573433501305
24 24 58.074934714806794
24 25 58.14937361634112
25 1 12.079784131707093
25 2 12.234054789809761
25 3 12.681947761143945
25 4 13.486825308412532
25 5 14.710159874415012
25 6 16.403250722400387
25 7 18.596573831640228
25 8 21.288357503554757
25 9 24.43529100455397
25 10 27.948999936061952
25 11 31.70120262006656
25 12 35.537982925430896
25 13 39.30022540128443
25 14 42.84474617570242
25 15 46.06052078911192
25 16 48.876670977443176
25 17 51.26208032223087
25 18 53.2189599394211
25 19 54.77355785888028
25 20 55.966738522856694
25 21 56.84608908268752
25 22 57.460176066482276
25 23 57.85488090045832
25 24 58.07140812370292
25 25 58.14548055782649
26 1 12.065395827785824
26 2 12.22046533009157
26 3 12.670648331181619
26 4 13.47953188742945
26 5 14.708686466303917
26 6 16.4092976283663
26 7 18.611440654630965
26 8 21.31262690603323
26 9 24.46856792421841
26 10 27.989808484326677
26 11 31.74711506026629
26 12 35.58597923611708
26 13 39.347190627714525
26 14 42.887958174343574
26 15 46.09799525180055
26 16 48.90730029162468
26 17 51.28558283083
26 18 53.23570674079852
26 19 54.784354015736625
26 20 55.97261705320766
26 21 56.84814871702229
26 22 57.45947086040479
26 23 57.85235607732273
26 24 58.067870969432
26 25 58.141594801597456
27 1 12.051685943196171
27 2 12.207512922708617
27 3 12.659867096652388
27 4 13.47254774675098
27 5 14.707216439110253
27 6 16.41494808588067
27 7 18.625434613855578
27 8 21.335504666567612
27 9 24.499941892316947
27 10 28.028268993312228
27 11 31.79035663117129
27 12 35.631144100241805
27 13 39.39134009206059
27 14 42.9285319539824
27 15 46.13313386643703
27 16 48.93597226301917
27 17 51.307533780548226
27 18 53.25129442591188
27 19 54.794341731514045
27 20 55.97797996919917
27 21 56.84992183849417
27 22 57.458645871457755
27 23 57.84982157781897
27 24 58.06438552149193
27 25 58.13778190966532
28 1 12.037801224664168
28 2 12.194391750348645
28 3 12.648934226075605
28 4 13.46544094688355
28 5 14.705663489812322
28 6 16.42056245295638
28 7 18.63944000793267
28 8 21.358433792938396
28 9 24.53139139351245
28 10 28.066808034677745
28 11 31.833658035897166
28 12 35.67633310306757
28 13 39.43546919766178
28 14 42.96904082294703
28 15 46.168169634963206
28 16 48.96451341691577
28 17 51.32933616268423
28 18 53.266724271974525
28 19 54.804168283177425
28 20 55.98318190197926
28 21 56.851535760047675
28 22 57.45766380685582
28 23 57.84713176443955
28 24 58.06074586110954
28 25 58.13381520433354
29 1 12.024680358575688
29 2 12.181989181993009
29 3 12.638590034622062
29 4 13.458694766586026
29 5 14.70413797022724
29 6 16.42577016784133
29 7 18.652523844038523
29 8 21.379884035101195
29 9 24.5608171071864
29 10 28.10285428551242
29 11 31.874132758663816
29 12 35.71853740581172
29 13 39.476643771381234
29 14 43.006795693470785
29 15 46.20078125664454
29 16 48.99103728123308
29 17 51.34955360397351
29 18 53.28098481395993
29 19 54.81319534776646
29 20 55.98789220651923
29 21 56.852898383819195
29 22 57.45660507739344
29 23 57.84448049446708
29 24 58.05720893194948
29 25 58.12997334872858
30 1 12.012841841548365
30 2 12.170796116570497
30 3 12.62924639424144
30 4 13.452583152551924
30 5 14.702714209541016
30 6 16.430389086362197
30 7 18.664205584975694
30 8 21.399060246147872
30 9 24.58712710068524
30 10 28.135073305917572
30 11 31.91028885603221
30 12 35.75621003437504
30 13 39.51336463468434
30 14 43.04043251936134
30 15 46.22980127363733
30 16 49.01460520466688
30 17 51.36748189471123
30 18 53.293591559687684
30 19 54.82113035123408
30 20 55.991975931063045
30 21 56.853996613217
30 22 57.455544529083205
30 23 57.84200036934729
30 24 58.0539394265902
30 25 58.126432079560324
31 1 12.001069342775088
31 2 12.159663033945394
31 3 12.619945255109528
31 4 13.446482799356662
31 5 14.701254749437775
31 6 16.434908627887108
31 7 18.675708377242643
31 8 21.417965631681646
31 9 24.61306907349837
31 10 28.166831918942176
31 11 31.945908657100002
31 12 35.79329750890193
31 13 39.5494849982032
31 14 43.0734876605808
31 15 46.258287531296965
31 16 49.03770748632743
31 17 51.3850226264326
31 18 53.305889497725786
31 19 54.82882893450849
31 20 55.99588487716675
31 21 56.8549689516983
31 22 57.45439399916654
31 23 57.839454120116
31 24 58.050617144877194
31 25 58.12284264259428
32 1 11.98946183634049
32 2 12.148683650465195
32 3 12.610765277789742
32 4 13.440446090735445
32 5 14.699773944053254
32 6 16.439294288210014
32 7 18.686940881965427
32 8 21.436448951358454
32 9 24.638435319523587
32 10 28.197876348998744
32 11 31.980708570174894
32 12 35.82950598680113
32 13 39.58472036606169
32 14 43.10570257275564
32 15 46.28601907772709
32 16 49.06016682374003
32 17 51.40204314513559
32 18 53.31778776323219
32 19 54.836236696618876
32 20 55.99959456734194
32 21 56.85581404092775
32 22 57.453168806935345
32 23 57.8368680156272
32 24 58.047274438544655
32 25 58.119239482798484
33 1 11.978390637082956
33 2 12.138209436402368
33 3 12.602001101370766
33 4 13.434668458159608
33 5 14.698323593163789
33 6 16.443413228673784
33 7 18.69755528023501
33 8 21.453935477207043
33 9 24.662436721084614
33 10 28.227241866685333
33 11 32.013609260878724
33 12 35.8637152999956
33 13 39.617983974607824
33 14 43.13608715101735
33 15 46.312147161852145
33 16 49.08129943503576
33 17 51.41802900963191
33 18 53.32893083239889
33 19 54.843137064106045
33 20 56.003002634360485
33 21 56.85651785385548
33 22 57.45191870553318
33 23 57.83433370716533
33 24 58.04402624282255
33 25 58.11574554915983
34 1 11.967057961153351
34 2 12.127485744825611
34 3 12.59302165088914
34 4 13.428734672658445
34 5 14.696801285794715
34 6 16.44756578290705
34 7 18.708321864409047
34 8 21.471693068603766
34 9 24.68681332085399
34 10 28.257057905878842
34 11 32.04699755560716
34 12 35.89840863988788
34 13 39.65169203792702
34 14 43.16685026727768
34 15 46.338573049491856
34 16 49.10264494041285
34 17 51.43414681272741
34 18 53.3401340080564
34 19 54.85003738897505
34 20 56.00636282919405
34 21 56.857137699760706
34 22 57.450559034602286
34 23 57.831673210166656
34 24 58.04064268948912
34 25 58.1121131129856
35 1 11.955358046318917
35 2 12.116412360571458
35 3 12.583742586800746
35 4 13.422588071074175
35 5 14.69519034146128
35 6 16.451786506240037
35 7 18.719334589394784
35 8 21.48987802210308
35 9 24.71177987956722
35 10 28.287586615928447
35 11 32.08116596096452
35 12 35.933888573620536
35 13 39.686137003561164
35 14 43.198257252774816
35 15 46.3655231063708
35 16 49.12438462681627
35 17 51.45053182073293
35 18 53.35148952947675
35 19 54.85699238843628
35 20 56.009699086497015
35 21 56.85767373388282
35 22 57.44907279654446
35 23 57.82885826574266
35 24 58.03708926364328
35 25 58.108305506565465
36 1 11.944994477143569
36 2 12.106601937225
36 3 12.575516168481306
36 4 13.417126409689093
36 5 14.693730619062327
36 6 16.45546975998038
36 7 18.729003720974003
36 8 21.505862342021803
36 9 24.733727909145987
36 10 28.314416833130842
36 11 32.11117991109921
36 12 35.96503450873109
36 13 39.71635153791177
36 14 43.22578298821439
36 15 46.38911853541391
36 16 49.14339382741693
36 17 51.46483341101021
36 18 53.36137315735459
36 19 54.8630129471184
36 20 56.01254432518115
36 21 56.85806268705535
36 22 57.447688274873606
36 23 57.82630868610328
36 24 58.03389221650055
36 25 58.104885614996604
37 1 11.933241777811242
37 2 12.095474491628732
37 3 12.56617905060822
37 4 13.410913554674718
37 5 14.692038618561986
37 6 16.45958482278004
37 7 18.73987306185482
37 8 21.52385103605672
37 9 24.758431260559625
37 10 28.344606879214936
37 11 32.14493553980842
37 12 36.00004075859762
37 13 39.75028537065998
37 14 43.25667027119925
37 15 46.41556850423636
37 16 49.16467540099267
37 17 51.4808160801248
37 18 53.37238712988874
37 19 54.869684963290446
37 20 56.01564900636781
37 21 56.85840874160412
37 22 57.446043017573764
37 23 57.82335546568072
37 24 58.03021217719939
37 25 58.100955431059504
38 1 11.921560377223788
38 2 12.084412445839165
38 3 12.556890266487198
38 4 13.40471860998046
38 5 14.690318976887246
38 6 16.463610829166242
38 7 18.750577192230423
38 8 21.54158746795426
38 9 24.782791441639606
38 10 28.374368808980098
38 11 32.178195005692096
38 12 36.03450913561673
38 13 39.783671290431
38 14 43.287031088515164
38 15 46.44153963195562
38 16 49.18554335621039
38 17 51.4964584822176
38 18 53.38313392819581
38 19 54.87615643803223
38 20 56.01860955695998
38 21 56.85865522033146
38 22 57.44433081816926
38 23 57.82035694386307
38 24 58.026498930519715
38 25 58.09699621322589
39 1 11.910259925176721
39 2 12.073709188769463
39 3 12.547896660751412
39 4 13.398707257494616
39 5 14.688620077684465
39 6 16.467445771575786
39 7 18.76083964200403
39 8 21.558611946458647
39 9 24.806176843891304
39 10 28.402931636007867
39 11 32.21009809673982
39 12 36.06755003260592
39 13 39.815649791558066
39 14 43.31608611112497
39 15 46.46636761083709
39 16 49.205466302823844
39 17 51.511364792232094
39 18 53.39334436782992
39 19 54.882268545363814
39 20 56.02135763373446
39 21 56.85880364499895
39 22 57.44260357674005
39 23 57.81739808750144
39 24 58.02285581027283
39 25 58.09311761526993
40 1 11.897823000906094
40 2 12.061927329329897
40 3 12.53798993647375
40 4 13.392070769113168
40 5 14.686710855742245
40 6 16.47159961335055
40 7 18.772030685961692
40 8 21.577199290477463
40 9 24.8317124907359
40 10 28.4341115981431
40 11 32.24490605518242
40 12 36.10357499055077
40 13 39.850488700675314
40 14 43.34771108242854
40 15 46.49336241185444
40 16 49.2270983649602
40 17 51.52751880361549
40 18 53.40437505920266
40 19 54.88883070024311
40 20 56.024253604738675
40 21 56.858867428844675
40 22 57.44062440604759
40 23 57.81407766791445
40 24 58.01879028679153
40 25 58.08879568854547
41 1 11.885082251227034
41 2 12.049855312636096
41 3 12.527831979610475
41 4 13.385250198492706
41 5 14.684712874157977
41 6 16.4757836423089
41 7 18.783384605640173
41 8 21.596081282057256
41 9 24.857656628850947
41 10 28.465780521906744
41 11 32.280240246089754
41 12 36.14011847206473
41 13 39.88579945075175
41 14 43.3797334252526
41 15 46.52066516393803
41 16 49.24894552446268
41 17 51.54380019571209
41 18 53.41545583970015
41 19 54.89537856477226
41 20 56.02708429488554
41 21 56.858827563716865
41 22 57.438514427603856
41 23 57.81060883568911
41 24 58.014566645732685
41 25 58.08431231683183
42 1 11.87216709820088
42 2 12.037615681451221
42 3 12.517525633818408
42 4 13.378314008777986
42 5 14.682644838739597
42 6 16.47995263887491
42 7 18.79478181827565
42 8 21.615059956153804
42 9 24.883737391102663
42 10 28.4976062148948
42 11 32.315729384354434
42 12 36.176795666307335
42 13 39.921209327648626
42 14 43.41181425038556
42 15 46.547986058291386
42 16 49.270775016402254
42 17 51.56003459590565
42 18 53.426467022262
42 19 54.90184019222884
42 20 56.029816950294205
42 21 56.85868158576675
42 22 57.436293033033635
42 23 57.807025333713234
42 24 58.010226603391324
42 25 58.079711960349094
43 1 11.858024237573211
43 2 12.02420988012039
43 3 12.50622899728377
43 4 13.370693264934975
43 5 14.680331836597135
43 6 16.4844359895996
43 7 18.80713532280925
43 8 21.63565927510853
43 9 24.912049585475806
43 10 28.532143486844554
43 11 32.35421953409846
43 12 36.21654419977999
43 13 39.959550293681154
43 14 43.4465149719703
43 15 46.57750214852888
43 16 49.29432194710036
43 17 51.577507793737055
43 18 53.43827558502412
43 19 54.90871817164226
43 20 56.03265573698434
43 21 56.85840342397028
43 22 57.433768224523355
43 23 57.80302629497521
43 24 58.00540883452376
43 25 58.074612492678774
44 1 11.843730122424473
44 2 12.010657921178401
44 3 12.494800540398806
44 4 13.362964781289422
44 5 14.67794371247049
44 6 16.48888191035582
44 7 18.81948845823093
44 8 21.656287657824457
44 9 24.94040626311528
44 10 28.56672311574109
44 11 32.392733166728554
44 12 36.25628551933051
44 13 39.997848701131495
44 14 43.481140025442095
44 15 46.60691635571339
44 16 49.31774947374606
44 17 51.59485220281551
44 18 53.449952220406054
44 19 54.9154650776895
44 20 56.035366309665086
44 21 56.85800046120686
44 22 57.43112168504009
44 23 57.79890780542221
44 24 58.00047296959611
44 25 58.06939540947244
45 1 11.828851538336128
45 2 11.996548927383753
45 3 12.482893282187671
45 4 13.354892850379908
45 5 14.675405227687829
45 6 16.4934202580024
45 7 18.83220798095479
45 8 21.677559232319762
45 9 24.96965189087557
45 10 28.602374261074445
45 11 32.43241530776383
45 12 36.297199589780746
45 13 40.03723996782779
45 14 43.516714198678024
45 15 46.63709753467358
45 16 49.34174789274937
45 17 51.61257706625602
45 18 53.46183772523355
45 19 54.922275347217116
45 20 56.0380233583471
45 21 56.85745506609775
45 22 57.428269281664015
45 23 57.79454211266749
45 24 57.99526703772172
45 25 58.06390040801685
46 1 11.812456650030636
46 2 11.98099869580255
46 3 12.469759237885773
46 4 13.345966576302834
46 5 14.672547082014656
46 6 16.498317730499753
46 7 18.84606322440455
46 8 21.700766781683235
46 9 25.00156482238333
46 10 28.641262374217504
46 11 32.47567150177053
46 12 36.341760406280564
46 13 40.08009903413687
46 14 43.55537507899451
46 15 46.669851964966924
46 16 49.36774609569652
46 17 51.631729959059754
46 18 53.47462581249234
46 19 54.92953581030559
46 20 56.04076298428296
46 21 56.85671023302741
46 22 57.42501500919286
46 23 57.789642083210026
46 24 57.98945332355836
46 25 58.05777237381435
47 1 11.794833808972735
47 2 11.964279933433582
47 3 12.455626286786746
47 4 13.336335494822116
47 5 14.669405176976765
47 6 16.503463767847744
47 7 18.860772501811244
47 8 21.725447190603997
47 9 25.035509554666856
47 10 28.682609671911422
47 11 32.52162992957859
47 12 36.389061101481815
47 13 40.12554385983671
47 14 43.59631686966162
47 15 46.70448673926779
47 16 49.395183713987805
47 17 51.65188705901152
47 18 53.48802111301045
47 19 54.93706360071642
47 20 56.043494899129236
47 21 56.85574734310576
47 22 57.421392022075146
47 23 57.78427489462849
47 24 57.98311791637311
47 25 58.051103905729356
48 1 11.77613498503627
48 2 11.946536143460696
48 3 12.440613649390603
48 4 13.326076308165973
48 5 14.66599435585269
48 6 16.508793137656564
48 7 18.876176479159398
48 8 21.75134062307728
48 9 25.0711298651072
48 10 28.72597937809164
48 11 32.56979946081867
48 12 36.43858883173
48 13 40.173073505976944
48 14 43.63907978870134
48 15 46.740604388810155
48 16 49.42373721623143
48 17 51.672801499567846
48 18 53.5018491930505
48 19 54.9447479150064
48 20 56.04616077203831
48 21 56.854548748111
48 22 57.41741209099236
48 23 57.77847166335388
48 24 57.9763026901683
48 25 58.04394058132301
49 1 11.754311621546522
49 2 11.925822020907319
49 3 12.42307115810766
49 4 13.31405202686046
49 5 14.661915802894018
49 6 16.51484692131212
49 7 18.89389613121277
49 8 21.781187491610133
49 9 25.112197987511856
49 10 28.775958409022195
49 11 32.6252628508598
49 12 36.495554203759504
49 13 40.22767106775446
49 14 43.688129264895274
49 15 46.781958383825405
49 16 49.45635559680046
49 17 51.69661377189407
49 18 53.517503138534806
49 19 54.95333549925886
49 20 56.0489803828057
49 21 56.8529289838016
49 22 57.412598365288154
49 23 57.77156464069594
49 24 57.96823398103741
49 25 58.03547231126526
50 1 11.732460056804536
50 2 11.905075492450553
50 3 12.405483690590904
50 4 13.301958899945793
50 5 14.657729307362464
50 6 16.520734011419762
50 7 18.911367173005925
50 8 21.81068041386612
50 9 25.152788948295914
50 10 28.825331723822416
50 11 32.68000454674756
50 12 36.55171315991694
50 13 40.281422427184296
50 14 43.73634226700568
50 15 46.822530047806275
50 16 49.48827811723603
50 17 51.7198340852871
50 18 53.53267249388224
50 19 54.96153856897867
50 20 56.05150141741919
50 21 56.85107915562767
50 22 57.407605063010905
50 23 57.76451165035187
50 24 57.9600381286006
50 25 58.02688340066612
51 1 11.70685941368847
51 2 11.88076252356683
51 3 12.384851216466556
51 4 13.2877251503741
51 5 14.652697710293623
51 6 16.527415432742472
51 7 18.931499922406704
51 8 21.84474781417027
51 9 25.199688082500167
51 10 28.882346968845894
51 11 32.743157638414054
51 12 36.61642052386319
51 13 40.34326499948068
51 14 43.79171847820221
51 15 46.86903424910813
51 16 49.5247708757286
51 17 51.74627451932936
51 18 53.5498265252095
51 19 54.97066599606682
51 20 56.054087172652345
51 21 56.84863568079954
51 22 57.40154608747546
51 23 57.75608433873478
51 24 57.95029690657704
51 25 58.01669032722238
52 1 11.680366583287045
52 2 11.855594601447065
52 3 12.363469441105112
52 4 13.272922967691386
52 5 14.64735114894427
52 6 16.534092053808738
52 7 18.951964130474995
52 8 21.879466945621118
52 9 25.24749821884029
52 10 28.940435264984604
52 11 32.807431310452294
52 12 36.682186836406004
52 13 40.40601955762119
52 14 43.84780733180653
52 15 46.91603173792358
52 16 49.56154293880395
52 17 51.77280186805087
52 18 53.56690464763921
52 19 54.97958626405037
52 20 56.05636448928141
52 21 56.84580907099793
52 22 57.395051874644324
52 23 57.74718835426246
52 24 57.94006869304972
52 25 58.00600400006594
53 1 11.648941302321324
53 2 11.825731187628852
53 3 12.338068320050349
53 4 13.255272797072195
53 5 14.640831356658401
53 6 16.541708812706247
53 7 18.975766206906055
53 8 21.919966745228745
53 9 25.30328650556021
53 10 29.008172669806076
53 11 32.882294515453616
53 12 36.75867461242464
53 13 40.47887689695283
53 14 43.91279327852712
53 15 46.97035004741247
53 16 49.6039053042335
53 17 51.803214135216464
53 18 53.58631355977179
53 19 54.98950756102636
53 20 56.05856718625499
53 21 56.84208538992616
53 22 57.38707160152609
53 23 57.736421477689994
53 24 57.92775641728631
53 25 57.993160355129234
54 1 11.608796036463403
54 2 11.787566483390869
54 3 12.305560571602975
54 4 13.232585449202295
54 5 14.632232775080109
54 6 16.550979226643154
54 7 19.00545555789722
54 8 21.970665791552477
54 9 25.37315178575437
54 10 29.092934733366587
54 11 32.975840682302064
54 12 36.854077427127244
54 13 40.5695576310236
54 14 43.99347590539113
54 15 47.03758482600262
54 16 49.65613181106379
54 17 51.840482370831104
54 18 53.609836863461034
54 19 55.001197290132374
54 20 56.06064052642948
54 21 56.83678119906736
54 22 57.376471545794985
54 23 57.722355760106545
54 24 57.91176914181955
54 25 57.976512442977324
55 1 11.563647359522548
55 2 11.744626460761927
55 3 12.268926944651376
55 4 13.206892200827513
55 5 14.622217557843975
55 6 16.560816017466525
55 7 19.03792538686603
55 8 22.02635104439556
55 9 25.449924335423738
55 10 29.185989846960407
55 11 33.07836854852361
55 12 36.9584175655074
55 13 40.668484832909456
55 14 44.08123822213201
55 15 47.110458443301816
55 16 49.7124696472062
55 17 51.88039352400471
55 18 53.634689550870704
55 19 55.01310822171234
55 20 56.06204809716816
55 21 56.830138309634464
55 22 57.364053533003286
55 23 57.70616010204027
55 24 57.89347949215803
55 25 57.95750296246844
56 1 11.510324006744941
56 2 11.693887518072119
56 3 12.225564567087291
56 4 13.176316825301175
56 5 14.609943222901572
56 6 16.57167166940425
56 7 19.07508262897445
56 8 22.09039123618237
56 9 25.538263610766506
56 10 29.29295137189781
56 11 33.19599616734929
56 12 37.077835378533294
56 13 40.781385677654534
56 14 44.18106386530454
56 15 47.19301111105802
56 16 49.77594124461788
56 17 51.92497888582233
56 18 53.66200737480236
56 19 55.025614646898426
56 20 56.062551057181054
56 21 56.8214506167446
56 22 57.34877760179164
56 23 57.68657673938793
56 24 57.871509166155114
56 25 57.93471220653091
57 1 11.43863978028646
57 2 11.62563909660278
57 3 12.167118271092678
57 4 13.134845694220227
57 5 14.592728759885798
57 6 16.585042681060248
57 7 19.123120128918142
57 8 22.173705283605933
57 9 25.653268969014157
57 10 29.432016893130207
57 11 33.348570799310515
57 12 37.23226778940054
57 13 40.926874587525056
57 14 44.30917015816445
57 15 47.298409992678614
57 16 49.85641763675378
57 17 51.98089590306587
57 18 53.69554173444301
57 19 55.03999548191446
57 20 56.06143657517612
57 21 56.808486904499816
57 22 57.32732741815775
57 23 57.65958131934269
57 24 57.841441939272734
57 25 57.90358933673127
58 1 11.348819700540682
58 2 11.540066706968632
58 3 12.093657143922892
58 4 13.08233288628853
58 5 14.570089819627299
58 6 16.5999605658566
58 7 19.18043121580929
58 8 22.273915188639233
58 9 25.791720222364873
58 10 29.599155585426004
58 11 33.53140432225511
58 12 37.41662900027735
58 13 41.09978561349108
58 14 44.46062334758983
58 15 47.42220607880838
58 16 49.95009654913439
58 17 52.045056061949765
58 18 53.732904721791904
58 19 55.054493806457785
58 20 56.05747685011123
58 21 56.790434268445644
58 22 57.2991923732552
58 23 57.624862984197144
58 24 57.803078344140005
58 25 57.86397328527997
59 1 11.235046189008735
59 2 11.431590956437164
59 3 12.000275733327934
59 4 13.015019937452964
59 5 14.539860285497022
59 6 16.61618187815541
59 7 19.248820527636383
59 8 22.394733633027705
59 9 25.95883244797098
59 10 29.80048498155494
59 11 33.75084477438163
59 12 37.636882957209764
59 13 41.30523484975348
59 14 44.6394159875809
59 15 47.567167972295216
59 16 50.058555868863735
59 17 52.11796451265014
59 18 53.773689114206064
59 19 55.067962281472305
59 20 56.0489496940761
59 21 56.76514404370257
59 22 57.26192489026758
59 23 57.57978165869519
59 24 57.75367260191165
59 25 57.81308209879125
60 1 11.071208273900684
60 2 11.2752392851535
60 3 11.865233300135836
60 4 12.916705391783692
60 5 14.493621118459851
60 6 16.634858792348695
60 7 19.33991820392167
60 8 22.557959097240968
60 9 26.184949542975993
60 10 30.07217886765557
60 11 34.04558152117032
60 12 37.93092808492039
60 13 41.57755588465089
60 14 44.874385879432346
60 15 47.755618841033865
60 16 50.197383504995734
60 17 52.20884468021937
60 18 53.82149432362348
60 19 55.079297188800474
60 20 56.03101085716587
60 21 56.72494682527003
60 22 57.20584971059607
60 23 57.513358973566305
60 24 57.68152697783158
60 25 57.73897123361514
61 1 10.823316711116979
61 2 11.038405304221511
61 3 11.659830872542956
61 4 12.765321738677477
61 5 14.418470320399035
61 6 16.654087657028157
61 7 19.46344323304405
61 8 22.784034051319082
61 9 26.498860328058488
61 10 30.447961507299873
61 11 34.450531260519554
61 12 38.331503849445795
61 13 41.9447992519517
61 14 45.187415294511396
61 15 48.00273933963997
61 16 50.37524155899485
61 17 52.32047822397911
61 18 53.874090103787424
61 19 55.08219298596766
61 20 55.994182301792726
61 21 56.658006289142534
61 22 57.11747505238483
61 23 57.41103584927632
61 24 57.57149591357554
61 25 57.626294354595
62 1 10.385218072179484
62 2 10.61923536229494
62 3 11.294349109317622
62 4 12.491690607926895
62 5 14.27350528347403
62 6 16.66670709887657
62 7 19.647639632726314
62 8 23.133595446251398
62 9 26.986169168872657
62 10 31.028015359179136
62 11 35.069245450085624
62 12 38.93556692468261
62 13 42.489967576009555
62 14 45.643243949340494
62 15 48.353458906596366
62 16 50.6177855554638
62 17 52.461111047398674
62 18 53.92485758628073
62 19 55.057920924249224
62 20 55.91029144017814
62 21 56.52911924762313
62 22 56.95665669103142
62 23 57.22947987545005
62 24 57.37849419108262
62 25 57.42936603243859
63 1 9.569774782864906
63 2 9.837635179823874
63 3 10.608384200604439
63 4 11.968084340118004
63 5 13.974512970048846
63 6 16.637884948839872
63 7 19.905812983221853
63 8 23.65939503382287
63 9 27.724866650152222
63 10 31.899404145477035
63 11 35.983437792835595
63 12 39.809249266996446
63 13 43.25823380380785
63 14 46.26481907530107
63 15 48.809973313266646
63 16 50.909339483238796
63 17 52.60050382612766
63 18 53.93215841282506
63 19 54.95620175139453
63 20 55.722699975272846
63 21 56.27712107102806
63 22 56.6591523399375
63 23 56.90250747579999
63 24 57.03528568383259
63 25 57.08059210501975
64 1 7.882491085263584
64 2 8.217578011126335
64 3 9.177039157826385
64 4 10.852739341967078
64 5 13.286797284787417
64 6 16.448566349623217
64 7 20.22397883798093
64 8 24.425084465386266
64 9 28.819888097634134
64 10 33.17310713492962
64 11 37.28369277014971
64 12 41.00802805668976
64 13 44.265638516004124
64 14 47.03133346940668
64 15 49.32058962396621
64 16 51.17409915795923
64 17 52.644916590975505
64 18 53.78934717403553
64 19 54.66132360165316
64 20 55.309451973486524
64 21 55.77584974471793
64 22 56.09606063002859
64 23 56.299542012682
64 24 56.410403016703945
64 25 56.44820506459801
65 1 4.950752937700111
65 2 5.400894797553822
65 3 6.679873684892037
65 4 8.8789586926336
65 5 11.997072110458792
65 6 15.918233188188669
65 7 20.41920003526474
65 8 25.209880481951817
65 9 29.992091741798795
65 10 34.51343041820353
65 11 38.59868028404518
65 12 42.155073877568064
65 13 45.158944795909875
65 14 47.634663178692726
65 15 49.63417376255064
65 16 51.22118024558354
65 17 52.46073980395701
65 18 53.413377433588956
65 19 54.13237138876725
65 20 54.66299961723587
65 21 55.04286220388663
65 22 55.302707783765655
65 23 55.46742793397975
65 24 55.557040225936824
65 25 55.58757594315027
66 1 0.8952567799274811
66 2 1.5094859556487936
66 3 3.2377524004145664
66 4 6.152066497320951
66 5 10.164612673712911
66 6 15.021101066181517
66 7 20.351141774993984
66 8 25.756372704063942
66 9 30.895777059993268
66 10 35.53545464444118
66 11 39.55594910986454
66 12 42.930823437417125
66 13 45.695087931055696
66 14 47.91637572289064
66 15 49.674099242063804
66 16 51.04674067508358
66 17 52.10533930739585
66 18 52.91097576038964
66 19 53.514518522704385
66 20 53.95748170414758
66 21 54.2733131898176
66 22 54.48874909082489
66 23 54.6250619635466
66 24 54.69913699585111
66 25 54.72436515937967
67 1 -3.823312300199205
67 2 -3.0052264115952343
67 3 -0.727459244163303
67 4 3.034800696284268
67 5 8.059309423463688
67 6 13.911645534672573
67 7 20.06303941731727
67 8 26.029317427505724
67 9 31.464278051221655
67 10 36.183409088891565
67 11 40.13659889650746
67 12 43.36183583757982
67 13 45.94262327890952
67 14 47.97796126855004
67 15 49.564825490447724
67 16 50.789756519653814
67 17 51.72601534472968
67 18 52.43368879468792
67 19 52.96111663134877
67 20 53.34674043356065
67 21 53.62092999449726
67 22 53.80759974693184
67 23 53.925560459721716
67 24 53.98961362766617
67 25 54.011420786107216
68 1 -8.466395605276713
68 2 -7.431721091780455
68 3 -4.5789055743038745
68 4 0.044889978202470524
68 5 6.0542458105341375
68 6 12.825226832750614
68 7 19.690488232640796
68 8 26.115512412678754
68 9 31.778137204869513
68 10 36.55451122456197
68 11 40.45912135603474
68 12 43.581673116890386
68 13 46.04057681278047
68 14 47.95541965541449
68 15 49.433679663772914
68 16 50.56610790851285
68 17 51.42662204267641
68 18 52.07416746577125
68 19 52.5551808366644
68 20 52.90600749273765
68 21 53.15501395653445
68 22 53.324329530167454
68 23 53.43123642668164
68 24 53.48925901582603
68 25 53.50900848814384
69 1 -13.14555693199943
69 2 -11.875787894217527
69 3 -8.407417699507649
69 4 -2.8856713621524466
69 5 4.112191448366958
69 6 11.764885683036853
69 7 19.284252473715927
69 8 26.11243963943828
69 9 31.96986456728631
69 10 36.79792437646414
69 11 40.67059978890913
69 12 43.720806805197704
69 13 46.09406013358031
69 14 47.924980891693146
69 15 49.328266258156724
69 16 50.39731320636461
69 17 51.20624071514689
69 18 51.81302773492825
69 19 52.26269137252752
69 20 52.590077897331284
69 21 52.82215349076825
69 22 52.97981758248671
69 23 53.07930971547294
69 24 53.13328922655265
69 25 53.15165946990314
70 1 -16.807784187924668
70 2 -15.342385436897969
70 3 -11.367679379747106
70 4 -5.123226102133856
70 5 2.6467750569994193
70 6 10.965204784827998
70 7 18.962637939453543
70 8 26.07842768407476
70 9 32.07456821617529
70 10 36.943801779393404
70 11 40.80267605976647
70 12 43.81314015668019
70 13 46.13809549987466
70 14 47.92146686105724
70 15 49.28228878734137
70 16 50.31550115941331
70 17 51.09531904351317
70 18 51.679146628884844
70 19 52.111176047526904
70 20 52.42539223035265
70 21 52.64796279495332
70 22 52.7990896122208
70 23 52.89442320706605
70 24 52.94613569995382
70 25 52.963732643018076
71 1 -20.12644770894726
71 2 -18.475639472811903
71 3 -14.025315558418184
71 4 -7.113121153343606
71 5 1.3548197279364775
71 6 10.261060795324713
71 7 18.672270706036215
71 8 26.0346238620757
71 9 32.15163945275683
71 10 37.06167614087203
71 11 40.91694305304645
71 12 43.902796641133946
71 13 46.195797727336355
71 14 47.94706805118342
71 15 49.27898766144656
71 16 50.28771903517077
71 17 51.047614712538476
71 18 51.61571535888368
71 19 52.035660259831666
71 20 52.34084901315257
71 21 52.55690379881387
71 22 52.70354902799332
71 23 52.79603168575832
71 24 52.84618996350657
71 25 52.86325672137666
72 1 -22.95971410268045
72 2 -21.145673524037132
72 3 -16.279562607431274
72 4 -8.79102536949212
72 5 0.26964012349808636
72 6 9.667234264316173
72 7 18.420721559369422
72 8 25.98747858219002
72 9 32.20789561719173
72 10 37.15793756942289
72 11 41.018093013510125
72 12 43.991846753315315
72 13 46.26620861372064
72 14 47.997803823987184
72 15 49.31161886288048
72 16 50.30483860439879
72 17 51.052026871641644
72 18 51.61005461418137
72 19 52.022238917497134
72 20 52.32162011687443
72 21 52.53347824010137
72 22 52.677234748292555
72 23 52.76787885104614
72 24 52.81703452185588
72 25 52.83375919492931
73 1 -25.29594846184211
73 2 -23.34544857289321
73 3 -18.133472845188994
73 4 -10.169665558736849
73 5 -0.6251833636426803
73 6 9.170237759427792
73 7 18.200510099000503
73 8 25.934699120857946
73 9 32.24350550045243
73 10 37.23246401169265
73 11 41.103804136487675
73 12 44.074798213884186
73 13 46.340401768892356
73 14 48.06148048545263
73 15 49.365103164131256
73 16 50.349353040763525
73 17 51.08907687677844
73 18 51.64112910037167
73 19 52.048679745854876
73 20 52.34457832964654
73 21 52.55391246651297
73 22 52.69592822831309
73 23 52.78546302545412
73 24 52.834013311490494
73 25 52.85053134000811
74 1 -27.425839832620888
74 2 -25.35150821563162
74 3 -19.82666381275245
74 4 -11.435126612591935
74 5 -1.4573499073567335
74 6 8.693923023606501
74 7 17.973542519091513
74 8 25.861970001611745
74 9 32.25647131311739
74 10 37.287888730878784
74 11 41.17687786839104
74 12 44.15239721233669
74 13 46.41620901557383
74 14 48.13290391687426
74 15 49.431473057116804
74 16 50.41091946902488
74 17 51.146474421386316
74 18 51.695103253100875
74 19 52.099955505505434
74 20 52.39380392275973
74 21 52.60164141859572
74 22 52.742620004212526
74 23 52.83149181569943
74 24 52.87967962643112
74 25 52.89607380125421
75 1 -29.142618204452873
75 2 -26.97079267844191
75 3 -21.19998766761642
75 4 -12.472814953623777
75 5 -2.155076382678587
75 6 8.276742209655753
75 7 17.755693458348556
75 8 25.771024146141663
75 9 32.23991093937621
75 10 37.31203408959234
75 11 41.2217812653668
75 12 44.20690286045543
75 13 46.47438359031103
75 14 48.19177002741167
75 15 49.48966621069397
75 16 50.4679243093656
75 17 51.202202316086954
75 18 51.74966408490653
75 19 52.15353757607048
75 20 52.44661308577681
75 21 52.653872159839764
75 22 52.79444341056811
75 23 52.883052199481796
75 24 52.93109535150409
75 25 52.94743994027232
76 1 -30.71126498548303
76 2 -28.453849237330253
76 3 -22.4671208081269
76 4 -13.445033476391268
76 5 -2.827455307535475
76 6 7.854114907966362
76 7 17.513777697801288
76 8 25.647800348791932
76 9 32.18981274059156
76 10 37.30517713188292
76 11 41.23983133380903
76 12 44.23904596147252
76 13 46.514388683703594
76 14 48.23609889409988
76 15 49.536331247029274
76 16 50.51582068955138
76 17 51.25072412218156
76 18 51.798485526790834
76 19 52.20248883236733
76 20 52.49561004626992
76 21 52.702876814732946
76 22 52.843441661302386
76 23 52.9320415707194
76 24 52.98007832051541
76 25 52.99642043844
77 1 -32.16691129742397
77 2 -29.834293384107806
77 3 -23.657638789924768
77 4 -14.375349663356427
77 5 -3.491434247168154
77 6 7.414813056291566
77 7 17.240505573044025
77 8 25.487112789132798
77 9 32.10169719456862
77 10 37.262682653576974
77 11 41.22580378733661
77 12 44.24285751050549
77 13 46.52950995762702
77 14 48.25850448362848
77 15 49.563511489366306
77 16 50.54618522376402
77 17 51.283245155163854
77 18 51.832484216258706
77 19 52.23750640739762
77 20 52.531329152323984
77 21 52.73907282767822
77 22 52.8799520680514
77 23 52.96874637809127
77 24 53.01688729062905
77 25 53.033264613551545
78 1 -52.469857312658355
78 2 -49.80176762986028
78 3 -42.74530613193032
78 4 -32.16400939510223
78 5 -19.79225391970975
78 6 -7.433174998559066
78 7 3.6689273807780105
78 8 12.96314649694339
78 9 20.402462148995205
78 10 26.197348393168927
78 11 30.641548384134364
78 12 34.02152855737872
78 13 36.58134236650409
78 14 38.51579205432452
78 15 39.97525157284864
78 16 41.07387632871368
78 17 41.89770749849941
78 18 42.51149576929895
78 19 42.964057610222575
78 20 43.29233577466762
78 21 43.524424397111865
78 22 43.68180520568952
78 23 43.780997016576656
78 24 43.834773995373745
78 25 43.85306846955576
79 1 -49.35777194386161
79 2 -46.720193923480096
79 3 -39.751545522930556
79 4 -29.321246992316066
79 5 -17.15534656503804
79 6 -5.0333396525212315
79 7 5.829119972599089
79 8 14.903367291838428
79 9 22.153940397055706
79 10 27.794016530343885
79 11 32.11487720973168
79 12 35.39837626854992
79 13 37.88358305562031
79 14 39.76077387355928
79 15 41.17653387279251
79 16 42.24197966877547
79 17 43.0407709676752
79 18 43.63581448496939
79 19 44.07450665850733
79 20 44.39269821927419
79 21 44.617642611293775
79 22 44.77017267693147
79 23 44.86630464683424
79 24 44.91842188021665
79 25 44.936151563127254
80 1 -13.465750055780795
80 2 -11.453994048789875
80 3 -6.143466661457762
80 4 1.792431492911857
80 5 11.02980604304239
80 6 20.213507056380013
80 7 28.425769536479166
80 8 35.27367770966089
80 9 40.737234839377635
80 10 44.98225545410383
80 11 48.23142606969338
80 12 50.69882609530992
80 13 52.56536910926535
80 14 53.97469724392312
80 15 55.03728228992735
80 16 55.83676256526155
80 17 56.43605161600009
80 18 56.882423558638045
80 19 57.211477702430614
80 20 57.4501304004585
80 21 57.61883677326114
80 22 57.73322910704948
80 23 57.80532317306197
80 24 57.84440791045562
80 25 57.85770400425124
81 1 -12.192212774822089
81 2 -10.166407227944312
81 3 -4.822540211670719
81 4 3.153060084979983
81 5 12.421408977921505
81 6 21.619693890643685
81 7 29.831343227755415
81 8 36.6689057792221
81 9 42.11780703858931
81 10 46.347524314736184
81 11 49.582670698645956
81 12 52.038083420825295
81 13 53.89479179059976
81 14 55.29625710436313
81 15 56.35266521534218
81 16 57.14735713482937
81 17 57.74297752804306
81 18 58.186572764497065
81 19 58.513555850038834
81 20 58.750693653411744
81 21 58.91832262263522
81 22 59.03198134594648
81 23 59.10361178422103
81 24 59.14244475051479
81 25 59.15565511346494
82 1 -11.298192487904505
82 2 -9.251303002257739
82 3 -3.855300981885141
82 4 4.188726182475962
82 5 13.52250316145934
82 6 22.770781010804832
82 7 31.014515330934444
82 8 37.86978322289018
82 9 43.32694196293232
82 10 47.55949580015201
82 11 50.794706155696836
82 12 53.248950214010584
82 13 55.10407786087369
82 14 56.50395269393754
82 15 57.55893606162041
82 16 58.35242827857327
82 17 58.94707749409011
82 18 59.38990935459382
82 19 59.71630783245729
82 20 59.95301002708687
82 21 60.120325166971924
82 22 60.23376831563669
82 23 60.30526173108718
82 24 60.34402002947268
82 25 60.35720491622451
83 1 -10.796777769953405
83 2 -8.726707895778016
83 3 -3.2723915276930033
83 4 4.8510522615843
83 5 14.26572195691529
83 6 23.58224605893414
83 7 31.876842302265942
83 8 38.767259920338205
83 9 44.24776769346428
83 10 48.4956068414072
83 11 51.74083854309736
83 12 54.2017248083892
83 13 56.06132383567411
83 14 57.4642597555336
83 15 58.521372185777075
83 16 59.316365040746554
83 17 59.91208217527671
83 18 60.35567776826626
83 19 60.6826219329174
83 20 60.91971070266216
83 21 61.08729445124029
83 22 61.20091752957867
83 23 61.27252342413123
83 24 61.311342397611305
83 25 61.32454786481644
84 1 -10.52533210658551
84 2 -8.430437247607545
84 3 -2.913115829831177
84 4 5.297705423088504
84 5 14.803983522811986
84 6 24.200969525167785
84 7 32.55868405351162
84 8 39.49544232612528
84 9 45.00886548675335
84 10 49.2798156576947
84 11 52.54129171295928
84 12 55.013681384890525
84 13 56.88150709069039
84 14 58.290384056817544
84 15 59.35182230986682
84 16 60.1499830206062
84 17 60.74802592886805
84 18 61.19332666872214
84 19 61.521512978872096
84 20 61.75949475666203
84 21 61.927705783842825
84 22 62.04175230459143
84 23 62.11362427958196
84 24 62.15258724387817
84 25 62.16584164242302
85 1 -10.407057882880805
85 2 -8.284689677569819
85 3 -2.697253974433453
85 4 5.6118958265997465
85 5 15.223039572154361
85 6 24.714231479380874
85 7 33.147846734203995
85 8 40.14197004513785
85 9 45.69734819793046
85 10 49.99858492856257
85 11 53.28188855211073
85 12 55.77007472083644
85 13 57.649405500374314
85 14 59.066716500892106
85 15 60.134370283407975
85 16 60.93712637950836
85 17 61.53856836896
85 18 61.986375497136244
85 19 62.316395595058026
85 20 62.555700005334735
85 21 62.72484228407797
85 22 62.839518483556674
85 23 62.9117865686591
85 24 62.950964034499755
85 25 62.964291354153005
86 1 -10.407648300266892
86 2 -8.257943236490151
86 3 -2.600478976122213
86 4 5.8076141164207025
86 5 15.525460688620228
86 6 25.11388144785969
86 7 33.62711085308462
86 8 40.6824246871028
86 9 46.283285168151124
86 10 50.61784007370367
86 11 53.92546351021482
86 12 56.4314382547371
86 13 58.3238381126919
86 14 59.75079658465709
86 15 60.82559929497621
86 16 61.633663545951606
86 17 62.239044812657
86 18 62.68976397450289
86 19 63.02191868924095
86 20 63.262764868580284
86 21 63.432993793596545
86 22 63.54840526672468
86 23 63.62113610689479
86 24 63.660564236252085
86 25 63.67397678484492
87 1 -10.48328952807194
87 2 -8.306669691451741
87 3 -2.580078699503604
87 4 5.92618363575005
87 5 15.750695969559928
87 6 25.437227607337995
87 7 34.03163349414853
87 8 41.14999738252856
87 9 46.7981859233579
87 10 51.167714421103945
87 11 54.50105525692937
87 12 57.02595538265722
87 13 58.93232753236659
87 14 60.369640099809835
87 15 61.452138525528134
87 16 62.265930270366454
87 17 62.87556961971328
87 18 63.329440761036
87 19 63.66390833465378
87 20 63.9064262787207
87 21 64.07783411200697
87 22 64.19404359053956
87 23 64.26727679366832
87 24 64.30697708315422
87 25 64.32048217814345
88 1 -10.592003822329914
88 2 -8.391537851116476
88 3 -2.60358940614902
88 4 5.990120269056169
88 5 15.910142594976472
88 6 25.68508680874723
88 7 34.35315598254479
88 8 41.52913085078232
88 9 47.220840603226655
88 10 51.622708317236246
88 11 54.97993992036216
88 12 57.52248760372725
88 13 59.44192782507201
88 14 60.88894727656876
88 15 61.97867360151956
88 16 62.797852264461504
88 17 63.411500815322455
88 18 63.868342128565644
88 19 64.20499048649553
88 20 64.44908544060947
88 21 64.62160572410184
88 22 64.73856839360198
88 23 64.81227581950314
88 24 64.8522330475674
88 25 64.86582551765922
89 1 -10.730731786657996
89 2 -8.505723849091751
89 3 -2.654540450052564
89 4 6.029533948147134
89 5 16.048634243669017
89 6 25.915726028831205
89 7 34.660960225738876
89 8 41.897584848091704
89 9 47.63531877971644
89 10 52.071519009929396
89 11 55.45419596927405
89 12 58.015588585566086
89 13 59.94901236061743
89 14 61.40643547402277
89 15 62.5039182065123
89 16 63.328883227647026
89 17 63.94684141144977
89 18 64.40687723259735
89 19 64.7458720581587
89 20 64.99166435116715
89 21 65.16538222993195
89 22 65.28315586275839
89 23 65.35737393794663
89 24 65.39760785803702
89 25 65.41129442405347
90 1 -10.878439993346978
90 2 -8.630000794481433
90 3 -2.7183763168752493
90 4 6.052258486320225
90 5 16.1665620415257
90 6 26.12253194567066
90 7 34.94249321370421
90 8 42.23808103537764
90 9 48.020717110589665
90 10 52.490513897094395
90 11 55.89815262150712
90 12 58.47806887544854
90 13 60.42525939471813
90 14 61.89293740218432
90 15 62.998072853460336
90 16 63.82875101473197
90 17 64.45096664490455
90 18 64.91415960424833
90 19 65.25547416937877
90 20 65.50294485155187
90 21 65.67784715068771
90 22 65.79642291776902
90 23 65.87114612136159
90 24 65.91165375480698
90 25 65.92543340632349
91 1 -11.021179524967412
91 2 -8.751023055084994
91 3 -2.7833284092037327
91 4 6.06774619833293
91 5 16.270739887090134
91 6 26.309753054362588
91 7 35.19975492557914
91 8 42.550775283458236
91 9 48.37573920196018
91 10 52.877279371044374
91 11 56.30854750152555
91 12 58.906025128604085
91 13 60.86628271027962
91 14 62.34370338045737
91 15 63.456114456479014
91 16 64.29222718772878
91 17 64.9184943450476
91 18 65.38469267749035
91 19 65.72821598475058
91 20 65.97728502020921
91 21 66.15331539842526
91 22 66.27265520908486
91 23 66.34785958170386
91 24 66.38862795475993
91 25 66.40249628142965
92 1 -11.153308410426778
92 2 -8.86295737679586
92 3 -2.8430858837142488
92 4 6.082948096924449
92 5 16.36875396275499
92 6 26.48549094985928
92 7 35.44121089254702
92 8 42.84436730361199
92 9 48.70922679812084
92 10 53.24074027166191
92 11 56.694353034781436
92 12 59.30845666881641
92 13 61.2810966985443
92 14 62.7677561705193
92 15 63.887070381163916
92 16 64.72834161000941
92 17 65.35845570409343
92 18 65.8275083319073
92 19 66.1731297253301
92 20 66.42371723812421
92 21 66.60081942266727
92 22 66.72088521169094
92 23 66.79654680123882
92 24 66.8375629412101
92 25 66.8515155324678
93 1 -11.274284062158644
93 2 -8.964641522588785
93 3 -2.8948956290253087
93 4 6.102874839057479
93 5 16.468065097495064
93 6 26.659456914909317
93 7 35.67843145066661
93 8 43.131869038560076
93 9 49.03527233862592
93 10 53.59578641767084
93 11 57.07104472065407
93 12 59.70126959746331
93 13 61.68592513099693
93 14 63.181554813653314
93 15 64.30757445388157
93 16 65.15385814481994
93 17 65.78771123453755
93 18 66.25953860841868
93 19 66.6071999100747
93 20 66.85926395176021
93 21 67.03740841370211
93 22 67.1581802177873
93 23 67.23428646730731
93 24 67.27554357478621
93 25 67.28957811922803
94 1 -11.37243460856219
94 2 -9.045895871621168
94 3 -2.932445384392571
94 4 6.128250039272939
94 5 16.563171659902732
94 6 26.820249378355786
94 7 35.89497558366236
94 8 43.392802987778204
94 9 49.33028328292586
94 10 53.916468300937446
94 11 57.41090584452716
94 12 60.05542627645568
94 13 62.05074309622019
94 14 63.55433575122054
94 15 64.68631004478496
94 16 65.53704620595529
94 17 66.17422126751958
94 18 66.64851429929307
94 19 66.99798849052863
94 20 67.25136485383034
94 21 67.43043573752011
94 22 67.5518351059871
94 23 67.62833661735276
94 24 67.66980792657722
94 25 67.68391532191139
95 1 -11.459357877400322
95 2 -9.11604103992241
95 3 -2.9591715937143137
95 4 6.164092094184357
95 5 16.668434721636665
95 6 26.991000263118128
95 7 36.12139315001494
95 8 43.6636052446579
95 9 49.635200892627886
95 10 54.247112444446145
95 11 57.76078691966753
95 12 60.41965544113515
95 13 62.42567827229062
95 14 63.9372705050848
95 15 65.07522866099035
95 16 65.93044017982407
95 17 66.57095488185035
95 18 67.04772701669971
95 19 67.39902416465998
95 20 67.65372023361984
95 21 67.83372280086422
95 22 67.95575332130556
95 23 68.0326523638045
95 24 68.07433910776797
95 25 68.08851977398758
96 1 -11.529169847718608
96 2 -9.169886654759397
96 3 -2.971681270788378
96 4 6.211197413167993
96 5 16.781759544935717
96 6 27.16687606854965
96 7 36.35051245322719
96 8 43.935232098024116
96 9 49.939537334492094
96 10 54.576138676185316
96 11 58.10828896637605
96 12 60.78094620293069
96 13 62.79726249265007
96 14 64.31654882755672
96 15 65.46026394024595
96 16 66.31978202353008
96 17 66.96351092264753
96 18 67.44266932837752
96 19 67.79572132855284
96 20 68.05168788372909
96 21 68.23258742933311
96 22 68.35522561151161
96 23 68.43250739824003
96 24 68.47440156624208
96 25 68.48865277941518
97 1 -11.582685135985129
97 2 -9.207566101654406
97 3 -2.9683460568243603
97 4 6.273729826887939
97 5 16.91011794143878
97 6 27.357491612150145
97 7 36.59418965835262
97 8 44.221322763396515
97 9 50.25829956164009
97 10 54.91958360406919
97 11 58.47021744048455
97 12 61.156676835593245
97 13 63.183301075071064
97 14 64.71029491069565
97 15 65.85977847620116
97 16 66.72361256182633
97 17 67.37056317589261
97 18 67.85211369859213
97 19 68.20692499523784
97 20 68.46416533139407
97 21 68.64596422073518
97 22 68.76921168562724
97 23 68.84687724532758
97 24 68.88897939745293
97 25 68.90330134859076
98 1 -11.612739983938095
98 2 -9.224413969164141
98 3 -2.9509753906033978
98 4 6.340523189081797
98 5 17.031921510896492
98 6 27.531381552583507
98 7 36.81252394545584
98 8 44.47522069625707
98 9 50.539618220433674
98 10 55.221634161199674
98 11 58.78780269398077
98 12 61.485867961385786
98 13 63.521163190597264
98 14 65.05464243582362
98 15 66.2089809057706
98 16 67.07644809037389
98 17 67.72611101154507
98 18 68.20967561286244
98 19 68.56596828282787
98 20 68.82428123277772
98 21 69.00683746227098
98 22 69.13059801974752
98 23 69.2085867702346
98 24 69.25086407612865
98 25 69.26524559961014
99 1 -11.627327892405459
99 2 -9.225064839475584
99 3 -2.915503627882244
99 4 6.4282021050998965
99 5 17.177762776757607
99 6 27.732351816873653
99 7 37.06058532785826
99 8 44.76100123650229
99 9 50.854506643422866
99 10 55.55854585993481
99 11 59.14122622020644
99 12 61.85163293754254
99 13 63.896151949524956
99 14 65.43653191904978
99 15 66.59603725613887
99 16 67.46737159773708
99 17 68.11992190507988
99 18 68.60563078444527
99 19 68.96350069520099
99 20 69.22295572907326
99 21 69.4063183777522
99 22 69.53062529187294
99 23 69.6089581913583
99 24 69.65142201121107
99 25 69.6658669711813
100 1 -11.622344346667509
100 2 -9.207029323419187
100 3 -2.8636274414608596
100 4 6.529020095859862
100 5 17.333155580823153
100 6 27.939528187890556
100 7 37.31204292996604
100 8 45.04796277067614
100 9 51.168890252026294
100 10 55.893692050605296
100 11 59.491947927590495
100 12 62.214001479847354
100 13 64.26722814980307
100 14 65.81412444276597
100 15 66.97850982233744
100 16 67.85349721117275
100 17 68.50877536028892
100 18 68.99651021239188
100 19 69.35587044111598
100 20 69.6164046697914
100 21 69.80052935837324
100 22 69.92535257421841
100 23 70.00401069637607
100 24 70.04665077466284
100 25 70.06115568340324
101 1 -11.598565116954935
101 2 -9.170963167321666
101 3 -2.795693174248956
101 4 6.643073367616031
101 5 17.498681960426527
101 6 28.15394521224785
101 7 37.568310806623614
101 8 45.33781806515228
101 9 51.48470877857379
101 10 56.229181956530766
101 11 59.84220276701016
101 12 62.57530171871684
101 13 64.63678910212339
101 14 66.18986880926938
101 15 67.35888580865448
101 16 68.23734079045862
101 17 68.89520858341595
101 18 69.38486692826403
101 19 69.74564217758845
101 20 70.0072011219947
101 21 70.19204940543268
101 22 70.31736288666929
101 23 70.39632983567347
101 24 70.43913728802718
101 25 70.45369912412008
102 1 -11.552518121151602
102 2 -9.112402986525787
102 3 -2.704666494437484
102 4 6.781116419554085
102 5 17.689247661409738
102 6 28.394450617359915
102 7 37.85161010765048
102 8 45.655494850143796
102 9 51.828981614789406
102 10 56.59361939368023
102 11 60.22178357420868
102 12 62.966215845934904
102 13 65.03618206002129
102 14 66.5956100482061
102 15 67.76938307298049
102 16 68.65139930722351
102 17 69.31192698356838
102 18 69.80356115624791
102 19 70.16579001621454
102 20 70.428401669784
102 21 70.6139933396412
102 22 70.73981050731669
102 23 70.81909474210795
102 24 70.86207415458901
102 25 70.87669447817761
103 1 -11.489440919612688
103 2 -9.038026701377689
103 3 -2.6009631702400156
103 4 6.9273185394070484
103 5 17.882969756043533
103 6 28.6334034224055
103 7 38.12936263680629
103 8 45.96444641497049
103 9 52.16209025273072
103 10 56.945055890467344
103 11 60.58699150662429
103 12 63.34173468726468
103 13 65.41941734269737
103 14 66.98462423496711
103 15 68.16272754015647
103 16 69.04798670201266
103 17 69.71093677034779
103 18 70.20437050357386
103 19 70.56792337549017
103 20 70.83149392533257
103 21 71.01776275600561
103 22 71.14403874881147
103 23 71.2236120143344
103 24 71.26674807491509
103 25 71.28142167833384
104 1 -11.412443156648001
104 2 -8.9507852338352
104 3 -2.4871246201680424
104 4 7.079725019643928
104 5 18.07853926770072
104 6 28.870098041718602
104 7 38.40137068664917
104 8 46.264876253797276
104 9 52.48454404821324
104 10 57.284229876869986
104 11 60.938735333560565
104 12 63.70289350282474
104 13 65.78762426880392
104 14 67.35811078245533
104 15 68.54017094820692
104 16 69.4283937861211
104 17 70.09355787820415
104 18 70.58863650434095
104 19 70.95339966182466
104 20 71.21784677999261
104 21 71.40473465114763
104 22 71.53143009719463
104 23 71.61126759534194
104 24 71.65454686523749
104 25 71.66926917788568
105 1 -11.313717493278572
105 2 -8.841741248876136
105 3 -2.351280235583837
105 4 7.2544580725557175
105 5 18.29683363970532
105 6 29.129939405220497
105 7 38.69692403525662
105 8 46.58919872932466
105 9 52.83117717889696
105 10 57.64781172291861
105 11 61.315065296918746
105 12 64.08877576470721
105 13 66.18065961046145
105 14 67.75650562443052
105 15 68.94258322911514
105 16 69.8338155208057
105 17 70.50122806333744
105 18 70.99797728676262
105 19 71.36396971235978
105 20 71.62930718430441
105 21 71.81682385017042
105 22 71.94394536768088
105 23 72.02405127128942
105 24 72.06747601334031
105 25 72.08224780512965
106 1 -11.200487972899378
106 2 -8.718882126020763
106 3 -2.2034002639437067
106 4 7.438669624490683
106 5 18.521780240929964
106 6 29.393778347787787
106 7 38.99422808399281
106 8 46.91348736623058
106 9 53.176409372828616
106 10 58.00896449337414
106 11 61.68819905426031
106 12 64.47089061012608
106 13 66.5695018731883
106 14 68.15038964723384
106 15 69.34024719449879
106 16 70.23431141777084
106 17 70.90383999631479
106 18 71.4021615544776
106 19 71.7693110104757
106 20 72.03548655000803
106 21 72.22359510242467
106 22 72.35111769088853
106 23 72.4314762543267
106 24 72.47503793579214
106 25 72.48985630474856
107 1 -11.063910809712429
107 2 -8.57260451353694
107 3 -2.0319079628185563
107 4 7.64680129539516
107 5 18.771031856083848
107 6 29.682332484003908
107 7 39.31663663016096
107 8 47.2632209120635
107 9 53.54736811447922
107 10 58.39606866829582
107 11 62.087459831321134
107 12 64.87926784414427
107 13 66.98471006950618
107 14 68.57071843158923
107 15 69.76441572095091
107 16 70.66135707505602
107 17 71.33303568688036
107 18 71.83295496660843
107 19 72.20128020271552
107 20 72.46830742707809
107 21 72.65701750170084
107 22 72.78494769909946
107 23 72.8655630447005
107 24 72.90926390106476
107 25 72.9241296078007
108 1 -10.909981305919343
108 2 -8.409375267452788
108 3 -1.8444957285259853
108 4 7.869380338004745
108 5 19.033118345757455
108 6 29.982223232307227
108 7 39.64912772254484
108 8 47.62205135175303
108 9 53.92667556153844
108 10 58.79096317034275
108 11 62.494096890893225
108 12 65.29471457335315
108 13 67.4067600209712
108 14 68.99771947570353
108 15 70.19513010518774
108 16 71.09485427201194
108 17 71.76861265755048
108 18 72.27007757211057
108 19 72.6395403250996
108 20 72.90739155415972
108 21 73.0966836195941
108 22 73.22500819955341
108 23 73.30587199869869
108 24 73.34970751709288
108 25 73.36461902689628
109 1 -10.736518027541015
109 2 -8.226840176219124
109 3 -1.6383603797571136
109 4 8.109861943132499
109 5 19.31222601893394
109 6 30.29833498810785
109 7 39.99718642421288
109 8 47.99594806867158
109 9 54.3206769612556
109 10 59.20027893960044
109 11 62.91495615205085
109 12 65.72423785562248
109 13 67.84277948141899
109 14 69.43861098266612
109 15 70.6396763598653
109 16 71.54213982264322
109 17 72.21794568050385
109 18 72.72093234773308
109 19 73.09151510893084
109 20 73.3601776954762
109 21 73.5500428372752
109 22 73.67875576758375
109 23 73.75986422369569
109 24 73.80383234757308
109 25 73.8187889612
110 1 -10.556418264881989
110 2 -8.03844156533866
110 3 -1.428363180964438
110 4 8.351317019983455
110 5 19.589096049607996
110 6 30.609172456228766
110 7 40.33738271955376
110 8 48.35991344182808
110 9 54.703153057740664
110 10 59.59686500485577
110 11 63.32218365728869
110 12 66.13945570297253
110 13 68.26399032119663
110 14 69.86431758975738
110 15 71.06875607863412
110 16 71.97374810280725
110 17 72.6514441214202
110 18 73.15583573379729
110 19 73.52745259421746
110 20 73.79686433650129
110 21 73.98725863697426
110 22 74.1163301642195
110 23 74.1976645362011
110 24 74.24175510886887
110 25 74.25675337190161
111 1 -10.356239808863284
111 2 -7.830019763852989
111 3 -1.1984780388073826
111 4 8.612487783411645
111 5 19.88552497619397
111 6 30.93945794391612
111 7 40.69696455738365
111 8 48.743237886148485
111 9 55.10498336562697
111 10 60.01281124953928
111 11 63.74878156775643
111 12 66.57405495487795
111 13 68.70459272227747
111 14 70.30942446676175
111 15 71.51724322145867
111 16 72.42476952164661
111 17 73.10436017097103
111 18 73.61016016136722
111 19 73.9828137081175
111 20 74.25297651245297
111 21 74.443901334395
111 22 74.573332389804
111 23 74.65489326754744
111 24 74.6991066098084
111 25 74.71414663159464
112 1 -10.12781298351909
112 2 -7.593130377986034
112 3 -0.939544507333951
112 4 8.903580460246614
112 5 20.212900632897604
112 6 31.301717116556112
112 7 41.08944484656469
112 8 49.16023631177648
112 9 55.54110914298781
112 10 60.46353745403068
112 11 64.2105311942261
112 12 67.04408875442383
112 13 69.18084392200629
112 14 70.79034207750604
112 15 72.00166328465899
112 16 72.91181584544582
112 17 73.59337010627586
112 18 74.10062987030255
112 19 74.47435799978555
112 20 74.74529935594235
112 21 74.93677413457073
112 22 75.0665778974283
112 23 75.14837358745224
112 24 75.19271420272153
112 25 75.20779751529795
113 1 -9.912602317204712
113 2 -7.370651760879446
113 3 -0.6981251347280247
113 4 9.172654258907373
113 5 20.513208986263418
113 6 31.632091266669743
113 7 41.44589658156316
113 8 49.53786637389776
113 9 55.93527527317163
113 10 60.87033471253538
113 11 64.62687017885662
113 12 67.46760138425617
113 13 69.6097421905313
113 14 71.22328346047769
113 15 72.4376398487312
113 16 73.3500686079706
113 17 74.03332492156234
113 18 74.54185011166673
113 19 74.91650981275113
113 20 75.1881261355732
113 21 75.38007771450702
113 22 75.51020461336068
113 23 75.59220388764668
113 24 75.63665485066602
113 25 75.65177569726242
114 1 -9.675038498774502
114 2 -7.125684247893296
114 3 -0.43385482001401404
114 4 9.465129818598701
114 5 20.837574449604972
114 6 31.987188514333287
114 7 41.827678584699115
114 8 49.94134103701372
114 9 56.35570140950452
114 10 61.30371773495312
114 11 65.07004599562646
114 12 67.91814249012161
114 13 70.06581446676566
114 14 71.68350904871275
114 15 72.90098388059674
114 16 73.81575158424495
114 17 74.50075704086579
114 18 75.01058276264666
114 19 75.38619993124713
114 20 75.6585100112223
114 21 75.85095167823528
114 22 75.98141072508953
114 23 76.06361926422025
114 24 76.10818365493596
114 25 76.12334308337554
115 1 -9.416434807622887
115 2 -6.859606924864594
115 3 -0.14828368498563807
115 4 9.779208522826853
115 5 21.183919561457085
115 6 32.36466489630507
115 7 42.232217331671706
115 8 50.36790147818329
115 9 56.799484780818936
115 10 61.76067424103861
115 11 65.5369639019712
115 12 68.39255548415855
115 13 70.54585781886405
115 14 72.16778116825672
115 15 73.38843165328325
115 16 74.30558152500085
115 17 74.99236862582735
115 18 75.50351914329053
115 19 75.88011169675592
115 20 76.15312854497404
115 21 76.34606950597207
115 22 76.47686694682334
115 23 76.55928868886768
115 24 76.60396864278908
115 25 76.61916737966196
116 1 -9.135454582079195
116 2 -6.5710565949634585
116 3 0.1600210805259793
116 4 10.116426049688158
116 5 21.55389800952504
116 6 32.76628960869346
116 7 42.661383799137745
116 8 50.81950247081984
116 9 57.26864632491322
116 10 62.24327615631216
116 11 66.0297346035352
116 12 68.89298037959047
116 13 71.05203434973566
116 14 72.67827855472694
116 15 73.90217441676809
116 16 74.82175908113587
116 17 75.51036736594682
116 18 76.02287218107762
116 19 76.40046189553746
116 20 76.67420132040077
116 21 76.86765275806225
116 22 76.99879617894784
116 23 77.08143590638157
116 24 77.12623401675616
116 25 77.14147294436006
117 1 -8.877285353505615
117 2 -6.306338583208723
117 3 0.44183566797886226
117 4 10.423282884612165
117 5 21.889159242815502
117 6 33.129019513837676
117 7 43.04804536120557
117 8 51.225676273962854
117 9 57.69010517738615
117 10 62.676441031776065
117 11 66.47176035662444
117 12 69.34167831337359
117 13 71.50574741207716
117 14 73.13575998480985
117 15 74.36248671006888
117 16 75.28419544381258
117 17 75.97439264265238
117 18 76.48807911236217
117 19 76.86653891614851
117 20 77.14090886078648
117 21 77.33480575192107
117 22 77.46625108845582
117 23 77.54908104079301
117 24 77.5939822611619
117 25 77.60925626163935
118 1 -8.592731333465805
118 2 -6.014933361600506
118 3 0.7511341700549551
118 4 10.758809843344793
118 5 22.25446470308002
118 6 33.52315261440382
118 7 43.46731924764337
118 8 51.66546622348361
118 9 58.14597816614746
118 10 63.144638272346334
118 11 66.94929061383755
118 12 69.82623867660536
118 13 71.99559331508807
118 14 73.62957822726433
118 15 74.85928948864628
118 16 75.7832378489173
118 17 76.4751105465642
118 18 76.9900431418721
118 19 77.36942055022591
118 20 77.64445547002619
118 21 77.83882216853719
118 22 77.97058593260516
118 23 78.05361651562247
118 24 78.09862648712951
118 25 78.11393747948354
119 1 -8.293433497876723
119 2 -5.708770003184208
119 3 1.0752354574412393
119 4 11.109224389302282
119 5 22.6347828173841
119 6 33.93244969814871
119 7 43.901914311411126
119 8 52.120723637095736
119 9 58.617444941626424
119 10 63.62853318658671
119 11 67.4426013832844
119 12 70.32664435435946
119 13 72.50133462857642
119 14 74.13933031263667
119 15 75.37205543026676
119 16 76.29826567092871
119 17 76.99183065747201
119 18 77.50802194456003
119 19 77.88832625386831
119 20 78.16403290866901
119 21 78.35887420202042
119 22 78.49095964397053
119 23 78.57419290790139
119 24 78.61931274263597
119 25 78.63466110531274
120 1 -8.00208629330383
120 2 -5.411015791610126
120 3 1.3897359676344945
120 4 11.448307125845668
120 5 23.001827127217105
120 6 34.326617511146466
120 7 44.319782371396315
120 8 52.55796480915943
120 9 59.06989424168693
120 10 64.09264913022187
120 11 67.91555988364462
120 12 70.80626787158577
120 13 72.98597168339366
120 14 74.62773670073904
120 15 75.86329463463464
120 16 76.79163110520432
120 17 77.48678701309255
120 18 78.00416166525642
120 19 78.38533744236098
120 20 78.66167567904695
120 21 78.85696320831714
120 22 78.98935111139052
120 23 79.07277495024763
120 24 79.11799808682443
120 25 79.13338158809364
121 1 -7.685189330052452
121 2 -5.087405204228341
121 3 1.7309006133100306
121 4 11.815256642336575
121 5 23.39813130756308
121 6 34.751422869834876
121 7 44.76951367636737
121 8 53.028086743547135
121 9 59.556033136842146
121 10 64.59108126900051
121 11 68.42331309318975
121 12 71.32104884535222
121 13 73.50604024262732
121 14 75.15178130439372
121 15 76.3903277892228
121 16 77.32090759601012
121 17 78.01774217008361
121 18 78.53636552173681
121 19 78.91846091798887
121 20 79.19546565310594
121 21 79.39122409809855
121 22 79.52393119511177
121 23 79.6075561538923
121 24 79.6528883089256
121 25 79.66830889346356
122 1 -7.356603409448592
122 2 -4.752090274217761
122 3 2.0838160363382223
122 4 12.194041698844998
122 5 23.80639208487141
122 6 35.18832808985963
122 7 45.23149150437923
122 8 53.510590386096446
122 9 60.054669734835436
122 10 65.10210609225385
122 11 68.94373449833844
122 12 71.84855696047833
122 13 74.03888144301123
122 14 75.6886334174325
122 15 76.93019503293277
122 16 77.86303833799538
122 17 78.56156678351412
122 18 79.08145021106074
122 19 79.46447364067535
122 20 79.74215099154561
122 21 79.93838468415088
122 22 80.0714139159009
122 23 80.15524184947708
122 24 80.20068402905366
122 25 80.21614203922672
123 1 -7.009175660022716
123 2 -4.39775933945602
123 3 2.4562091311313567
123 4 12.592999232713002
123 5 24.235641064290235
123 6 35.647039418144594
123 7 45.7160122552027
123 8 54.01625500718883
123 9 60.57696266527634
123 10 65.63717342997313
123 11 69.48849474647551
123 12 72.40062936521606
123 13 74.59645771250675
123 14 76.25034967687273
123 15 77.49502381622234
123 16 78.43020393851617
123 17 79.13048123822134
123 18 79.65166570749552
123 19 80.0356473763782
123 20 80.31401925406992
123 21 80.51074368533673
123 22 80.64410555649754
123 23 80.72814308565275
123 24 80.77369887925889
123 25 80.78919553619274
124 1 -6.6486896963596145
124 2 -4.030299479897567
124 3 2.8419220108924916
124 4 13.005572833903457
124 5 24.67886703927725
124 6 36.12010291975142
124 7 46.21523384004285
124 8 54.53692030306965
124 9 61.114501221263104
124 10 66.18768011764888
124 11 70.04884458810336
124 12 72.96840657568944
124 13 75.16982657630292
124 14 76.8279251724391
124 15 78.07576228298853
124 16 79.0133172923346
124 17 79.71537204701457
124 18 80.23787889627191
124 19 80.62283455373675
124 20 80.90191239096558
124 21 81.09913564800236
124 22 81.23283564453482
124 23 81.31708622773992
124 24 81.36275751067932
124 25 81.37829345240422
125 1 -6.249322539088935
125 2 -3.6233888044134823
125 3 3.2685826995457363
125 4 13.461313435622996
125 5 25.167816522535006
125 6 36.64140360563386
125 7 46.7649171187963
125 8 55.10988565742141
125 9 61.70579587659062
125 10 66.79306771807016
125 11 70.66493247812501
125 12 73.59257054617537
125 13 75.80007168680459
125 14 77.46274578814322
125 15 78.71402358361192
125 16 79.65416220086217
125 17 80.35815073871574
125 18 80.88209633525894
125 19 81.26811172526396
125 20 81.54795768869688
125 21 81.74572370731617
125 22 81.87979161518312
125 23 81.96427402252371
125 24 82.01007097003504
125 25 82.02564965788996
126 1 -5.813079116565968
126 2 -3.1790813735255465
126 3 3.734009237733264
126 4 13.95785271979318
126 5 25.699911273141332
126 6 37.20816175417803
126 7 47.3621081023456
126 8 55.73205589992632
126 9 62.347641449648194
126 10 67.4500471526716
126 11 71.33340604060331
126 12 74.26972135844323
126 13 76.48375745942913
126 14 78.15134917881066
126 15 79.40632529210318
126 16 80.3492411835262
126 17 81.05530857821299
126 18 81.58080092342514
126 19 81.96795563198904
126 20 82.24862742701659
126 21 82.44697699178063
126 22 82.5814404613914
126 23 82.66617211754121
126 24 82.71210417563138
126 25 82.72772882291532
127 1 -5.346342776997022
127 2 -2.703877838352026
127 3 4.23139414819185
127 4 14.487932208870676
127 5 26.267378914559366
127 6 37.81210554676935
127 7 47.99809777581145
127 8 56.39436407825503
127 9 63.03068963846463
127 10 68.14905406532807
127 11 72.04453703403333
127 12 74.99000716825915
127 13 77.21093903086742
127 14 78.88372052199936
127 15 80.14259999480167
127 16 81.08844734534087
127 17 81.79670912474668
127 18 82.32383424069582
127 19 82.71219166622065
127 20 82.99373526580959
127 21 83.19270087152654
127 22 83.32758193427884
127 23 83.4125767234088
127 24 83.45865141891821
127 25 83.47432458611199
128 1 -4.766259386108276
128 2 -2.1134473860070573
128 3 4.8489383514123645
128 4 15.145461688243806
128 5 26.97066423910089
128 6 38.56006223855421
128 7 48.78532633165857
128 8 57.213864165397936
128 9 63.87563282948108
128 10 69.01358203328151
128 11 72.92394805288951
128 12 75.88065870105531
128 13 78.11005873150661
128 14 79.78921417541895
128 15 81.0528881045968
128 16 82.00233638737699
128 17 82.713293836136
128 18 83.24242479102003
128 19 83.63225978254512
128 20 83.91487443725478
128 21 84.11459689137561
128 22 84.24999100129365
128 23 84.3353090729927
128 24 84.38155901218501
128 25 84.39729179088692
129 1 -3.9765570661323832
129 2 -1.3098829866333568
129 3 5.688838542292496
129 4 16.038976857210866
129 5 27.925575877261988
129 6 39.574960897836775
129 7 49.852999026996336
129 8 58.32493046629867
129 9 65.02092808792422
129 10 70.18523532033197
129 11 74.11563764302788
129 12 77.08748431182669
129 13 79.32828921913631
129 14 81.01603019172933
129 15 82.28616275350856
129 16 83.24046222902426
129 17 83.95505149935926
129 18 84.48688499406587
129 19 84.87871082578967
129 20 85.16276862957739
129 21 85.36351088451882
129 22 85.49959629782623
129 23 85.58534997864184
129 24 85.63183605213023
129 25 85.64764915534793
130 1 0.7781607378100405
130 2 3.5264202162478826
130 3 10.73914341420799
130 4 21.40544107605859
130 5 33.654662554328695
130 6 45.65894564981052
130 7 56.249702931559945
130 8 64.9791184499602
130 9 71.87844424424279
130 10 77.19945996833717
130 11 81.24906493746754
130 12 84.31100635154945
130 13 86.61972290804734
130 14 88.35860213340004
130 15 89.66721280486259
130 16 90.65041858920954
130 17 91.38665107970843
130 18 91.93459137467444
130 19 92.33828317183283
130 20 92.63094297645269
130 21 92.83776404964357
130 22 92.97797027968254
130 23 93.06632064243189
130 24 93.11421433551052
130 25 93.13050626418199
