1 1 -45.970017070826984
1 2 -45.98309609841166
1 3 -46.0213863197949
1 4 -46.09160270336458
1 5 -46.20197955104732
1 6 -46.36250895114908
1 7 -46.585136203281984
1 8 -46.88383897299644
1 9 -47.274471332155166
1 10 -47.77419642504413
1 11 -48.400274810817756
1 12 -49.16795267311114
1 13 -50.087268136463265
1 14 -51.158853116198536
1 15 -52.36932049544376
1 16 -53.687531809270126
1 17 -55.06361791577013
1 18 -56.43249829848283
1 19 -57.722342753457625
1 20 -58.866209696877654
1 21 -59.813229053758214
1 22 -60.535596941089544
1 23 -61.02955545250955
1 24 -61.311152205790556
1 25 -61.40926654013587
2 1 -45.1893127840488
2 2 -45.191019265443316
2 3 -45.1959852538551
2 4 -45.20510665000817
2 5 -45.21951635240801
2 6 -45.240647057409056
2 7 -45.27030847260918
2 8 -45.31077955845194
2 9 -45.364913449637946
2 10 -45.43624646195448
2 11 -45.52909064380855
2 12 -45.6485682787051
2 13 -45.800512932688115
2 14 -45.99111424402558
2 15 -46.226132729564306
2 16 -46.50949284290485
2 17 -46.84115821821465
2 18 -47.214519854956784
2 19 -47.61414105059316
2 20 -48.01536396423477
2 21 -48.38728887578291
2 22 -48.69924749391518
2 23 -48.92850090208303
2 24 -49.0654968441607
2 25 -49.11430425859353
3 1 -44.74885722076386
3 2 -44.728872375844816
3 3 -44.67011842446733
3 4 -44.56183989624631
3 5 -44.39032067986607
3 6 -44.138020322991096
3 7 -43.782456751929224
3 8 -43.294774393895814
3 9 -42.63793989761735
3 10 -41.76453512129089
3 11 -40.61419762002579
3 12 -39.11094633501303
3 13 -37.161017327727
3 14 -34.65256134459747
3 15 -31.459779226073884
3 16 -27.45581125529234
3 17 -22.54038155769551
3 18 -16.68778677664971
3 19 -10.01399423642754
3 20 -2.8435819047206268
3 21 4.268505079731714
3 22 10.61428032393588
3 23 15.518675092724877
3 24 18.55415330781579
3 25 19.65697510533578
4 1 -44.56331176827274
4 2 -44.522614458176236
4 3 -44.40304329054875
4 4 -44.182830062862585
4 5 -43.8343504986421
4 6 -43.32250647741387
4 7 -42.60269175321716
4 8 -41.61828339867591
4 9 -40.29764894959403
4 10 -38.55077735626086
4 11 -36.265892258557265
4 12 -33.30688799096662
4 13 -29.513279190264612
4 14 -24.705705869672464
4 15 -18.701850493500835
4 16 -11.349285039783698
4 17 -2.5813497229713596
4 18 7.504162888580377
4 19 18.560366673031194
4 20 29.942922883769718
4 21 40.75640908993695
4 22 50.0281232978858
4 23 56.963270704341305
4 24 61.158953143544
4 25 62.66536239939625
5 1 -44.4492395416063
5 2 -44.38026641922012
5 3 -44.17781882037966
5 4 -43.80565714024144
5 5 -43.21850749640863
5 6 -42.36003403146024
5 7 -41.16058184665605
5 8 -39.53487304212293
5 9 -37.380051345575325
5 10 -34.574823482485755
5 11 -30.980981495019066
5 12 -26.449310115689872
5 13 -20.832650737595426
5 14 -14.009270949402197
5 15 -5.918748790286056
5 16 3.3910681031661745
5 17 13.714911582704485
5 18 24.657618758984224
5 19 35.64369116623247
5 20 45.987329004376086
5 21 55.01589715425073
5 22 62.20700853590475
5 23 67.28480442664997
5 24 70.2403877030037
5 25 71.28103539019645
6 1 -44.42025388842687
6 2 -44.317075104922836
6 3 -44.01468218575791
6 4 -43.46049021939053
6 5 -42.5905923348547
6 6 -41.328384885027525
6 7 -39.58380769292273
6 8 -37.25386715276653
6 9 -34.2254413143604
6 10 -30.381712162139902
6 11 -25.613769724672466
6 12 -19.838667140826356
6 13 -13.024003734465989
6 14 -5.2165335215675634
6 15 3.4315753328368324
6 16 12.649041282630428
6 17 22.055495420998426
6 18 31.201384395782807
6 19 39.63268663381842
6 20 46.96301267082865
6 21 52.93031126511185
6 22 57.421613410856374
6 23 60.4632351658478
6 24 62.186664381692744
6 25 62.78548825887292
7 1 -44.46010362741623
7 2 -44.32227637186454
7 3 -43.919050317365446
7 4 -43.182776199814924
7 5 -42.03408985952446
7 6 -40.38243728964263
7 7 -38.12847962593757
7 8 -35.16937547673483
7 9 -31.40801376871012
7 10 -26.76698381222951
7 11 -21.20713473402977
7 12 -14.748783657779214
7 13 -7.491146501318399
7 14 0.376718813956223
7 15 8.580597102753517
7 16 16.785525802563832
7 17 24.637490119403935
7 18 31.8126057733063
7 19 38.060093073822166
7 20 43.22762441759059
7 21 47.26481387283922
7 22 50.20842712199557
7 23 52.15743479232817
7 24 53.24626361143025
7 25 53.62200266642379
8 1 -44.54626178785814
8 2 -44.373047841680346
8 3 -43.86730053286427
8 4 -42.947651480435994
8 5 -41.522658450462444
8 6 -39.49434349593969
8 7 -36.76491921845002
8 8 -33.247518872015426
8 9 -28.881141220219657
8 10 -23.648743010268873
8 11 -17.59549125597105
8 12 -10.842159606358736
8 13 -3.5876697977269068
8 14 3.9038066200751484
8 15 11.331456129353787
8 16 18.39656148595356
8 17 24.841401696524805
8 18 30.47810045117328
8 19 35.20133323521853
8 20 38.98482961228532
8 21 41.86635080110283
8 22 43.92756569273036
8 23 45.27431287280957
8 24 46.020536392019565
8 25 46.27703347870427
9 1 -44.630633607651355
9 2 -44.431324534853
9 3 -43.85028782474405
9 4 -42.79715334900077
9 5 -41.17398393075587
9 6 -38.88155979178702
9 7 -35.82959187039775
9 8 -31.95110446971519
9 9 -27.219987974256256
9 10 -21.6688644420899
9 11 -15.402462169546256
9 12 -8.60077081427852
9 13 -1.5076157187891825
9 14 5.595627137534043
9 15 12.425993598143345
9 16 18.735345733379358
9 17 24.337809238077032
9 18 29.122571810624706
9 19 33.051845371209595
9 20 36.148099145515445
9 21 38.476295882063
9 22 40.12609715588414
9 23 41.19708879986257
9 24 41.78817218292316
9 25 41.990958717418266
10 1 -44.692023347299596
10 2 -44.475980140891586
10 3 -43.84680563136909
10 4 -42.708862063832896
10 5 -40.96111249394328
10 6 -38.50533386355763
10 7 -35.25856102978605
10 8 -31.169432185004464
10 9 -26.236477665482543
10 10 -20.524363365092352
10 11 -14.17255065407978
10 12 -7.3910716104706715
10 13 -0.44106633256122113
10 14 6.397154687990988
10 15 12.860799988901253
10 16 18.73633695254879
10 17 23.878788166589576
10 18 28.216085033341322
10 19 31.74092753816218
10 20 34.49533311440978
10 21 36.55318441463946
10 22 38.00456238025079
10 23 38.943720660180574
10 24 39.46102923167458
10 25 39.63833930499519
11 1 -44.732517242661075
11 2 -44.50610496808165
11 3 -43.84715951124943
11 4 -42.65697796789843
11 5 -40.833014842239535
11 6 -38.278337904783896
11 7 -34.91541825615176
11 8 -30.703498219209266
11 9 -25.656940999106563
11 10 -19.859932383763965
11 11 -13.471763091975856
11 12 -6.717988591343786
11 13 0.13340264412220376
11 14 6.8062677487037675
11 15 13.052230981643715
11 16 18.678854881462236
11 17 23.564069301798853
11 18 27.65614501662462
11 19 30.962832089592467
11 20 33.5350793161297
11 21 35.45018695037861
11 22 36.797484267417225
11 23 37.66779775511085
11 24 38.14668404531243
11 25 38.3107428640677
12 1 -44.76389640147335
12 2 -44.5297349759443
12 3 -43.848569349773115
12 4 -42.61950538733144
12 5 -40.73907391648619
12 6 -38.11163340934494
12 7 -34.66413762833055
12 8 -30.364159015768767
12 9 -25.23808293411134
12 10 -19.38440998093773
12 11 -12.976341475409972
12 12 -6.24954346268107
12 13 0.5245976866275098
12 14 7.074454991473502
12 15 13.163017795300947
12 16 18.613205786487843
12 17 23.318838877618962
12 18 27.24175385500622
12 19 30.399350672807902
12 20 32.847999811940596
12 21 34.666771664165545
12 22 35.94409628504938
12 23 36.76824582233302
12 24 37.22140843401005
12 25 37.37660217268235
13 1 -44.78638514638026
13 2 -44.546802029009896
13 3 -43.85010469931866
13 4 -42.5939165156215
13 5 -40.67422483626188
13 6 -37.99645336294701
13 7 -34.490896013929124
13 8 -30.13114023565772
13 9 -24.952050276307258
13 10 -19.061972928426673
13 11 -12.643366769794397
13 12 -5.938239313010431
13 13 0.7804462546321435
13 14 7.2448281034905015
13 15 13.22604687812513
13 16 18.55750452431994
13 17 23.14352412659578
13 18 26.954670054525117
13 19 30.01437684897801
13 20 32.38226466249206
13 21 34.13831526607983
13 22 35.37020019609726
13 23 36.16442325047835
13 24 36.60092759731796
13 25 36.75038330863066
14 1 -44.80467619931153
14 2 -44.56075641173525
14 3 -43.85164437276145
14 4 -42.57380759577371
14 5 -40.622859257869756
14 6 -37.90516961259458
14 7 -34.3538208528967
14 8 -29.947314187594234
14 9 -24.72732406929294
14 10 -18.809961060985767
14 11 -12.384803067955305
14 12 -5.698508826168888
14 13 0.975139636581207
14 14 7.371607920652573
14 15 13.268636872731728
14 16 18.50783940536645
14 17 23.001583724223316
14 18 26.72699117884515
14 19 29.71193622619583
14 20 32.018351926213626
14 21 33.72678168768872
14 22 34.92422873309966
14 23 35.695798493673294
14 24 36.11970233815053
14 25 36.264819247533545
15 1 -44.8198919986765
15 2 -44.572410829599335
15 3 -43.85310931372561
15 4 -42.55752567102437
15 5 -40.581005819766986
15 6 -37.83075933491653
15 7 -34.24223356575108
15 8 -29.7980291289708
15 9 -24.54542621108567
15 10 -18.60683144545096
15 11 -12.177478564594873
15 12 -5.5075730534418605
15 13 1.1287088824334053
15 14 7.469755010435047
15 15 13.298762638225414
15 16 18.463965258394992
15 17 22.884106154043327
15 18 26.541423646258114
15 19 29.46719880180441
15 20 31.725089935855127
15 21 33.396002211546566
15 22 34.56635558505315
15 23 35.32011977304495
15 24 35.734125179943
15 25 35.8758346207679
16 1 -44.83306931549533
16 2 -44.58253572788557
16 3 -43.854505093088186
16 4 -42.54373343259343
16 5 -40.54536620752666
16 6 -37.7673763688209
16 7 -34.14729125459683
16 8 -29.671268716741302
16 9 -24.391399679918884
16 10 -18.435426955009387
16 11 -12.003294574593365
16 12 -5.348056279484678
16 13 1.2559645002756974
16 14 7.549784866041861
16 15 13.321295633835629
16 16 18.42431339870799
16 17 22.782882303661644
16 18 26.383442195374762
16 19 29.260031741643772
16 20 31.477671749499635
16 21 33.11751231313276
16 22 34.265452165047506
16 23 35.00449765171294
16 24 35.410324407784614
16 25 35.549219015901066
17 1 -44.8434884236775
17 2 -44.59056123706761
17 3 -43.85568822610637
17 4 -42.5330212621799
17 5 -40.517567021005995
17 6 -37.717925219429105
17 7 -34.07328771352066
17 8 -29.57262880480329
17 9 -24.271814137141437
17 10 -18.302730722929088
17 11 -11.868927567379618
17 12 -5.225570515668804
17 13 1.3530199027675098
17 14 7.609997471886479
17 15 13.33693988225867
17 16 18.39198132701892
17 17 22.70321916406142
17 18 26.260273152970207
17 19 29.09924458797351
17 20 31.28615202363673
17 21 32.90229863937421
17 22 34.033162314490205
17 23 34.761000863244874
17 24 35.160602606120364
17 25 35.29735513387179
18 1 -44.85332106118985
18 2 -44.598150466744116
18 3 -43.85686656789442
18 4 -42.5230623514577
18 5 -40.49162905900365
18 6 -37.671776135255406
18 7 -34.00428177194239
18 8 -29.480780722552915
18 9 -24.1606772497218
18 10 -18.179709504852063
18 11 -11.744734522591944
18 12 -5.1128024644115495
18 13 1.441860137104017
18 14 7.664465674029624
18 15 13.35004962200173
18 16 18.360743730085158
18 17 22.62836290711884
18 18 26.145418457034783
18 19 28.949868451721834
18 20 31.108612997581766
18 21 32.70306959886059
18 22 33.81831303407932
18 23 34.53590531799868
18 24 34.92981739190097
18 25 35.06461233810103
19 1 -44.86159459068449
19 2 -44.6045475458636
19 3 -43.85790299609957
19 4 -42.51479192656308
19 5 -40.47001987919045
19 6 -37.633322745109695
19 7 -33.94682481055602
19 8 -29.40440100450025
19 9 -24.068415281907132
19 10 -18.077801909141737
19 11 -11.642132329231968
19 12 -5.019963039188038
19 13 1.5146239225644096
19 14 7.708602170064777
19 15 13.359899352552514
19 16 18.33395391621549
19 17 22.565630621857288
19 18 26.049795020247274
19 19 28.82590339335195
19 20 30.96155506037898
19 21 32.53824264401725
19 22 33.64069792592772
19 23 34.349905356916345
19 24 34.73916262017681
19 25 34.87235623816575
20 1 -44.86832364131149
20 2 -44.6097577842368
20 3 -43.85877535274209
20 4 -42.508137029080885
20 5 -40.452586211738236
20 6 -37.602295811347574
20 7 -33.90049232568546
20 8 -29.342873546838792
20 9 -23.994198575419162
20 10 -17.995971601243223
20 11 -11.559926138161474
20 12 -4.945791989117572
20 13 1.5725085866517796
20 14 7.743399721405862
20 15 13.367149072150394
20 16 18.311846654160902
20 17 22.51478652401572
20 18 25.972697830850006
20 19 28.726214016160085
20 20 30.84347583704767
20 21 32.406023677134606
20 22 33.49830813016043
20 23 34.20084918409508
20 24 34.58640643275437
20 25 34.71832731681025
21 1 -44.87460643199499
21 2 -44.61462829063131
21 3 -43.85961308920225
21 4 -42.5019801044472
21 5 -40.436420736157565
21 6 -37.573522976012505
21 7 -33.85754828972998
21 8 -29.285897029329263
21 9 -23.92555483328974
21 10 -17.920401691760443
21 11 -11.484153494716491
21 12 -4.877594598506331
21 13 1.625534933561158
21 14 7.775027213748123
21 15 13.373324421604435
21 16 18.290962040454456
21 17 22.46746184550472
21 18 25.90125284850747
21 19 28.634035309393518
21 20 30.734434388227612
21 21 32.28402483009841
21 22 33.36699311411682
21 23 34.0634298118976
21 24 34.44559959914589
21 25 34.57635536226073
22 1 -44.88016339906734
22 2 -44.618940698940065
22 3 -43.8603723518636
22 4 -42.49657911062658
22 5 -40.4222111654682
22 6 -37.548229222891734
22 7 -33.819814765925614
22 8 -29.235874404429122
22 9 -23.86535522330015
22 10 -17.854219646739324
22 11 -11.417908137143398
22 12 -4.818105530106664
22 13 1.6716350102321782
22 14 7.802325874704001
22 15 13.378324024624797
22 16 18.272303825004133
22 17 22.425725526674356
22 18 25.83849018743615
22 19 28.553216490459192
22 20 30.63894166065617
22 21 32.177262976310104
22 22 33.252132193224426
22 23 33.943263465384604
22 24 34.322489617655414
22 25 34.45223299270679
23 1 -44.88559718305535
23 2 -44.62316157996328
23 3 -43.86113108049734
23 4 -42.49133761140344
23 5 -40.408395353610544
23 6 -37.52363446914586
23 7 -33.78314017385706
23 8 -29.18729222787685
23 9 -23.806948532169184
23 10 -17.79009076452543
23 11 -11.353819957595002
23 12 -4.760672772965416
23 13 1.716003088140801
23 14 7.828422094681717
23 15 13.382805616854151
23 16 18.253897870663245
23 17 22.38502623451636
23 18 25.77750335350615
23 19 28.47482381461177
23 20 30.5464134138301
23 21 32.07388463217228
23 22 33.14095880444734
23 23 33.826985065902484
23 24 34.20337920213451
23 25 34.33214864644436
24 1 -44.890715009625495
24 2 -44.62714064119453
24 3 -43.861860165567784
24 4 -42.48643622833376
24 5 -40.39545292685708
24 6 -37.500592863744345
24 7 -33.74879608955472
24 8 -29.141830053701746
24 9 -23.752345894282275
24 10 -17.730211855563866
24 11 -11.294069975613384
24 12 -4.707233743010283
24 13 1.7571626420178903
24 14 7.852473400410071
24 15 13.386668587191663
24 16 18.23642256366028
24 17 22.346796073750507
24 18 25.720406688539285
24 19 28.40155447375566
24 20 30.460018628350724
24 21 31.977420019108404
24 22 33.0372622362148
24 23 33.71855336331491
24 24 34.09232104350339
24 25 34.2201873096125
25 1 -44.89540421283673
25 2 -44.63078947493525
25 3 -43.86254030995313
25 4 -42.48197494993822
25 5 -40.38365315669249
25 6 -37.47958421680484
25 7 -33.71749448018084
25 8 -29.100422988826214
25 9 -23.702658417883196
25 10 -17.675784660269855
25 11 -11.239836340033994
25 12 -4.65881739930288
25 13 1.794350172312996
25 14 7.874071004328244
25 15 13.38991104305746
25 16 18.22029682290996
25 17 22.31185619304552
25 18 25.668381881919238
25 19 28.33489579723253
25 20 30.38149055352477
25 21 31.889789836922855
25 22 32.94309718542709
25 23 33.620110513630436
25 24 33.99150571664779
25 25 34.118556192144936
26 1 -44.89991676650295
26 2 -44.634303538007536
26 3 -43.86320560720008
26 4 -42.47770806774712
26 5 -40.37235014893856
26 6 -37.459458873749924
26 7 -33.687519988781425
26 8 -29.060796300232976
26 9 -23.655147349483457
26 10 -17.62379646129039
26 11 -11.188101101112949
26 12 -4.612710721117096
26 13 1.8296715313193197
26 14 7.894466367530977
26 15 13.392769693743402
26 16 18.204679608034894
26 17 22.278313291735607
26 18 25.61857624376524
26 19 28.271170762520928
26 20 30.30648195105753
26 21 31.80613197028836
26 22 32.85323140835776
26 23 33.52618177518581
26 24 33.89532392037202
26 25 34.021599712366196
27 1 -44.904202306730625
27 2 -44.63764322230677
27 3 -43.8638470778374
27 4 -42.473679415792496
27 5 -40.36166256262025
27 6 -37.440428312816586
27 7 -33.65918603928743
27 8 -29.023360784799042
27 9 -23.61029940501927
27 10 -17.574771726146032
27 11 -11.139375977536684
27 12 -4.569357717112664
27 13 1.8628007257594597
27 14 7.913489561776307
27 15 13.395252341636144
27 16 18.189761490502534
27 17 22.246531838634287
27 18 25.571509537005642
27 19 28.211030388601685
27 20 30.235749205182834
27 21 31.727282977267492
27 22 32.76855870249212
27 23 33.437698273544044
27 24 33.80472743505536
27 25 33.930276745193
28 1 -44.90852864350491
28 2 -44.64101704025264
28 3 -43.86450405044349
28 4 -42.469635394203664
28 5 -40.350918877501265
28 6 -37.42129692249404
28 7 -33.630711787025234
28 8 -28.985761820939732
28 9 -23.56529087835641
28 10 -17.525619739180772
28 11 -11.09058401926392
28 12 -4.52601457357191
28 13 1.8958417420663656
28 14 7.9323581343378065
28 15 13.397534231433548
28 16 18.17461889285221
28 17 22.214521582949892
28 18 25.524223357706383
28 19 28.150687318360365
28 20 30.16483278411644
28 21 31.648267965648213
28 22 32.68373422196824
28 23 33.34907300856007
28 24 33.71399496835871
28 25 33.838819822260035
29 1 -44.91260442841646
29 2 -44.644197592301445
29 3 -43.86513149594205
29 4 -42.46584642409131
29 5 -40.34083882100774
29 6 -37.40334643777117
29 7 -33.6040041223138
29 8 -28.950515561931905
29 9 -23.523130799234956
29 10 -17.479622362147428
29 11 -11.04497776816195
29 12 -4.485564337544877
29 13 1.9266042073425111
29 14 7.949830879677458
29 15 13.399482090273084
29 16 18.16028009557572
29 17 22.18443343630203
29 18 25.479884005587117
29 19 28.09417486066216
29 20 30.09846754266252
29 21 31.57435881955824
29 22 32.60441492301099
29 23 33.266214794352564
29 24 33.629174943529705
29 25 33.75332536053214
30 1 -44.9162716195534
30 2 -44.64706103416531
30 3 -43.86570301610577
30 4 -42.4624543709182
30 5 -40.33180322671558
30 6 -37.387255268507744
30 7 -33.580070261601456
30 8 -28.918946385424594
30 9 -23.485395489798613
30 10 -17.438488574950583
30 11 -11.004238227183267
30 12 -4.449482234940148
30 13 1.9539846220484536
30 14 7.96530491062421
30 15 13.401070645868087
30 16 18.14732011555403
30 17 22.157418605100126
30 18 25.44016099944303
30 19 28.043603219833603
30 20 30.039119103050734
30 21 31.508292569116097
30 22 32.5335321075967
30 23 33.19218184848442
30 24 33.553395879871154
30 25 33.67694603896982
31 1 -44.91990889372389
31 2 -44.6499027219863
31 3 -43.8662763234549
31 4 -42.45910578481688
31 5 -40.32287275652488
31 6 -37.37135072393618
31 7 -33.556420897411314
31 8 -28.887767784272885
31 9 -23.448151554402493
31 10 -17.39792388313257
31 11 -10.964103530663374
31 12 -4.4139836293845285
31 13 1.9808666262489147
31 14 7.980425155800162
31 15 13.402495655045726
31 16 18.1344127365324
31 17 22.130677813105628
31 18 25.40092119146784
31 19 27.993699251966973
31 20 29.98059122871085
31 21 31.44316597647488
31 22 32.46367539290327
31 23 33.11923200134131
31 24 33.478731663557745
31 25 33.601692504102495
32 1 -44.92348611026652
32 2 -44.65269903076276
32 3 -43.86684635923738
32 4 -42.4558276654241
32 5 -40.314119936904554
32 6 -37.35576201548406
32 7 -33.53324785644178
32 8 -28.857231943552776
32 9 -23.4116990524425
32 10 -17.35825342363649
32 11 -10.924893231872835
32 12 -4.379348604455979
32 13 2.00704116521352
32 14 7.995078019128519
32 15 13.403753485070418
32 16 18.121668444431883
32 17 22.10443094696107
32 18 25.362482773873815
32 19 27.944864656304027
32 20 29.923352919198482
32 21 31.379499404818755
32 22 32.39540189264713
32 23 33.04794636855322
32 24 33.405776703185964
32 25 33.52816373236502
33 1 -44.92688978737546
33 2 -44.655361087832034
33 3 -43.86739438251786
33 4 -42.45272240046349
33 5 -40.30581925423237
33 6 -37.34097807629149
33 7 -33.51127726211134
33 8 -28.8282941417672
33 9 -23.377175831360006
33 10 -17.320711990780623
33 11 -10.887823430258544
33 12 -4.346646218257083
33 13 2.0317063729996327
33 14 8.00882250400982
33 15 13.404820348198658
33 16 18.10949771656645
33 17 22.07950584473754
33 18 25.326049410429963
33 19 27.89862289966441
33 20 29.869185732450447
33 21 31.319271594136296
33 22 32.33083153786224
33 23 32.98053714154228
33 24 33.33679430288824
33 25 33.45864059431455
34 1 -44.93036563718016
34 2 -44.6580809896351
34 3 -43.86795964313064
34 4 -42.449565060209025
34 5 -40.297369978593714
34 6 -37.325929018856485
34 7 -33.488918823595746
34 8 -28.798859049173398
34 9 -23.342080923676303
34 10 -17.282578270896394
34 11 -10.850204850231147
34 12 -4.313501476785784
34 13 2.056656584378946
34 14 8.022662475761763
34 15 13.40578129853058
34 16 18.097025268468737
34 17 22.054101211349355
34 18 25.288983740500075
34 19 27.85162369431871
34 20 29.814163095410525
34 21 31.258115155206994
34 22 32.265281021260286
34 23 32.912114457516616
34 24 33.26678012656636
34 25 33.3880794050231
35 1 -44.933945546819245
35 2 -44.66088378009796
35 3 -43.86854769696908
35 4 -42.44632759214048
35 5 -40.288696425518104
35 6 -37.310480027255714
35 7 -33.465972674829914
35 8 -28.76866445469132
35 9 -23.306103119567233
35 10 -17.24351598741388
35 11 -10.811708003702032
35 12 -4.279626612627944
35 13 2.082105520862303
35 14 8.036712734909703
35 15 13.406637561038206
35 16 18.084134684350527
35 17 22.027987976490113
35 18 25.250955521935285
35 19 27.803450878225483
35 20 29.757799606663315
35 21 31.195491842730497
35 22 32.1981742863804
35 23 32.84207756433234
35 24 33.195119744434265
35 25 33.31586103459981
36 1 -44.93710940307241
36 2 -44.663362053787296
36 3 -43.869072315682196
36 4 -42.44347841920621
36 5 -40.28105489554882
36 6 -37.296868852415365
36 7 -33.44576165586152
36 8 -28.742080937678857
36 9 -23.27444702639095
36 10 -17.20917172820122
36 11 -10.777892503803567
36 12 -4.249907620357714
36 13 2.1043897019079627
36 14 8.048960104459606
36 15 13.40728345268157
36 16 18.072705545597024
36 17 22.004953651635525
36 18 25.217470346565946
36 19 27.76107206824711
36 20 29.708242832073424
36 21 31.140450740860366
36 22 32.13920596508101
36 23 32.780542932899586
36 24 33.13216333185814
36 25 33.25241597859187
37 1 -44.94068932957751
37 2 -44.666167605208706
37 3 -43.8696714216788
37 4 -42.44026804673245
37 5 -40.27243533524792
37 6 -37.28151518584618
37 7 -33.42296938111393
37 8 -28.712115742830417
37 9 -23.2387853238957
37 10 -17.17051067263343
37 11 -10.739862124855957
37 12 -4.216525343860657
37 13 2.1293729661778467
37 14 8.06262842588036
37 15 13.407890946855346
37 16 18.059733113872674
37 17 21.978940172003057
37 18 25.179720361116075
37 19 27.71333923425095
37 20 29.652455932837473
37 21 31.07851182183433
37 22 32.072862567410006
37 23 32.71132172919984
37 24 33.061347898855196
37 25 33.18105265503663
38 1 -44.9442392320809
38 2 -44.6689510448948
38 3 -43.87027120625295
38 4 -42.43709859937455
38 5 -40.26391598523404
38 6 -37.266339605385745
38 7 -33.400447888676915
38 8 -28.682520561640036
38 9 -23.20358620418811
38 10 -17.13238122698335
38 11 -10.702391527909654
38 12 -4.183677005245363
38 13 2.153907026361287
38 14 8.075986011443586
38 15 13.408366191782838
38 16 18.046828509672164
38 17 21.953197481446317
38 18 25.1424314475318
38 19 27.666234351439652
38 20 29.59743470787024
38 21 31.017445520173037
38 22 32.00746924055491
38 23 32.643101591880146
38 24 32.99156191230593
38 25 33.11072855251685
39 1 -44.94766561199402
39 2 -44.67163895658669
39 3 -43.87085545078804
39 4 -42.434052525590744
39 5 -40.25571918833008
39 6 -37.25173821819524
39 7 -33.37878457185607
39 8 -28.654066257084533
39 9 -23.169764837654867
39 10 -17.09577245366435
39 11 -10.66644981624166
39 12 -4.152208783577785
39 13 2.177363872659292
39 14 8.088696207514229
39 15 13.40870685340606
39 16 18.034335431397846
39 17 21.928400385893656
39 18 25.106575545654696
39 19 27.620981528367892
39 20 29.54460636158663
39 21 30.95883397319105
39 22 31.944718942235635
39 23 32.577647841775814
39 24 32.92461076528868
39 25 33.04326283332984
40 1 -44.95142790468516
40 2 -44.674591866435605
40 3 -43.87150294044224
40 4 -42.430722482844445
40 5 -40.24674805822126
40 6 -37.23575706921762
40 7 -33.35508097964816
40 8 -28.6229468969803
40 9 -23.132799152762093
40 10 -17.055791890490426
40 11 -10.627236419814048
40 12 -4.117920716988452
40 13 2.202870648384374
40 14 8.10244881313088
40 15 13.408949646247043
40 16 18.020576467371793
40 17 21.901228822677265
40 18 25.06735668124206
40 19 27.57153099611442
40 20 29.486910546319873
40 21 30.894845459397015
40 22 31.87622797133467
40 23 32.506216245799024
40 24 32.85155053994485
40 25 32.969642960331356
41 1 -44.95527283633439
41 2 -44.67761122305368
41 3 -43.872171036537026
41 4 -42.427334985138145
41 5 -40.237611203357766
41 6 -37.219480287441286
41 7 -33.33094622931647
41 8 -28.591277401883833
41 9 -23.09520512540956
41 10 -17.015165700399752
41 11 -10.587431211755389
41 12 -4.083162959620188
41 13 2.228671111352185
41 14 8.116286445748823
41 15 13.409058313341522
41 16 18.006472286074214
41 17 21.873521784254148
41 18 25.02743985010881
41 19 27.521250023665438
41 20 29.428280924373855
41 21 30.82984616390733
41 22 31.80667211618103
41 23 32.433684856111235
41 24 32.77737132883424
41 25 32.894897529743325
42 1 -44.959160984346774
42 2 -44.680666128498466
42 3 -43.872853131894004
42 4 -42.4239253680356
42 5 -40.228403523078306
42 6 -37.20307693548017
42 7 -33.30663131022681
42 8 -28.559387747569424
42 9 -23.057375408520098
42 10 -16.974319423104657
42 11 -10.547452541814268
42 12 -4.048302361731445
42 13 2.2544912073605876
42 14 8.130059855698544
42 15 13.409027464413539
42 16 17.992166882510976
42 17 21.845566556239355
42 18 24.98724116290763
42 19 27.470664203233184
42 20 29.369331354830702
42 21 30.764517331052822
42 22 31.736780845697858
42 23 32.36081464210725
42 24 32.7028515488783
42 25 32.81981095421988
43 1 -44.96340805246808
43 2 -44.684004866668076
43 3 -43.87360556440844
43 4 -42.420219135960764
43 5 -40.21838210339623
43 6 -37.18522348811907
43 7 -33.28017548305063
43 8 -28.524708796927523
43 9 -23.016266085519064
43 10 -16.929971435965317
43 11 -10.504094520652274
43 12 -4.01055031767022
43 13 2.2823884230880167
43 14 8.144856131101031
43 15 13.408835114108204
43 16 17.976493628439123
43 17 21.815103587382705
43 18 24.943521876484198
43 19 27.415704794557175
43 20 29.305325225618592
43 21 30.693613193322037
43 22 31.66094437127239
43 23 32.28175819045812
43 24 32.62201222224791
43 25 32.73835905296778
44 1 -44.96768939424539
44 2 -44.68737245919737
44 3 -43.87437176761827
44 4 -42.41650193719678
44 5 -40.20831768375172
44 6 -37.16729301057222
44 7 -33.25361454737065
44 8 -28.489911552950847
44 9 -22.975047198710136
44 10 -16.885546520816636
44 11 -10.460711472218383
44 12 -3.972834266317335
44 13 2.310191624490822
44 14 8.159513350797617
44 15 13.408476832409889
44 16 17.960645781286832
44 17 21.78447194327408
44 18 24.89964916995591
44 19 27.360611437180154
44 20 29.241204818345803
44 21 30.62261203075419
44 22 31.585024354861346
44 23 32.2026274997908
44 24 32.54110397472587
44 25 32.656840085305966
45 1 -44.97213411021562
45 2 -44.69087056193793
45 3 -43.87517528615993
45 4 -42.41266277477734
45 5 -40.197908982641835
45 6 -37.148748752962426
45 7 -33.226153958276186
45 8 -28.453956237410736
45 9 -22.932488826313495
45 10 -16.839721349576457
45 11 -10.416013745343317
45 12 -3.9340359568447036
45 13 2.3387218103039866
45 14 8.174459937046759
45 15 13.407933831427533
45 16 17.94414410568709
45 17 21.752753545942674
45 18 24.854312337081954
45 19 27.30374097221882
45 20 29.175059672600028
45 21 30.54939972250744
45 22 31.506761127979285
45 23 32.12106791727676
45 24 32.45771957256298
45 25 32.572828753115786
46 1 -44.97701825631487
46 2 -44.69471683103455
46 3 -43.87606761315863
46 4 -42.4084671215393
46 5 -40.18651739028604
46 6 -37.12845291358725
46 7 -33.19611077669295
46 8 -28.414643398316237
46 9 -22.88599394872022
46 10 -16.78970799294007
46 11 -10.367292134387334
46 12 -3.891815299231148
46 13 2.369686371457911
46 14 8.190572636076714
46 15 13.407140481147302
46 16 17.925955739092345
46 17 21.717995969583768
46 18 24.8047378460639
46 19 27.241625679272957
46 20 29.10286458010353
46 21 30.469526677009412
46 22 31.42140200064632
46 23 32.0321290345716
46 24 32.36679918347197
46 25 32.48122763566441
47 1 -44.98225270688366
47 2 -44.6988416290838
47 3 -43.87703468273778
47 4 -42.40399701318403
47 5 -40.17436176359455
47 6 -37.10679535468845
47 7 -33.16406481492732
47 8 -28.372737487186676
47 9 -22.83647559017437
47 10 -16.736500413080527
47 11 -10.315529159102821
47 12 -3.847039939706521
47 13 2.4024301340230294
47 14 8.207485491674491
47 15 13.406066797854134
47 16 17.906401553090255
47 17 21.68085807660387
47 18 24.751889434910076
47 19 27.175489049402117
47 20 29.02605285017658
47 21 30.384586608126448
47 22 31.33065559445264
47 23 31.937594580852387
47 24 32.270168153809095
47 25 32.3838763834728
48 1 -44.9877895567428
48 2 -44.70320767594406
48 3 -43.87806954241081
48 4 -42.399298052076055
48 5 -40.16156278061845
48 6 -37.083991053763036
48 7 -33.13033653052623
48 8 -28.328662519243895
48 9 -22.784442446541593
48 10 -16.680655318692924
48 11 -10.261278496776985
48 12 -3.8002025290494785
48 13 2.436576933162043
48 14 8.224983064061547
48 15 13.404685600639036
48 16 17.8856520912617
48 17 21.6417016749241
48 18 24.696301962799787
48 19 27.106013712364295
48 20 28.945426671790624
48 21 30.295473214578383
48 22 31.235481215844775
48 23 31.83846676910988
48 24 32.16885247875799
48 25 32.28180916709715
49 1 -44.99422973334988
49 2 -44.708289795862946
49 3 -43.87928841421003
49 4 -42.3938699008158
49 5 -40.14675072504616
49 6 -37.05759946300901
49 7 -33.09132113653559
49 8 -28.277718121068208
49 9 -22.724361302949074
49 10 -16.616255154623932
49 11 -10.198816758419438
49 12 -3.7463905020538015
49 13 2.4756748515327875
49 14 8.244838843303098
49 15 13.402769974613648
49 16 17.861437210873788
49 17 21.59632144013319
49 18 24.632047247490924
49 19 27.02581827955293
49 20 28.852439660617634
49 21 30.19275441677101
49 22 31.125814796341455
49 23 31.724269523685564
49 24 32.05214814892287
49 25 32.16424369296049
50 1 -45.00065520670592
50 2 -44.71336427482206
50 3 -43.88052049854294
50 4 -42.38849362307527
50 5 -40.13205169717594
50 6 -37.03140876666249
50 7 -33.0526225469768
50 8 -28.227229415456684
50 9 -22.664883030755657
50 10 -16.552588484775164
50 11 -10.137171768066528
50 12 -3.693402870011541
50 13 2.514032617901809
50 14 8.264129378450118
50 15 13.400536788127472
50 16 17.837196832120977
50 17 21.551221258341336
50 18 24.568364813897038
50 19 26.946454838778124
50 20 28.760500905885007
50 21 30.09125282573379
50 22 31.01748843894275
50 23 31.611493436698982
50 24 31.936910177087622
50 25 32.0481601552206
51 1 -45.00815457148347
51 2 -44.71929176435652
51 3 -43.88197833978731
51 4 -42.38226780702932
51 5 -40.11499440271658
51 6 -37.00101561029013
51 7 -33.007739386408375
51 8 -28.16872444508118
51 9 -22.59604281919577
51 10 -16.479009261643284
51 11 -10.066059879437255
51 12 -3.6324277715319
51 13 2.5579971579046252
51 14 8.286003695101781
51 15 13.397536286379554
51 16 17.80881000809789
51 17 21.498806519419492
51 18 24.494569864371257
51 19 26.854633593088156
51 20 28.654233182970692
51 21 29.97400475747201
51 22 30.892406703164873
51 23 31.48130536600813
51 24 31.803897342426943
51 25 31.91417718404394
52 1 -45.01588378240158
52 2 -44.72540635126193
52 3 -43.88350279561986
52 4 -42.37590539431613
52 5 -40.097523272394476
52 6 -36.969884637474266
52 7 -32.96179446901118
52 8 -28.10889404251273
52 9 -22.5257338198802
52 10 -16.403980724576634
52 11 -9.993692306085086
52 12 -3.5705419313941
52 13 2.602424130249724
52 14 8.307845890981998
52 15 13.394014162872049
52 16 17.779453823845184
52 17 21.44503680994723
52 18 24.419103353100873
52 19 26.76089115120712
52 20 28.545854718263314
52 21 29.854507779018263
52 22 30.76498047278679
52 23 31.348711797585366
52 24 31.668445697939312
52 25 31.77774403302121
53 1 -45.025011745698976
53 2 -44.73263443311736
53 3 -43.885331196994656
53 4 -42.36846101062955
53 5 -40.07703005140205
53 6 -36.933368375813096
53 7 -32.90793768709559
53 8 -28.038836261353886
53 9 -22.443523147426117
53 10 -16.316406525562748
53 11 -9.909409974461866
53 12 -3.498679623147637
53 13 2.653764124302554
53 14 8.332749527489376
53 15 13.389313462081121
53 16 17.744666247782828
53 17 21.381865070183316
53 18 24.330739557690354
53 19 26.651329089052687
53 20 28.419329580448697
53 21 29.715103774185614
53 22 30.616395570091537
53 23 31.194145523869782
53 24 31.510571649418043
53 25 31.618734133547765
54 1 -45.03661121429172
54 2 -44.7418301778352
54 3 -43.887697444133806
54 4 -42.359106922452355
54 5 -40.05120138055418
54 6 -36.88734479898683
54 7 -32.840114626049534
54 8 -27.95072733207879
54 9 -22.340309445132284
54 10 -16.206696152896946
54 11 -9.804107523301036
54 12 -3.409218913137474
54 13 2.7172969127720044
54 14 8.363050736927116
54 15 13.38253007512996
54 16 17.700292902063968
54 17 21.302101818677514
54 18 24.219616744766668
54 19 26.51385099610664
54 20 28.26078157133127
54 21 29.54056998443594
54 22 30.430471697216092
54 23 31.000803442532284
54 24 31.31312801970491
54 25 31.419882213186483
55 1 -45.049577458307986
55 2 -44.752123064874624
55 3 -43.89039758406534
55 4 -42.34878718607194
55 5 -40.022604595190444
55 6 -36.83638897540113
55 7 -32.765096184828266
55 8 -27.853422533833832
55 9 -22.22655630968106
55 10 -16.086089751627416
55 11 -9.68871326672431
55 12 -3.311602318516388
55 13 2.7861318091262475
55 14 8.395210663944166
55 15 13.373927432841446
55 16 17.65049820353849
55 17 21.213618184875752
55 18 24.096913980681684
55 19 26.362431069033892
55 20 28.08642855612955
55 21 29.348831612316765
55 22 30.226353109320137
55 23 30.788624870230116
55 24 31.096494085817547
55 25 31.201718671866324
56 1 -45.064788800597526
56 2 -44.76421584345501
56 3 -43.89363693572899
56 4 -42.33685857222031
56 5 -39.98941565283774
56 6 -36.77725155108368
56 7 -32.67812961822981
56 8 -27.74082018583018
56 9 -22.09522578868743
56 10 -15.947248640461115
56 11 -9.556350630704372
56 12 -3.200175843754822
56 13 2.864065467511531
56 14 8.430741836053624
56 15 13.362541862597585
56 16 17.591863193467717
56 17 21.110722973163927
56 18 23.95495340527682
56 19 26.18773899012353
56 20 27.885629453989946
56 21 29.128258821833224
56 22 29.9917083460887
56 23 30.544822635848803
56 24 30.84763112710367
56 25 30.95111848524685
57 1 -45.085072349011305
57 2 -44.78036946071281
57 3 -43.89807217243862
57 4 -42.321240200787315
57 5 -39.94574211301398
57 6 -36.699435450671224
57 7 -32.56385479972498
57 8 -27.593187836403406
57 9 -21.923538295170868
57 10 -15.76639485879839
57 11 -9.384709471130504
57 12 -3.056562512873191
57 13 2.9634775288960813
57 14 8.47463280546183
57 15 13.345337313825665
57 16 17.513386007019715
57 17 20.975035975954647
57 18 23.768899465264894
57 19 25.95956708993263
57 20 27.623913710674508
57 21 28.84116452774578
57 22 29.68656741843857
57 23 30.227943795085448
57 24 30.524267554246602
57 25 30.62552918633225
58 1 -45.11023710625916
58 2 -44.800453517875596
58 3 -43.90374990528994
58 4 -42.30229988929361
58 5 -39.89244378585876
58 6 -36.60447800843616
58 7 -32.42465708177826
58 8 -27.413863534563895
58 9 -21.715760282876282
58 10 -15.548517995554002
58 11 -9.179105385290583
58 12 -2.8858627701494965
58 13 3.0800714114733543
58 14 8.523916395904223
58 15 13.321052094095831
58 16 17.415697601763306
58 17 20.809086229655733
58 18 23.543041223788812
58 19 25.683733123765375
58 20 27.308350657888095
58 21 28.49558388176557
58 22 29.319661764968174
58 23 29.84717678136391
58 24 30.135845637960234
58 25 30.234480391203764
59 1 -45.14174436999316
59 2 -44.82566282065475
59 3 -43.911116349244836
59 4 -42.279230003199544
59 5 -39.827021943659034
59 6 -36.48793803985524
59 7 -32.25420168902503
59 8 -27.195032961781216
59 9 -21.463350997008934
59 10 -15.285316194425278
59 11 -8.932462558762852
59 12 -2.683050036579298
59 13 3.2162848775932047
59 14 8.578215429157916
59 15 13.286537955998778
59 16 17.293112152043925
59 17 20.60498974336296
59 18 23.267674393080455
59 19 25.34908344740053
59 20 26.926675615255974
59 21 28.07843547182131
59 22 28.87734112521895
59 23 29.38850649700826
59 24 29.668150429536404
59 25 29.763688834220115
60 1 -45.18646236245962
60 2 -44.86155392815414
60 3 -43.92202784188199
60 4 -42.24763206484757
60 5 -39.736506347833085
60 6 -36.326740060455535
60 7 -32.01912997261801
60 8 -26.894635643455587
60 9 -21.118920392191814
60 10 -14.928795056995815
60 11 -8.60144614768439
60 12 -2.414321030578715
60 13 3.3926612964712426
60 14 8.642615883382252
60 15 13.230762539565667
60 16 17.119088236841687
60 17 20.32218741650113
60 18 22.890208812461925
60 19 24.89316312735984
60 20 26.408693255811684
60 21 27.513731710422743
60 22 28.279530994588068
60 23 28.769214014298157
60 24 29.037006629284868
60 25 29.128480092595613
61 1 -45.25283726126456
61 2 -44.915044996695
61 3 -43.93911702709159
61 4 -42.20298434905903
61 5 -39.60677786441777
61 6 -36.09582848758912
61 7 -31.683847376783046
61 8 -26.468993152942577
61 9 -20.635009353677162
61 10 -14.433107563102828
61 11 -8.147236695280442
61 12 -2.0523302067572824
61 13 3.6221993961534342
61 14 8.71459163918685
61 15 13.13593891581285
61 16 16.86185246497619
61 17 19.91676293475039
61 18 22.3566428133169
61 19 24.253915138036035
61 20 25.686153460662513
61 21 26.728658550579954
61 22 27.450232390397517
61 23 27.911254819881094
61 24 28.163248244610347
61 25 28.249304646291293
62 1 -45.36700528439681
62 2 -45.00757514735858
62 3 -43.970668474200615
62 4 -42.13167655138272
62 5 -39.39499736730297
62 6 -35.71929424902934
62 7 -31.140901168180324
62 8 -25.786848035129115
62 9 -19.869710680164626
62 10 -13.661872561641127
62 11 -7.454981906370948
62 12 -1.51673299736913
62 13 3.942438467672187
62 14 8.78552588379551
62 15 12.948118581623618
62 16 16.42587496237473
62 17 19.257019154803974
62 18 21.505171293968278
62 19 23.24543003696282
62 20 24.554575237699733
62 21 25.505024386629092
62 22 26.1616725146477
62 23 26.580696552608547
62 24 26.809563820646346
62 25 26.887695105052675
63 1 -45.571381412094325
63 2 -45.174522690323805
63 3 -44.03260079486299
63 4 -42.01810862211609
63 5 -39.0454454247774
63 6 -35.099477526849384
63 7 -30.257820509056657
63 8 -24.696635925692448
63 9 -18.673367544974056
63 10 -12.488512197636066
63 11 -6.437745625980706
63 12 -0.769553498309366
63 13 4.34034358484758
63 14 8.794796120061484
63 15 12.565607519547171
63 16 15.675954080377606
63 17 18.18152247488658
63 18 20.15445335631529
63 19 21.671637889579614
63 20 22.807252424670697
63 21 23.628660829027712
63 22 24.19466248490843
63 23 24.555206467578685
63 24 24.751923607724493
63 25 24.819045694143693
64 1 -45.971641878256136
64 2 -45.504810532287635
64 3 -44.168135627695605
64 4 -41.833636536526306
64 5 -38.44263619276751
64 6 -34.03783019922558
64 7 -28.77813169106151
64 8 -22.925382790147367
64 9 -16.802786283807023
64 10 -10.73812470012182
64 11 -5.011487815266074
64 12 0.17704554362750718
64 13 4.715363138251826
64 14 8.568371014478206
64 15 11.757630702892977
64 16 14.33983246437037
64 17 16.388889029249356
64 18 17.983241819413642
64 19 19.198026907643914
64 20 20.100959625941545
64 21 20.750715670912573
64 22 21.196812558943204
64 23 21.480288661864805
64 24 21.634731451096915
64 25 21.68739279212088
65 1 -46.622450181294546
65 2 -46.04720599315566
65 3 -44.41279139114681
65 4 -41.60257413813371
65 5 -37.61793198514637
65 6 -32.60707717480264
65 7 -26.85529075268078
65 8 -20.733281473673408
65 9 -14.62209685035678
65 10 -8.84428275411941
65 11 -3.6237475178097744
65 12 0.9209617704166613
65 13 4.759602181835014
65 14 7.923316585373501
65 15 10.478485334615984
65 16 12.506515485214722
65 17 14.090543647913789
65 18 15.307914723651422
65 19 16.226712979441555
65 20 16.904799077690466
65 21 17.390222133656238
65 22 17.72227579287063
65 23 17.932768967102685
65 24 18.047282078233984
65 25 18.08630147353486
66 1 -47.46404287085655
66 2 -46.75297326507967
66 3 -44.752241640582355
66 4 -41.378486035520375
66 5 -36.73336657111096
66 6 -31.11126171926226
66 7 -24.940952559073423
66 8 -18.68360179189697
66 9 -12.733986239767127
66 10 -7.362879365942459
66 11 -2.7085690126968043
66 12 1.1983404841942422
66 13 4.398379018367512
66 14 6.96984211582866
66 15 9.00466149397524
66 16 10.593691917788549
66 17 11.819171856930552
66 18 12.751811134058645
66 19 13.450497507963421
66 20 13.963289657198374
66 21 14.328908412841566
66 22 14.578304737585578
66 23 14.736104725085754
66 24 14.821855444977151
66 25 14.85105889866458
67 1 -48.380947783109974
67 2 -47.52292537112971
67 3 -45.13398061336798
67 4 -41.188091841466
67 5 -35.91835061319637
67 6 -29.78038118620261
67 7 -23.328760422800286
67 8 -17.07129232677747
67 9 -11.3710746940047
67 10 -6.421624535734863
67 11 -2.275498799761212
67 12 1.1071452870668161
67 13 3.813886803888024
67 14 5.948557754583779
67 15 7.6128669119203
67 16 8.89757859818671
67 17 9.87952939598808
67 18 10.621738732118308
67 19 11.174905628339284
67 20 11.579347827261412
67 21 11.866917331913188
67 22 12.062695724139763
67 23 12.186411833052922
67 24 12.253589538242279
67 25 12.276459512397432
68 1 -49.224739974226615
68 2 -48.229305594405226
68 3 -45.48469859744092
68 4 -41.03629180665964
68 5 -35.254885430783574
68 6 -28.740746997325225
68 7 -22.13590667512658
68 8 -15.954605685691366
68 9 -10.506785029380918
68 10 -5.911597518974788
68 11 -2.1551054173609314
68 12 0.8489942434761222
68 13 3.2146202539780506
68 14 5.056823592474742
68 15 6.479005335274134
68 16 7.568474086132172
68 17 8.396343558681197
68 18 9.019323149016156
68 19 9.482088004846464
68 20 9.819604747260781
68 21 10.059163844942482
68 22 10.222055145208557
68 23 10.32490527363202
68 24 10.380725561345013
68 25 10.399724668272114
69 1 -50.01122614698619
69 2 -48.88279900899141
69 3 -45.800517318305594
69 4 -40.893440586579715
69 5 -34.6745690929208
69 6 -27.87376342859111
69 7 -21.191445182491456
69 8 -15.123366535036682
69 9 -9.917986743253882
69 10 -5.627384649186731
69 11 -2.185814682645155
69 12 0.5248432792319881
69 13 2.633905507291206
69 14 4.261007288044962
69 15 5.508077846000673
69 16 6.458117296983649
69 17 7.176993758013798
69 18 7.716232004145299
69 19 8.115837864388089
69 20 8.406778537800161
69 21 8.613018340025663
69 22 8.753130181160076
69 23 8.841545820199054
69 24 8.889515356565969
69 25 8.905839701782098
70 1 -50.57050570741798
70 2 -49.34176482944616
70 3 -46.0089748097948
70 4 -40.77300709687638
70 5 -34.25787199533555
70 6 -27.28288238207974
70 7 -20.57704940817764
70 8 -14.610473993690892
70 9 -9.582723126751144
70 10 -5.49988206321941
70 11 -2.2642255299420517
70 12 0.26004065367170404
70 13 2.2095091261799773
70 14 3.7048605874684895
70 15 4.845905301796056
70 16 5.7122501838392905
70 17 6.366124420953102
70 18 6.855661307082694
70 19 7.21791584913559
70 20 7.481384334790618
70 21 7.668008249731084
70 22 7.794726813182378
70 23 7.87466295041294
70 24 7.918022952214131
70 25 7.932777197904763
71 1 -51.018405326252065
71 2 -49.70229717835556
71 3 -46.154283267653284
71 4 -40.64355097535232
71 5 -33.892505622602016
71 6 -26.792028254714086
71 7 -20.086214466068558
71 8 -14.216599797580841
71 9 -9.339827651167914
71 10 -5.425316389366398
71 11 -2.3517175029736945
71 12 0.02874405090889932
71 13 1.8568309673434509
71 14 3.253024666852531
71 15 4.314892314824595
71 16 5.119099177975916
71 17 5.724922604943379
71 18 6.177838097258906
71 19 6.512636942749692
71 20 6.755946866680914
71 21 6.9281950702689885
71 22 7.045106775878403
71 23 7.118837591346489
71 24 7.1588254742048925
71 25 7.172431289785846
72 1 -51.33761002972452
72 2 -49.95069344403945
72 3 -46.23033895744913
72 4 -40.505028397676085
72 5 -33.57775991702421
72 6 -26.392896455771957
72 7 -19.700481351423292
72 8 -13.915373063409703
72 9 -9.159599715717283
72 10 -5.375082643040027
72 11 -2.4238304506711073
72 12 -0.15027021048899977
72 13 1.5885751340781429
72 14 2.9124522886897197
72 15 3.916918765021114
72 16 4.676276550322537
72 17 5.247532866909227
72 18 5.674167977090974
72 19 5.989299634291603
72 20 6.21818857748538
72 21 6.380162459576444
72 22 6.490069809692438
72 23 6.559370512109843
72 24 6.596951585102396
72 25 6.609737818726393
73 1 -51.538523799082
73 2 -50.09716709638895
73 3 -46.24569212023338
73 4 -40.3607090184387
73 5 -33.30766263655155
73 6 -26.069182187871696
73 7 -19.39612135883448
73 8 -13.680822222267134
73 9 -9.01883225756455
73 10 -5.332164686363959
73 11 -2.471378736464997
73 12 -0.275917537285078
73 13 1.3982843853344602
73 14 2.6701012611985684
73 15 3.633432571290043
73 16 4.3607584531084935
73 17 4.907388084555847
73 18 5.315334926169162
73 19 5.616500141421414
73 20 5.835158386081255
73 21 5.989848537968815
73 22 6.094792776176921
73 23 6.160955431232055
73 24 6.196831982058983
73 25 6.209037831874488
74 1 -51.65465364521973
74 2 -50.16830590710421
74 3 -46.20952382909261
74 4 -40.19663895605705
74 5 -33.04714910874843
74 6 -25.773343064597654
74 7 -19.124113428815686
74 8 -13.471730739145885
74 9 -8.889808018711953
74 10 -5.2845912129625905
74 11 -2.49797137280069
74 12 -0.365890245024904
74 13 1.2562231704872784
74 14 2.486304861869381
74 15 3.4167822993937516
74 16 4.118595232464655
74 17 4.645649959368239
74 18 5.038764485922346
74 19 5.328857229571873
74 20 5.53941120533742
74 21 5.6883348597131285
74 22 5.789351392470026
74 23 5.853031312180815
74 24 5.88755950242332
74 25 5.899306272239434
75 1 -51.6895840741595
75 2 -50.171462143360586
75 3 -46.137632661526354
75 4 -40.03728544023203
75 5 -32.825124215823315
75 6 -25.53322124466093
75 7 -18.907378820616348
75 8 -13.304616211640045
75 9 -8.782827213354139
75 10 -5.237384307146661
75 11 -2.504449046104837
75 12 -0.4178324582231093
75 13 1.1671490130157156
75 14 2.367611415236428
75 15 3.274847739599034
75 16 3.95865523529733
75 17 4.471919278009402
75 18 4.854597731230063
75 19 5.1369071868738105
75 20 5.341768248768233
75 21 5.48664315889374
75 22 5.584902924907741
75 23 5.646840656860865
75 24 5.680422798686362
75 25 5.691847483770136
76 1 -51.669097785183084
76 2 -50.12640387569104
76 3 -46.03514201740547
76 4 -39.86955236171983
76 5 -32.6136238999616
76 6 -25.31396476801451
76 7 -18.712665657608667
76 8 -13.15397134514691
76 9 -8.68323821359384
76 10 -5.187459530110094
76 11 -2.498564228790828
76 12 -0.4489372312015145
76 13 1.1060043247652707
76 14 2.282600034091933
76 15 3.1711628244766525
76 16 3.8405337637523873
76 17 4.342757571904828
76 18 4.71709078119323
76 19 4.9931814501447755
76 20 5.193496648311027
76 21 5.335139968568473
76 22 5.43120001494851
76 23 5.491747864977631
76 24 5.524575355469567
76 25 5.535743130697248
77 1 -51.60405427865667
77 2 -50.04292607862914
77 3 -45.909141358918056
77 4 -39.69688281520215
77 5 -32.41272188335744
77 6 -25.113615767473
77 7 -18.53768132010217
77 8 -13.018564473797467
77 9 -8.591693993471917
77 10 -5.137657972341296
77 11 -2.4853036122383916
77 12 -0.4661134897868823
77 13 1.0642489450255583
77 14 2.221393768583017
77 15 3.0947811194487636
77 16 3.7524440306601132
77 17 4.245727703951887
77 18 4.613310583554643
77 19 4.884375041022554
77 20 5.081018284993093
77 21 5.220052353501334
77 22 5.314336813121119
77 23 5.37376297955137
77 24 5.405981508102142
77 25 5.41694198174794
78 1 -48.74240830328376
78 2 -47.3932875298277
78 3 -43.82518750512379
78 4 -38.474755564706534
78 5 -32.21897898307813
78 6 -25.96961276879777
78 7 -20.355836872558093
78 8 -15.656217046428294
78 9 -11.894528937262153
78 10 -8.964346301693746
78 11 -6.717137921666784
78 12 -5.008052071875515
78 13 -3.7136831567711015
78 14 -2.7355294542061177
78 15 -1.9975544033003454
78 16 -1.4420353460662887
78 17 -1.0254655806633781
78 18 -0.7151039375815526
78 19 -0.48626638160442043
78 20 -0.3202728194258065
78 21 -0.2029174599521077
78 22 -0.12333807381597359
78 23 -0.07318192686044292
78 24 -0.0459897665229576
78 25 -0.036739314917789874
79 1 -50.15923339646827
79 2 -48.745906588448236
79 3 -45.01181034638664
79 4 -39.42281680263915
79 5 -32.90381526883075
79 6 -26.40833417067231
79 7 -20.58777179772658
79 8 -15.725408966771584
79 9 -11.840247555815752
79 10 -8.818058166081187
79 11 -6.5027598724764175
79 12 -4.7433235194847745
79 13 -3.4116456893743607
79 14 -2.405768336918728
79 15 -1.647144976801014
79 16 -1.0762346576813613
79 17 -0.648208995252071
79 18 -0.32935993023089527
79 19 -0.09429046200167211
79 20 0.0762097352067922
79 21 0.196744199703404
79 22 0.27847604182947894
79 23 0.32998742917972523
79 24 0.3579138843822067
79 25 0.36741405685369133
80 1 -57.42466409698558
80 2 -55.601036619980924
80 3 -50.78712483709154
80 4 -43.59335613249344
80 5 -35.21982013153018
80 6 -26.894938956099285
80 7 -19.450652032152654
80 8 -13.243131174780792
80 9 -8.29050297179493
80 10 -4.442459058471881
80 11 -1.4971375439665322
80 12 0.7395212285717887
80 13 2.431512593889139
80 14 3.7090458960315735
80 15 4.672262079458562
80 16 5.39697796407455
80 17 5.9402236881188655
80 18 6.344852492014505
80 19 6.643134586732414
80 20 6.85946922003565
80 21 7.012398634167974
80 22 7.1160932481365755
80 23 7.181445167259268
80 24 7.216874666710234
80 25 7.228927182054006
81 1 -57.16690847050396
81 2 -55.31720840367352
81 3 -50.43789298057773
81 4 -43.155626725657534
81 5 -34.69299375035106
81 6 -26.294334489665186
81 7 -18.79654094680692
81 8 -12.553382246408493
81 9 -7.578165778201958
81 10 -3.716147160560266
81 11 -0.7622393312093351
81 12 1.4797187235831921
81 13 3.17501907394148
81 14 4.4546516334602675
81 15 5.419223570973871
81 16 6.144830888680772
81 17 6.688672417878765
81 18 7.093704685998518
81 19 7.392262169273143
81 20 7.608784833693286
81 21 7.761841234646902
81 22 7.865619155972403
81 23 7.931022416742084
81 24 7.966479374205623
81 25 7.978541168969443
82 1 -56.80378709376759
82 2 -54.932933895138326
82 3 -50.001001053674145
82 4 -42.64878078032296
82 5 -34.11773316793754
82 6 -25.66483200500199
82 7 -18.130081271447672
82 8 -11.864385324925498
82 9 -6.876557479185011
82 10 -3.0080152451148185
82 11 -0.051042253685252635
82 12 2.1921296803504386
82 13 3.8877108716639763
82 14 5.167192262851201
82 15 6.13144382731864
82 16 6.85669322457009
82 17 7.400200690290337
82 18 7.804947534603088
82 19 8.103274609161598
82 20 8.319619547384116
82 21 8.472544926378028
82 22 8.576231469765487
82 23 8.641576086949607
82 24 8.677000910277512
82 25 8.689051717498323
83 1 -56.42678475515899
83 2 -54.54099783519244
83 3 -49.57224143399521
83 4 -42.17197255331474
83 5 -33.59542743655653
83 6 -25.10829108834819
83 7 -17.55210750244338
83 8 -11.27509809265706
83 9 -6.28248376932852
83 10 -2.4128018493348575
83 11 0.5435280747029742
83 12 2.7853376238987075
83 13 4.479388556789983
83 14 5.75743008602646
83 15 6.720434517616324
83 16 7.44465416292031
83 17 7.987338304934052
83 18 8.391443297668165
83 19 8.689281583923298
83 20 8.905263722389078
83 21 9.057928426403448
83 22 9.16143623490923
83 23 9.226667383574757
83 24 9.262030424771044
83 25 9.274060170609962
84 1 -56.04173213062091
84 2 -54.144430342077484
84 3 -49.14751186442973
84 4 -41.71114985771163
84 5 -33.101521341711155
84 6 -24.590876660570903
84 7 -17.02147768505289
84 8 -10.739007860810762
84 9 -5.745621579761641
84 10 -1.8775159186706778
84 11 1.0763311368221806
84 12 3.315519949814903
84 13 5.007168442509357
84 14 6.283157140387462
84 15 7.2444782329291675
84 16 7.967354648087925
84 17 8.508988776952027
84 18 8.912287691417733
84 19 9.209518651829432
84 20 9.425053360672534
84 21 9.577398244564542
84 22 9.680687535280141
84 23 9.745780276031713
84 24 9.781068057615137
84 25 9.7930721641038
85 1 -55.63282869608984
85 2 -53.72577654993936
85 3 -48.70519303797704
85 4 -41.239017463297
85 5 -32.602937431159276
85 6 -24.074640283098432
85 7 -16.496627381493965
85 8 -10.212068075547178
85 9 -5.220291266189477
85 10 -1.3554214775540971
85 11 1.594785966678269
85 12 3.830541770339865
85 13 5.519211455083064
85 14 6.79273395196311
85 15 7.752072480013751
85 16 8.473387594090667
85 17 9.013812227104339
85 18 9.416188494783865
85 19 9.712727412402206
85 20 9.927753894234574
85 21 10.07973630698658
85 22 10.182778314416
85 23 10.24771458224753
85 24 10.28291733117691
85 25 10.294892476866718
86 1 -55.24010199510796
86 2 -53.325236853506226
86 3 -48.28581199448673
86 4 -40.796246464952986
86 5 -32.14000963003842
86 6 -23.599059989745903
86 7 -16.01584441219372
86 8 -9.73127695478477
86 9 -4.742273556733624
86 10 -0.8812402897897603
86 11 2.0650469489301937
86 12 4.297260304359151
86 13 5.982927774880803
86 14 7.254000262466111
86 15 8.211387689383054
86 16 8.931176083697583
86 17 9.470423283449607
86 18 9.87190420393746
86 19 10.1677730716187
86 20 10.382308269076326
86 21 10.533940690731262
86 22 10.636744114099221
86 23 10.701529489984594
86 24 10.736650263715372
86 25 10.748597493814449
87 1 -54.86445726955813
87 2 -52.94305919052248
87 3 -47.887947040780304
87 4 -40.37909814166831
87 5 -31.70657282761264
87 6 -23.155849341598973
87 7 -15.569193016786485
87 8 -9.285503373236745
87 9 -4.2996016035897355
87 10 -0.44242876734077663
87 11 2.5000560908354625
87 12 4.728895137262746
87 13 6.411732619523994
87 14 7.680510800528318
87 15 8.636079106173202
87 16 9.354448341126123
87 17 9.892603382928888
87 18 10.293255059318295
87 19 10.588504020332179
87 20 10.802585051254024
87 21 10.953894101463758
87 22 11.056477169716967
87 23 11.121123216628634
87 24 11.156168307920808
87 25 11.168089767000152
88 1 -54.53903830563554
88 2 -52.612470550853956
88 3 -47.54496586175133
88 4 -40.020942242638306
88 5 -31.335696613212296
88 6 -22.777470988436843
88 7 -15.188344286602169
88 8 -8.905586229089579
88 9 -3.922342097633639
88 10 -0.06838924394867484
88 11 2.8709567115268255
88 12 5.097025083498417
88 13 6.777546197896735
88 14 8.044450291990978
88 15 8.998534701306035
88 16 9.715747402622997
88 17 10.253013001046838
88 18 10.652989676716832
88 19 10.94773421302699
88 20 11.16144577625867
88 21 11.312491807988229
88 22 11.41489566919783
88 23 11.479428413704277
88 24 11.51441196280481
88 25 11.526312466168246
89 1 -54.20997457927908
89 2 -52.27846155344506
89 3 -47.199093579133155
89 4 -39.66051489584263
89 5 -30.963010722444082
89 6 -22.397464172795743
89 7 -14.805793717567068
89 8 -8.523735722088858
89 9 -3.542853251056304
89 10 0.308177811081652
89 11 3.244653429564452
89 12 5.4681784405980345
89 13 7.1465685483079495
89 14 8.411746161433935
89 15 9.364462316348284
89 16 10.080607958716758
89 17 10.617052572773835
89 18 11.016406011805444
89 19 11.310684705339334
89 20 11.524055007608755
89 21 11.67485807436312
89 22 11.777096379549462
89 23 11.841524447241543
89 24 11.876451137540345
89 25 11.888332279499089
90 1 -53.900181207600376
90 2 -51.96413721057293
90 3 -46.873867264926865
90 4 -39.32181515733459
90 5 -30.61278247478462
90 6 -22.040084908638256
90 7 -14.445560221337628
90 8 -8.16361415611526
90 9 -3.184411890639638
90 10 0.6643556379185167
90 11 3.598540276003378
90 12 5.820005379316731
90 13 7.496655037746249
90 14 8.76041518463956
90 15 9.71200408762992
90 16 10.427268533838635
90 17 10.963034035628802
90 18 11.361871327593326
90 19 11.655763896720575
90 20 11.868851166359468
90 21 12.019452638866913
90 22 12.12155353789514
90 23 12.18589471057959
90 24 12.220774195413792
90 25 12.232639262041218
91 1 -53.61591853899103
91 2 -51.67572132523444
91 3 -46.57541113751982
91 4 -39.01081102309934
91 5 -30.290789043753815
91 6 -21.710913714423196
91 7 -14.11304474925804
91 8 -7.830471416416575
91 9 -2.8521472219089135
91 10 0.9951085470156125
91 11 3.927652838317008
91 12 6.147595373087318
91 13 7.82293573613695
91 14 9.085617976051347
91 15 10.036343592579234
91 16 10.750929942654496
91 17 11.286171101872052
91 18 11.684608929514964
91 19 11.97820215696748
91 20 12.191069741841826
91 21 12.341514607832822
91 22 12.443508702131611
91 23 12.507782306286932
91 24 12.542625076307324
91 25 12.554477638534667
92 1 -53.353286891940286
92 2 -51.40917812516115
92 3 -46.299357560568524
92 4 -38.722712464425165
92 5 -29.991858556137114
92 6 -21.40451476059996
92 7 -13.802671879448072
92 8 -7.518684490431779
92 9 -2.5404426940702516
92 10 1.3060210664826408
92 11 4.2375352828601915
92 12 6.456452801153179
92 13 8.130879704328684
92 14 9.392793958811474
92 15 10.34289622211425
92 16 11.056988540198343
92 17 11.591845320610862
92 18 11.989989040151286
92 19 12.283361195939634
92 20 12.496066183346795
92 21 12.646394960990769
92 22 12.748309800696887
92 23 12.81253323118337
92 24 12.847348727063249
92 25 12.859191998181768
93 1 -53.10324199017928
93 2 -51.15527797218017
93 3 -46.036024899824355
93 4 -38.44726204911964
93 5 -29.705210968196358
93 6 -21.109742453503646
93 7 -13.50309636369943
93 8 -7.216831662309413
93 9 -2.2378733017037393
93 10 1.6084858755138467
93 11 4.539535157329178
93 12 6.757879225435833
93 13 8.43174704130473
93 14 9.693168133729655
93 15 10.642858364768587
93 16 11.356617972411069
93 17 11.891212607234385
93 18 12.289153988957295
93 19 12.582373120606345
93 20 12.794965073816028
93 21 12.945212906698245
93 22 13.047072371405108
93 23 13.111260698859276
93 24 13.14605709768176
93 25 13.157893860527281
94 1 -52.88437184016434
94 2 -50.93287980281013
94 3 -45.80494103583571
94 4 -38.20486483928046
94 5 -29.45209321004103
94 6 -20.848496470555077
94 7 -13.236651647086019
94 8 -6.947503428183901
94 9 -1.9671682917294748
94 10 1.8797056398299017
94 11 4.8108260594706564
94 12 7.029039335659257
94 13 8.702703169558477
94 14 9.963910706675328
94 15 10.913406225044648
94 16 11.627000306754683
94 17 12.161460181459313
94 18 12.559295253893904
94 19 12.852432777541441
94 20 13.064963824708679
94 21 13.215167731273874
94 22 13.316997000922635
94 23 13.381166127612566
94 24 13.41595206128029
94 25 13.427785254134056
95 1 -52.66662704562139
95 2 -50.711439839867786
95 3 -45.574349297398825
95 4 -37.9621966624331
95 5 -29.19771711733286
95 6 -20.584906526463904
95 7 -12.966805826497096
95 8 -6.673831204395838
95 9 -1.6913275208437477
95 10 2.156700284330526
95 11 5.088395049600259
95 12 7.306867734736819
95 13 8.9806273700722
95 14 10.24185031967216
95 15 11.191325243840959
95 16 11.904885644492877
95 17 12.439310061733508
95 18 12.837113051512457
95 19 13.130223828500876
95 20 13.342733834899745
95 21 13.492922034929467
95 22 13.59474026226251
95 23 13.658902266447678
95 24 13.693684285433969
95 25 13.705516137047873
96 1 -52.45853719403504
96 2 -50.49960719427243
96 3 -45.35319278825255
96 4 -37.728582963477365
96 5 -28.951769792481354
96 6 -20.328933528647006
96 7 -12.703694855105548
96 8 -6.406048184711782
96 9 -1.4206308774597172
96 10 2.4291721361129843
96 11 5.361941575706168
96 12 7.581067816374854
96 13 9.255229501475974
96 14 10.51670368303421
96 15 11.46633841168491
96 16 12.180002330023497
96 17 12.714494958521644
96 18 13.112343540239221
96 19 13.405485080591458
96 20 13.61801588921106
96 21 13.768218029305004
96 22 13.870045348077738
96 23 13.93421293192625
96 24 13.968997926793234
96 25 13.980830781948882
97 1 -52.250764066324585
97 2 -50.287852795531656
97 3 -45.13146532640592
97 4 -37.493375534292454
97 5 -28.70296012038588
97 6 -20.06875528981746
97 7 -12.435110245239025
97 8 -6.131685999731155
97 9 -1.1424423178493308
97 10 2.7098636576451915
97 11 5.644275660472346
97 12 7.864492949344087
97 13 9.539391197183756
97 14 10.80137120487722
97 15 11.751358839110114
97 16 12.465272210520846
97 17 12.999942807179249
97 18 13.397918934071217
97 19 13.691151762145381
97 20 13.903747328034175
97 21 14.053994510241056
97 22 14.155852023367688
97 23 14.22003849247627
97 24 14.254833678521095
97 25 14.266669992044669
98 1 -52.075999834620134
98 2 -50.109523145180184
98 3 -44.94416069402936
98 4 -37.29381773617045
98 5 -28.49083917668625
98 6 -19.8458969514627
98 7 -12.204081194516997
98 8 -5.894845336566696
98 9 -0.9016014018427815
98 10 2.9534307682965735
98 11 5.889707470161158
98 12 8.11121384413254
98 13 9.787015145884595
98 14 11.04963614274215
98 15 12.000083941904643
98 16 12.714330488462897
98 17 13.249243507366304
98 18 13.647396129537562
98 19 13.940756844483143
98 20 14.153443984691403
98 21 14.303755304608522
98 22 14.405656025152254
98 23 14.469869607918717
98 24 14.504679454887535
98 25 14.516520748882236
99 1 -51.88965421066036
99 2 -49.919130906121396
99 3 -44.74353770996676
99 4 -37.07910319795752
99 5 -28.26147717486623
99 6 -19.603782123881526
99 7 -11.952039335406967
99 8 -5.635559212899099
99 9 -0.6371921095031586
99 10 3.22142672590907
99 11 6.160219792589116
99 12 8.383506163349852
99 13 10.060579641396334
99 14 11.324119063629388
99 15 12.275235488312873
99 16 12.989971649901127
99 17 13.52524413141471
99 18 13.923660298842774
99 19 14.21721300302955
99 20 14.430038172577953
99 21 14.580446451325226
99 22 14.682412625115045
99 23 14.746667337994925
99 24 14.781499443484632
99 25 14.793348302285587
100 1 -51.712901231806775
100 2 -49.738282284256144
100 3 -44.552291872151514
100 4 -36.873418616187706
100 5 -28.040596367415773
100 6 -19.369453415967573
100 7 -11.707039726213742
100 8 -5.382609260433166
100 9 -0.37850104311423743
100 10 3.4842173854581553
100 11 6.4259384994184225
100 12 8.651328419906497
100 13 10.329925044665186
100 14 11.594575905874022
100 15 12.546508473479264
100 16 13.261846365461746
100 17 13.797562982410547
100 18 14.19630611321843
100 19 14.490097748337327
100 20 14.703095094112786
100 21 14.853624521995563
100 22 14.955672575660435
100 23 15.019978781371055
100 24 15.054838766653521
100 25 15.066697103100399
101 1 -51.544086465442525
101 2 -49.565301442350425
101 3 -44.36869666994281
101 4 -36.674977283314675
101 5 -27.82636288979657
101 6 -19.141053876606275
101 7 -11.467224335054933
101 8 -5.134150328012405
101 9 -0.12370213278013785
101 10 3.743608686350308
101 11 6.688651028584074
101 12 8.91645222790501
101 13 10.596809989765278
101 14 11.86275493017481
101 15 12.815643012457063
101 16 13.531688438185514
101 17 14.067929028964114
101 18 14.467058883196469
101 19 14.761133663056428
101 20 14.974335336926421
101 21 15.12500868554624
101 22 15.227154079796163
101 23 15.29152153065378
101 24 15.3264146855463
101 25 15.33828429963164
102 1 -51.369270607477674
102 2 -49.38589035144224
102 3 -44.17753888881316
102 4 -36.46728261503054
102 5 -27.60090992016188
102 6 -18.899481919601627
102 7 -11.212491552281294
102 8 -4.869319836916613
102 9 0.1486279879040843
102 10 4.021431897516935
102 11 6.970484692853506
102 12 9.201220464630891
102 13 10.883735170052349
102 14 12.151273011089387
102 15 13.105341891668822
102 16 13.82226434287868
102 17 14.359155952711067
102 18 14.758767155150297
102 19 15.053194833086463
102 20 15.26665142407417
102 21 15.41750445493815
102 22 15.519771437840117
102 23 15.584215415717049
102 24 15.619150025003968
102 25 15.631033735051131
103 1 -51.20846670316976
103 2 -49.22059220555017
103 3 -44.00071806044362
103 4 -36.2741467199328
103 5 -27.390108376916317
103 6 -18.672482879261278
103 7 -10.972122281089147
103 8 -4.618580862633276
103 9 0.40714544592403396
103 10 4.285696194699766
103 11 7.238975211203664
103 12 9.472821729456749
103 13 11.15763364803089
103 14 12.426874263601885
103 15 13.382209026078984
103 16 14.100073784557365
103 17 14.637666058947145
103 18 15.037795981963411
103 19 15.332604323303448
103 20 15.546336082954094
103 21 15.697383170016911
103 22 15.799781515201943
103 23 15.864308191134056
103 24 15.899287604056711
103 25 15.91118655008962
104 1 -51.05988539810834
104 2 -49.06762035222937
104 3 -43.83646117263287
104 4 -36.09383425795798
104 5 -27.192292179083992
104 6 -18.45848579804073
104 7 -10.744652118672223
104 8 -4.380572931061966
104 9 0.6531181998724999
104 10 4.537591889311494
104 11 7.495250109028461
104 12 9.732333948330288
104 13 11.419544737237729
104 14 12.69056822845695
104 15 13.647231158641217
104 16 14.366086155632312
104 17 14.90441562316187
104 18 15.305091807509811
104 19 15.600301296306615
104 20 15.814323177433234
104 21 15.965574939865245
104 22 16.068111870747575
104 23 16.13272580676263
104 24 16.16775249968603
104 25 16.179667524689314
105 1 -50.9071618381677
105 2 -48.91013815204597
105 3 -43.6667205413267
105 4 -35.906578897593995
105 5 -26.985828071584738
105 6 -18.234139071054482
105 7 -10.50530528352094
105 8 -4.129411364517749
105 9 0.9132656661214764
105 10 4.8044569770002274
105 11 7.767103419301548
105 12 10.007887497788076
105 13 11.697847589733037
105 14 12.970918686926622
105 15 13.929109459555256
105 16 14.649104972065642
105 17 15.188284304390427
105 18 15.589590685398056
105 19 15.885263203978461
105 20 16.099620091771307
105 21 16.25110826138957
105 22 16.35380529482317
105 23 16.418520051966695
105 24 16.453601376917696
105 25 16.465534981944167
106 1 -50.761520644124026
106 2 -48.75972239546261
106 3 -43.50398057382797
106 4 -35.72616298818498
106 5 -26.785923686096687
106 6 -18.01597924039148
106 7 -10.27173482918175
106 8 -3.8836300059010878
106 9 1.168383161486155
106 10 5.06658467319587
106 11 8.034455153231281
106 12 10.279125331456727
106 13 11.971979176970443
106 14 13.247209127334788
106 15 14.207012852006292
106 16 14.92821361151921
106 17 15.468291721690571
106 18 15.870264948410446
106 19 16.166427631867858
106 20 16.381139269319984
106 21 16.532877834487817
106 22 16.63574447035497
106 23 16.700566042021908
106 24 16.735705250266687
106 25 16.747658541713832
107 1 -50.61142630248145
107 2 -48.60446371606251
107 3 -43.33536742087586
107 4 -35.53833079008124
107 5 -26.57680188985775
107 6 -17.78680647889846
107 7 -10.025542090311257
107 8 -3.62388188652025
107 9 1.4385416071530717
107 10 5.34458879961509
107 11 8.318323286014687
107 12 10.567365822278623
107 13 12.263481416825257
107 14 13.541148157768966
107 15 14.502774436317972
107 16 15.225338171537272
107 17 15.766433307196323
107 18 16.1691614626916
107 19 16.465879247972648
107 20 16.680992734108543
107 21 16.83301499082367
107 22 16.936073806201303
107 23 17.001016421470094
107 24 17.03622122714973
107 25 17.048196829249846
108 1 -50.46402249026508
108 2 -48.45174797627402
108 3 -43.16889288448603
108 4 -35.35199405366231
108 5 -26.368370051171926
108 6 -17.557464501999107
108 7 -9.778364467128764
108 8 -3.3624357273592778
108 9 1.7109879569640254
108 10 5.625351618699811
108 11 8.605317690278119
108 12 10.859015850244184
108 13 12.558609820339058
108 14 13.838878239890022
108 15 14.802452141078525
108 16 15.52647337507721
108 17 16.06865662752011
108 18 16.472192794717557
108 19 16.76950488500691
108 20 16.985048690738505
108 21 17.1373747847126
108 22 17.240639448606537
108 23 17.30571172594274
108 24 17.34098680266145
108 25 17.352986305523455
109 1 -50.31662162005819
109 2 -48.29880076702756
109 3 -43.00155852468021
109 4 -35.16383324173627
109 5 -26.156954973392384
109 6 -17.323949262464698
109 7 -9.525919024854907
109 8 -3.094787931240647
109 9 1.9903942969236774
109 10 5.913671584182189
109 11 8.90033090018878
109 12 11.159037881320058
109 13 12.86237889618833
109 14 14.14545268998482
109 15 15.111128266503743
109 16 15.83672317399191
109 17 16.380081777165486
109 18 16.784491014067388
109 19 17.082445413774426
109 20 17.298454379210302
109 21 17.45110895148685
109 22 17.55459617762808
109 23 17.619808652990244
109 24 17.65515971343335
109 25 17.667185060561515
110 1 -50.178419160169014
110 2 -48.1551905386209
110 3 -42.84390254061275
110 4 -34.98579637363198
110 5 -25.956087981710095
110 6 -17.10130663185491
110 7 -9.284557322804257
110 8 -2.838344743975576
110 9 2.258534576035394
110 10 6.190698689031272
110 11 9.184042891931453
110 12 11.447759292005385
110 13 13.154851744932767
110 14 14.440736461503352
110 15 15.408519158654462
110 16 16.135692548616404
110 17 16.68023050688821
110 18 17.085516018015056
110 19 17.384115210531863
110 20 17.60059120102488
110 21 17.753575602803632
110 22 17.857286322729873
110 23 17.922639589596013
110 24 17.958066957603105
110 25 17.97011825954928
111 1 -50.03776061882789
111 2 -48.00882942934738
111 3 -42.68271322273182
111 4 -34.803045731598814
111 5 -25.749117094798198
111 6 -16.87116181826479
111 7 -9.03443009339136
111 8 -2.57207368811717
111 9 2.5373558459708985
111 10 6.479072907783416
111 11 9.479613731527612
111 12 11.74872922203998
111 13 13.459868492149608
111 14 14.74878749452027
111 15 15.7188459106644
111 16 16.447724742175
111 17 16.993537283788832
111 18 17.39977003177709
111 19 17.699066347077462
111 20 17.91604732551439
111 21 18.069388398056855
111 22 18.173340813923616
111 23 18.2388463448753
111 24 18.274356240438546
111 25 18.2864356132002
112 1 -49.88967892824957
112 2 -47.85453802414511
112 3 -42.51225790849731
112 4 -34.60904127804795
112 5 -25.52859098284825
112 6 -16.625186960119272
112 7 -8.76644978665449
112 8 -2.2862706717153904
112 9 2.837043315336459
112 10 6.78934677738991
112 11 9.79787333673611
112 12 12.072986068423292
112 13 13.788624016285782
112 14 15.080918121363366
112 15 16.053509016457298
112 16 16.784286357830577
112 17 17.331518141277392
112 18 17.738805836650293
112 19 18.03887865636691
112 20 18.25642218522061
112 21 18.41016061475119
112 22 18.514382311553884
112 23 18.58005749055915
112 24 18.6156593377794
112 25 18.627769987218784
113 1 -49.75941167599062
113 2 -47.71864334899257
113 3 -42.36170172276239
113 4 -34.4370890949481
113 5 -25.332488597827375
113 6 -16.40585463695674
113 7 -8.526982869193866
113 8 -2.0304618747914462
113 9 3.1056053919640596
113 10 7.067646526758769
113 11 10.08352672141942
113 12 12.364166700857558
113 13 14.083953475271677
113 14 15.379361752324252
113 15 16.354290217222353
113 16 17.086820449676583
113 17 17.63536289711923
113 18 18.04362498817204
113 19 18.344415106786975
113 20 18.56247833905906
113 21 18.71658388364902
113 22 18.821054377890167
113 23 18.886886304788355
113 24 18.92257311307995
113 25 18.934712661677597
114 1 -49.623704870493164
114 2 -47.57692122542674
114 3 -42.20429527583612
114 4 -34.25676133334418
114 5 -25.126240091696395
114 6 -16.174621402609667
114 7 -8.27405065601971
114 8 -1.7598868603769475
114 9 3.389969238728406
114 10 7.362551155659729
114 11 10.386398802941594
114 12 12.673031639299886
114 13 14.397319164730908
114 14 15.696107160995643
114 15 16.67357331074232
114 16 17.40800694322004
114 17 17.957972844310188
114 18 18.36729332318763
114 19 18.668862647940305
114 20 18.88749047788398
114 21 19.041994871192113
114 22 19.146735678825234
114 23 19.21273791320379
114 24 19.248517033517462
114 25 19.260687981918128
115 1 -49.48360402616129
115 2 -47.43045906412964
115 3 -42.041234630533516
115 4 -34.069411272383824
115 5 -24.9113742002192
115 6 -15.933182662804386
115 7 -8.009491261111101
115 8 -1.4764983149775508
115 9 3.6880935684312064
115 10 7.671952221598012
115 11 10.704330716306357
115 12 12.99738428778903
115 13 14.72649626367851
115 14 16.028908395165317
115 15 17.009096514415695
115 16 17.745572202675234
115 17 18.297065494197504
115 18 18.70752177703293
115 19 19.009927377273844
115 20 19.22916119556091
115 21 19.38409369715454
115 22 19.489124657802204
115 23 19.555309703283623
115 24 19.591187914265284
115 25 19.603392568457135
116 1 -49.33851132855629
116 2 -47.27863080988274
116 3 -41.87181967278803
116 4 -33.87422943703088
116 5 -24.686956099512003
116 6 -15.680481012233068
116 7 -7.732139354734429
116 8 -1.1790421146697363
116 9 4.001302577158916
116 10 7.997227897214698
116 11 11.038741674514158
116 12 13.33867486766374
116 13 15.072958360862765
116 14 16.379256636014237
116 15 17.36236424454801
116 16 18.101030585966605
116 17 18.65416264771786
116 18 19.0658376893454
116 19 19.36914071461841
116 20 19.589024869672745
116 21 19.744416829235487
116 22 19.84975919938038
116 23 19.916140452394014
116 24 19.952125016662855
116 25 19.964365847265768
117 1 -49.21044502367032
117 2 -47.144506640209116
117 3 -41.72186926521402
117 4 -33.70106740702784
117 5 -24.48742130309097
117 6 -15.455395189145491
117 7 -7.484753362432561
117 8 -0.9134460636993728
117 9 4.281181727308593
117 10 8.288056761766963
117 11 11.337865415376324
117 12 13.644048337801834
117 13 15.383031566174319
117 14 16.69286244200741
117 15 17.678624494268085
117 16 18.41928292525917
117 17 18.973905394059365
117 18 19.386688954816194
117 19 19.690808284709387
117 20 19.911284019608757
117 21 20.067093940327243
117 22 20.172719601275627
117 23 20.239279348130697
117 24 20.275360665008403
117 25 20.287634406497464
118 1 -49.07399954596982
118 2 -47.00150282972134
118 3 -41.56172331475675
118 4 -33.51575736433899
118 5 -24.27348668389409
118 6 -15.213692782231986
118 7 -7.218786821328897
118 8 -0.6276448484545036
118 9 4.582553793900244
118 10 8.601373959987743
118 11 11.660236379003948
118 12 13.973243590732581
118 13 15.717360206635526
118 14 17.031050546683385
118 15 18.019713166070545
118 16 18.76254868649749
118 17 19.31880013591666
118 18 19.732795373601043
118 19 20.037807022427852
118 20 20.258929451512248
118 21 20.415196285996196
118 22 20.521131645842537
118 23 20.58788652819606
118 24 20.62407361916062
118 25 20.63638334040047
119 1 -48.93483391433432
119 2 -46.85554982362752
119 3 -41.398021394646854
119 4 -33.325978993737564
119 5 -24.05401379152784
119 6 -14.965380494205066
119 7 -6.945245988777113
119 8 -0.3334610249213191
119 9 4.892955905932587
119 10 8.924225711524342
119 11 11.99252888177252
119 12 14.312654723530583
119 13 16.06212765090504
119 14 17.37984591909518
119 15 18.371536203362908
119 16 19.116644486336178
119 17 19.67459665834544
119 18 20.089857023092
119 19 20.39580040063945
119 20 20.61759811066778
119 21 20.774342069288608
119 22 20.88060083275951
119 23 20.947559488211006
119 24 20.983857036136897
119 25 20.996204330194146
120 1 -48.80287010168048
120 2 -46.71706926462771
120 3 -41.242492794159936
120 4 -33.145385470275606
120 5 -23.8448506477357
120 6 -14.72844220807843
120 7 -6.68398669679326
120 8 -0.05228462775461364
120 9 5.189791060136485
120 10 9.233087528066951
120 11 12.310514534001399
120 12 14.637522250610331
120 13 16.392174608380742
120 14 17.713788508777153
120 15 18.708407422875823
120 16 19.455714356842794
120 17 20.015311922989806
120 18 20.43179632942815
120 19 20.738641216952367
120 20 20.961092327472723
120 21 21.118297961071164
120 22 21.22486966144688
120 23 21.292025497117606
120 24 21.328429928964624
120 25 21.340813580571506
121 1 -48.66255237233084
121 2 -46.56974734457668
121 3 -41.07684111853831
121 4 -32.95276698613374
121 5 -23.621468875516605
121 6 -14.475125579938618
121 7 -6.404435495588947
121 8 0.24876669841809626
121 9 5.507755980682217
121 10 9.564049117223224
121 11 12.651339492749655
121 12 14.985789000053767
121 13 16.746043393191503
121 14 18.071871465399344
121 15 19.06965886659797
121 16 19.819344742381652
121 17 20.380722749460393
121 18 20.79853173024897
121 19 21.10635220782063
121 20 21.329510430828247
121 21 21.487215700934655
121 22 21.59412607442303
121 23 21.661495308574267
121 24 21.698015416300155
121 25 21.710438416246404
122 1 -48.519966357742625
122 2 -46.419975812767596
122 3 -40.90825911646987
122 4 -32.756494453620796
122 5 -23.39358301983322
122 6 -14.21645219285323
122 7 -6.118759103509208
122 8 0.556587996474452
122 9 5.833007774756828
122 10 9.902700636992682
122 11 13.000163703396952
122 12 15.34229035797705
122 13 17.108325087121944
122 14 18.438502101014898
122 15 19.439559682259308
122 16 20.19170105828575
122 17 20.754916919777408
122 18 21.17409325260188
122 19 21.48292086250998
122 20 21.706809078695095
122 21 21.86503016198662
122 22 21.972290178241735
122 23 22.03987972473415
122 24 22.07651925671511
122 25 22.088982880166476
123 1 -48.371831760040834
123 2 -46.2643144544028
123 3 -40.73288808790641
123 4 -32.552093530039485
123 5 -23.156016476626736
123 6 -13.94656215174049
123 7 -5.8204988481670545
123 8 0.8781286191840777
123 9 6.172881775471105
123 10 10.256673998053625
123 11 13.36484414445699
123 12 15.71505310831252
123 13 17.487174297156276
123 14 18.82193117661238
123 15 19.826432924615666
123 16 20.58116063783422
123 17 21.146312389867422
123 18 21.56692907379643
123 19 21.876817617213614
123 20 22.10147484056163
123 21 22.26023931326526
123 22 22.367867668987905
123 23 22.435689310501743
123 24 22.47245465432984
123 25 22.484961074208467
124 1 -48.220449660234365
124 2 -46.10518641621115
124 3 -40.55347095076977
124 4 -32.342778459372525
124 5 -22.91252247229701
124 6 -13.669734513845325
124 7 -5.514395750380346
124 8 1.2082681461905809
124 9 6.521958580115771
124 10 10.620319740342648
124 11 13.739556577289974
124 12 16.098121037837277
124 13 17.876535401463794
124 14 19.21602825497831
124 15 20.2240918858063
124 16 20.981494513334738
124 17 21.548648557818296
124 18 21.970755053901698
124 19 22.28174099362555
124 20 22.507193670176033
124 21 22.66652022766106
124 22 22.77452959951972
124 23 22.842591325402804
124 24 22.879486812404018
124 25 22.892037502166037
125 1 -48.054957953318926
125 2 -45.93117562914614
125 3 -40.35714037848597
125 4 -32.113542688887186
125 5 -22.645647946078288
125 6 -13.366129205042686
125 7 -5.1785124934230415
125 8 1.5706664115573707
125 9 6.905255498779255
125 10 11.019699743880011
125 11 14.15115647982434
125 12 16.518948878084664
125 13 18.30431451985814
125 14 19.649039176289136
125 15 20.661037920682485
125 16 21.421395934844565
125 17 21.990762320270004
125 18 22.414514972750563
125 19 22.726713503146765
125 20 22.953045148632068
125 21 23.11299281333793
125 22 23.221423214378248
125 23 23.289750239139668
125 24 23.32678953795288
125 25 23.339389147267056
126 1 -47.876293658408144
126 2 -45.74326653028704
126 3 -40.14500441918842
126 4 -31.86567484491786
126 5 -22.35688563349671
126 6 -13.037435599519961
126 7 -4.814709150118668
126 8 1.9633246074528041
126 9 7.320665328949362
126 10 11.452623964985683
126 11 14.597391203058384
126 12 16.975236897062803
126 13 18.76817656388993
126 14 20.118602304234756
126 15 21.13488946049649
126 16 21.89846838389325
126 17 22.470245979013175
126 18 22.8957928198154
126 19 23.209313015670777
126 20 23.436602711756024
126 21 23.597227373795285
126 22 23.70611669419288
126 23 23.774732894861106
126 24 23.81192894917095
126 25 23.82458188111479
127 1 -47.68702773367316
127 2 -45.544166035154205
127 3 -39.920125976339556
127 4 -31.602762073439592
127 5 -22.050421487264604
127 6 -12.688423127475465
127 7 -4.428267165357913
127 8 2.3805412045775647
127 9 7.762155768062275
127 10 11.912805745380927
127 11 15.071780946095561
127 12 17.46035950780997
127 13 19.26138616607057
127 14 20.617899667865316
127 15 21.638766416168878
127 16 22.40578512578457
127 17 22.980137885310832
127 18 23.407600969722324
127 19 23.722532772113638
127 20 23.950845731666014
127 21 24.11219348133911
127 22 24.221572968433577
127 23 24.290498036316606
127 24 24.327861520855414
127 25 24.340571406695627
128 1 -47.453820604470515
128 2 -45.29879940473476
128 3 -39.6428807673878
128 4 -31.278463683294778
128 5 -21.672218645524364
128 6 -12.257530269389402
128 7 -3.951000888878713
128 8 2.8959515715343183
128 9 8.307662859858866
128 10 12.4814940304052
128 11 15.658093667936921
128 12 18.059987998193304
128 13 19.871048980899022
128 14 21.235116831532018
128 15 22.261666807181484
128 16 23.03295446991215
128 17 23.610503261887786
128 18 24.04034465983664
128 19 24.357028490342497
128 20 24.58661150184227
128 21 24.74885674166688
128 22 24.858844624072074
128 23 24.92815306012589
128 24 24.965724360884206
128 25 24.97850493864293
129 1 -47.13880826725088
129 2 -44.96731677649249
129 3 -39.26820853560992
129 4 -30.840018001568104
129 5 -21.160676694891233
129 6 -11.674500420216445
129 7 -3.3050215792868944
129 8 3.593731862225228
129 9 9.046329886981908
129 10 13.251661639308749
129 11 16.452215932730283
129 12 18.87221160573032
129 13 20.696914823407564
129 14 22.071254183688445
129 15 23.105532073757946
129 16 23.882624857238344
129 17 24.464519932352708
129 18 24.897595692230546
129 19 25.21666222608314
129 20 25.44797249579812
129 21 25.611438327319863
129 22 25.72225363734572
129 23 25.792083463142152
129 24 25.829937399754733
129 25 25.84281412066971
130 1 -45.25854982381668
130 2 -42.98870104705336
130 3 -37.03155214890937
130 4 -28.222019103574667
130 5 -18.10511398713104
130 6 -8.190508942193006
130 7 0.55663361835215
130 8 7.766452517699718
130 9 13.464759511872554
130 10 17.859505030531853
130 11 21.204164060483194
130 12 23.73308974031051
130 13 25.639910217080747
130 14 27.07608933751797
130 15 28.156900066451787
130 16 28.968951644212147
130 17 29.57702247231451
130 18 30.02957857815454
130 19 30.362996633638883
130 20 30.604710891031935
130 21 30.775529026368062
130 22 30.89132847757193
130 23 30.964299011859435
130 24 31.00385548068901
130 25 31.017311347737653
