1 1 -0.00013861337139073565
1 2 -0.00012750266306003362
1 3 -0.00011709981697346696
1 4 -0.00010740483313103553
1 5 -0.00009841771153273942
1 6 -0.00009013845217857854
1 7 -0.00008256705506855299
1 8 -0.00007570352020266273
1 9 -0.00006954784758090774
1 10 -0.00006410003720328804
1 11 -0.00005936008906980364
1 12 -0.00005532800318045451
1 13 -0.000052003779535240656
1 14 -0.0000493874181341621
1 15 -0.00004747891897721882
1 16 -0.000046278282064410816
1 17 -0.000045785507395738126
1 18 -0.000046000594971200705
1 19 -0.00004692354479079857
1 20 -0.00004855435685453173
1 21 -0.000050893031162400164
1 22 -0.00005393956771440388
1 23 -0.000057693966510542875
1 24 -0.00006215622755081717
1 25 -0.00006732635083522675
2 1 -0.00018613649333079467
2 2 -0.0001711028059239596
2 3 -0.0001568370575364438
2 4 -0.00014333924816824716
2 5 -0.00013060937781936955
2 6 -0.00011864744648981119
2 7 -0.00010745345417957194
2 8 -0.00009702740088865184
2 9 -0.0000873692866170509
2 10 -0.00007847911136476908
2 11 -0.00007035687513180643
2 12 -0.00006300257791816291
2 13 -0.000056416219723838547
2 14 -0.000050597800548833316
2 15 -0.000045547320393147244
2 16 -0.000041264779256780336
2 17 -0.000037750177139732525
2 18 -0.00003500351404200391
2 19 -0.00003302478996359439
2 20 -0.00003181400490450405
2 21 -0.00003137115886473283
2 22 -0.000031696251844280784
2 23 -0.00003278928384314786
2 24 -0.000034650254861334106
2 25 -0.00003727916489883949
3 1 -0.00026167749398931905
3 2 -0.00024039766044966186
3 3 -0.000219964517917523
3 4 -0.0002003780663929028
3 5 -0.000181638305875801
3 6 -0.00016374523636621775
3 7 -0.00014669885786415285
3 8 -0.00013049917036960654
3 9 -0.00011514617388257877
3 10 -0.00010063986840306943
3 11 -0.00008698025393107861
3 12 -0.00007416733046660625
3 13 -0.0000622010980096524
3 14 -0.00005108155656021703
3 15 -0.00004080870611830015
3 16 -0.00003138254668390179
3 17 -0.000022803078257021887
3 18 -0.000015070300837660498
3 19 -8.184214425817583*^-6
3 20 -2.1448190214931803*^-6
3 21 3.047885375312756*^-6
3 22 7.393898764600209*^-6
3 23 0.000010893221146369106
3 24 0.00001354585252061954
3 25 0.000015351792887351535
4 1 -0.0003465547712247284
4 2 -0.00031824597901534035
4 3 -0.00029085489730124394
4 4 -0.00026438152608243906
4 5 -0.00023882586535892554
4 6 -0.00021418791513070352
4 7 -0.00019046767539777313
4 8 -0.00016766514616013405
4 9 -0.00014578032741778652
4 10 -0.0001248132191707305
4 11 -0.0001047638214189659
4 12 -0.00008563213416249278
4 13 -0.0000674181574013112
4 14 -0.00005012189113542102
4 15 -0.0000337433353648224
4 16 -0.00001828249008951522
4 17 -3.7393553094995797*^-6
4 18 9.886068975224634*^-6
4 19 0.00002259378276465738
4 20 0.000034383786058798563
4 21 0.00004525607885764836
4 22 0.00005521066116120664
4 23 0.00006424753296947343
4 24 0.00007236669428244876
4 25 0.00007956814510013259
5 1 -0.0005033164110892837
5 2 -0.00046200695212579514
5 3 -0.00042171622088353687
5 4 -0.0003824442173625092
5 5 -0.0003441909415627116
5 6 -0.0003069563934841445
5 7 -0.0002707405731268079
5 8 -0.00023554348049070154
5 9 -0.00020136511557582556
5 10 -0.00016820547838218003
5 11 -0.00013606456890976481
5 12 -0.00010494238715858003
5 13 -0.00007483893312862559
5 14 -0.000045754206819901506
5 15 -0.000017688208232407866
5 16 9.359062633855455*^-6
5 17 0.00003538760577888836
5 18 0.000060397421202690915
5 19 0.00008438850890526306
5 20 0.00010736086888660489
5 21 0.0001293145011467163
5 22 0.0001502494056855973
5 23 0.00017016558250324796
5 24 0.00018906303159966825
5 25 0.00020694175297485817
6 1 -0.0008085738032400625
6 2 -0.0007419093198145508
6 3 -0.0006763972087358576
6 4 -0.000612037470003983
6 5 -0.0005488301036189262
6 6 -0.00048677510958068757
6 7 -0.0004258724878892675
6 8 -0.0003661222385446653
6 9 -0.00030752436154688167
6 10 -0.00025007885689591614
6 11 -0.00019378572459176883
6 12 -0.00013864496463443976
6 13 -0.000084656577023929
6 14 -0.000031820561760236375
6 15 0.000019863081156637864
6 16 0.00007039435172669398
6 17 0.00011977324994993187
6 18 0.0001679997758263514
6 19 0.0002150739293559528
6 20 0.0002609957105387359
6 21 0.0003057651193747008
6 22 0.0003493821558638475
6 23 0.0003918468200061759
6 24 0.00043315911180168615
6 25 0.000473319031250378
7 1 -0.001392447509019496
7 2 -0.0012772151075856402
7 3 -0.0011632769867804939
7 4 -0.001050633146604058
7 5 -0.0009392835870563308
7 6 -0.0008292283081373141
7 7 -0.0007204673098470077
7 8 -0.0006130005921854103
7 9 -0.0005068281551525227
7 10 -0.0004019499987483454
7 11 -0.00029836612297287743
7 12 -0.00019607652782611953
7 13 -0.00009508121330807133
7 14 4.6198205812671044*^-6
7 15 0.00010302657384189559
7 16 0.0002001390464738146
7 17 0.00029595723847702357
7 18 0.00039048114985152277
7 19 0.00048371078059731215
7 20 0.0005756461307143919
7 21 0.0006662872002027616
7 22 0.0007556339890624215
7 23 0.0008436864972933718
7 24 0.0009304447248956126
7 25 0.001015908671869143
8 1 -0.002742429763310811
8 2 -0.0025147538404138854
8 3 -0.0022884607192003924
8 4 -0.0020635503996703298
8 5 -0.0018400228818236987
8 6 -0.0016178781656605004
8 7 -0.0013971162511807326
8 8 -0.0011777371383843971
8 9 -0.0009597408272714927
8 10 -0.0007431273178420196
8 11 -0.0005278966100959791
8 12 -0.0003140487040333697
8 13 -0.00010158359965419168
8 14 0.00010949870304155482
8 15 0.0003191982040538691
8 16 0.0005275149033827519
8 17 0.0007344488010282037
8 18 0.0009399998969902236
8 19 0.0011441681912688119
8 20 0.0013469536838639682
8 21 0.0015483563747756934
8 22 0.0017483762640039865
8 23 0.0019470133515488487
8 24 0.002144267637410279
8 25 0.002340139121588278
9 1 -0.005212252087027366
9 2 -0.004778647104138761
9 3 -0.004346247319988385
9 4 -0.00391505273457623
9 5 -0.003485063347902301
9 6 -0.0030562791599665984
9 7 -0.0026287001707691188
9 8 -0.0022023263803098627
9 9 -0.001777157788588832
9 10 -0.0013531943956060265
9 11 -0.0009304362013614444
9 12 -0.0005088832058550877
9 13 -0.00008853540908695479
9 14 0.00033060718894295293
9 15 0.0007485445882346371
9 16 0.0011652767887880967
9 17 0.0015808037906033306
9 18 0.0019951255936803414
9 19 0.002408242198019127
9 20 0.002820153603619687
9 21 0.003230859810482024
9 22 0.0036403608186061365
9 23 0.004048656627992023
9 24 0.0044557472386396865
9 25 0.004861632650549125
10 1 -0.008786392030508579
10 2 -0.00805458247306709
10 3 -0.007323400096065969
10 4 -0.006592844899505226
10 5 -0.005862916883384849
10 6 -0.005133616047704842
10 7 -0.004404942392465208
10 8 -0.0036768959176659427
10 9 -0.00294947662330705
10 10 -0.0022226845093885252
10 11 -0.001496519575910374
10 12 -0.0007709818228725891
10 13 -0.000046071250275178145
10 14 0.0006782121418818639
10 15 0.0014018683535985334
10 16 0.0021248973848748344
10 17 0.002847299235710765
10 18 0.0035690739061063235
10 19 0.004290221396061514
10 20 0.005010741705576331
10 21 0.00573063483465078
10 22 0.006449900783284857
10 23 0.007168539551478562
10 24 0.007886551139231897
10 25 0.008603935546544868
11 1 -0.012994971659150924
11 2 -0.011911876806434962
11 3 -0.010828492262517812
11 4 -0.009744818027399465
11 5 -0.008660854101079928
11 6 -0.007576600483559201
11 7 -0.00649205717483728
11 8 -0.005407224174914165
11 9 -0.004322101483789858
11 10 -0.00323668910146436
11 11 -0.0021509870279376687
11 12 -0.0010649952632097823
11 13 0.000021286192719294217
11 14 0.001107857339849563
11 15 0.0021947181781810238
11 16 0.0032818687077136796
11 17 0.004369308928447525
11 18 0.005457038840382563
11 19 0.006545058443518796
11 20 0.007633367737856219
11 21 0.008721966723394838
11 22 0.009810855400134644
11 23 0.010900033768075645
11 24 0.011989501827217837
11 25 0.013079259577561229
12 1 -0.01825670469199323
12 2 -0.016734292730191194
12 3 -0.015210241654562678
12 4 -0.013684551465107695
12 5 -0.012157222161826233
12 6 -0.010628253744718296
12 7 -0.009097646213783894
12 8 -0.007565399569023007
12 9 -0.00603151381043565
12 10 -0.004495988938021814
12 11 -0.002958824951781511
12 12 -0.0014200218517147224
12 13 0.00012042036217853498
12 14 0.00166250168989827
12 15 0.0032062221314444763
12 16 0.004751581686817163
12 17 0.006298580356016317
12 18 0.00784721813904195
12 19 0.00939749503589406
12 20 0.010949411046572648
12 21 0.012502966171077705
12 22 0.014058160409409241
12 23 0.015614993761567244
12 24 0.017173466227551722
12 25 0.018733577807362685
13 1 -0.023883527272343285
13 2 -0.02189121598888404
13 3 -0.01989566198593794
13 4 -0.01789686526350496
13 5 -0.015894825821585114
13 6 -0.013889543660178388
13 7 -0.011881018779284797
13 8 -0.009869251178904337
13 9 -0.007854240859037005
13 10 -0.005835987819682795
13 11 -0.003814492060841726
13 12 -0.0017897535825137714
13 13 0.0002382276153010429
13 14 0.0022694515326027328
13 15 0.004303918169391291
13 16 0.00634162752566672
13 17 0.008382579601429026
13 18 0.010426774396678192
13 19 0.012474211911414235
13 20 0.01452489214563715
13 21 0.016578815099346937
13 22 0.018635980772543588
13 23 0.020696389165227116
13 24 0.022760040277397513
13 25 0.024826934109054788
14 1 -0.03025939740974502
14 2 -0.02773454610500623
14 3 -0.025204494637428174
14 4 -0.0226692430070108
14 5 -0.02012879121375414
14 6 -0.017583139257658177
14 7 -0.0150322871387229
14 8 -0.012476234856948341
14 9 -0.009914982412334489
14 10 -0.007348529804881337
14 11 -0.004776877034588872
14 12 -0.002200024101457125
14 13 0.0003820289945139191
14 14 0.002969282253324262
14 15 0.005561735674973907
14 16 0.008159389259462843
14 17 0.010762243006791086
14 18 0.013370296916958617
14 19 0.015983550989965446
14 20 0.018602005225811583
14 21 0.02122565962449701
14 22 0.023854514186021733
14 23 0.026488568910385753
14 24 0.029127823797589075
14 25 0.03177227884763169
15 1 -0.03734703618088496
15 2 -0.034230113090636845
15 3 -0.031105682347007002
15 4 -0.02797374394999543
15 5 -0.02483429789960212
15 6 -0.02168734419582708
15 7 -0.01853288283867032
15 8 -0.01537091382813184
15 9 -0.012201437164211624
15 10 -0.009024452846909666
15 11 -0.005839960876225989
15 12 -0.0026479612521605723
15 13 0.0005515460252865667
15 14 0.0037585609561154383
15 15 0.006973083540326041
15 16 0.010195113777918359
15 17 0.013424651668892425
15 18 0.016661697213248214
15 19 0.019906250410985732
15 20 0.023158311262104984
15 21 0.026417879766605958
15 22 0.02968495592448866
15 23 0.03295953973575311
15 24 0.03624163120039927
15 25 0.039531230318427174
16 1 -0.04527805717376027
16 2 -0.0414985290274456
16 3 -0.03770878149490927
16 4 -0.033908814576151275
16 5 -0.030098628271171605
16 6 -0.026278222579970277
16 7 -0.02244759750254728
16 8 -0.01860675303890263
16 9 -0.014755689189036315
16 10 -0.010894405952948334
16 11 -0.007022903330638704
16 12 -0.0031411813221073987
16 13 0.0007507600726455749
16 14 0.004652920853620207
16 15 0.008565301020816502
16 16 0.012487900574234455
16 17 0.01642071951387408
16 18 0.020363757839735354
16 19 0.024317015551818297
16 20 0.028280492650122915
16 21 0.0322541891346492
16 22 0.036238105005397106
16 23 0.040232240262366714
16 24 0.044236594905557966
16 25 0.04825116893497089
17 1 -0.05306867381157287
17 2 -0.04863820198385963
17 3 -0.044194736335461796
17 4 -0.03973827686637932
17 5 -0.0352688235766122
17 6 -0.030786376466160444
17 7 -0.02629093553502405
17 8 -0.02178250078320303
17 9 -0.017261072210697365
17 10 -0.012726649817507062
17 11 -0.008179233603632126
17 12 -0.0036188235690725644
17 13 0.000954580286171648
17 14 0.005540977962100483
17 15 0.010140369458713966
17 16 0.014752754776012077
17 17 0.019378133913994823
17 18 0.02401650687266221
17 19 0.02866787365201423
17 20 0.033332234252050875
17 21 0.03800958867277217
17 22 0.04269993691417813
17 23 0.047403278976268656
17 24 0.05211961485904387
17 25 0.056848944562503695
18 1 -0.06192818995360115
18 2 -0.056757390960497145
18 3 -0.051570327653347625
18 4 -0.04636700003215254
18 5 -0.04114740809691192
18 6 -0.035911551847625775
18 7 -0.030659431284294075
18 8 -0.025391046406916834
18 9 -0.020106397215494086
18 10 -0.014805483710025769
18 11 -0.009488305890511937
18 12 -0.004154863756952544
18 13 0.0011948426906523745
18 14 0.006560813452302836
18 15 0.011943048527998835
18 16 0.017341547917740355
18 17 0.02275631162152743
18 18 0.02818733963936004
18 19 0.033634631971238185
18 20 0.03909818861716187
18 21 0.04457800957713111
18 22 0.05007409485114584
18 23 0.055586444439206135
18 24 0.06111505834131199
18 25 0.06665993655746336
19 1 -0.07069632327616933
19 2 -0.06479276547112656
19 3 -0.05886959746718302
19 4 -0.05292681926433881
19 5 -0.04696443086259389
19 6 -0.04098243226194821
19 7 -0.034980823462401806
19 8 -0.0289596044639547
19 9 -0.02291877526660685
19 10 -0.016858335870358298
19 11 -0.010778286275209025
19 12 -0.004678626481159034
19 13 0.001440643511791683
19 14 0.007579523703643111
19 15 0.013738014094395276
19 16 0.019916114684048164
19 17 0.02611382547260177
19 18 0.032331146460056095
19 19 0.03856807764641113
19 20 0.04482461903166691
19 21 0.051100770615823396
19 22 0.05739653239888058
19 23 0.06371190438083851
19 24 0.07004688656169716
19 25 0.07640147894145656
20 1 -0.07879886094001076
20 2 -0.07221811233838311
20 3 -0.06561457117021664
20 4 -0.058988237435511334
20 5 -0.05233911113426718
20 6 -0.04566719226648416
20 7 -0.038972480832162294
20 8 -0.032254976831301574
20 9 -0.02551468026390205
20 10 -0.018751591129963642
20 11 -0.011965709429486382
20 12 -0.00515703516247029
20 13 0.0016744316710846458
20 14 0.008528691071178427
20 15 0.015405743037811077
20 16 0.022305587570982548
20 17 0.029228224670692894
20 18 0.03617365433694205
20 19 0.04314187656973007
20 20 0.05013289136905695
20 21 0.057146698734922646
20 22 0.06418329866732722
20 23 0.07124269116627063
20 24 0.0783248762317529
20 25 0.08542985386377401
21 1 -0.08717862501885568
21 2 -0.07989746046139833
21 3 -0.07259012326520145
21 4 -0.06525661343026509
21 5 -0.057896930956589245
21 6 -0.05051107584417391
21 7 -0.043099048093019086
21 8 -0.035660847703124735
21 9 -0.028196474674490914
21 10 -0.020705929007117596
21 11 -0.013189210701004754
21 12 -0.005646319756152457
21 13 0.0019227438274393707
21 14 0.009517980049770681
21 15 0.017139388910841484
21 16 0.024786970410651803
21 17 0.0324607245492016
21 18 0.04016065132649091
21 19 0.047886750742519704
21 20 0.05563902279728798
21 21 0.06341746749079577
21 22 0.07122208482304307
21 23 0.07905287479402981
21 24 0.08690983740375609
21 25 0.09479297265222188
22 1 -0.09522971131955808
22 2 -0.08727555001839422
22 3 -0.07929188326022701
22 4 -0.07127871104505652
22 5 -0.0632360333728826
22 6 -0.05516385024370536
22 7 -0.047062161657524776
22 8 -0.03893096761434084
22 9 -0.030770268114153544
22 10 -0.02258006315696292
22 11 -0.014360352742768916
22 12 -0.006111136871571588
22 13 0.0021675844566290776
22 14 0.010475811241833095
22 15 0.01881354348404048
22 16 0.027180781183251207
22 17 0.03557752433946528
22 18 0.044003772952682686
22 19 0.05245952702290346
22 20 0.0609447865501276
22 21 0.06945955153435505
22 22 0.07800382197558585
22 23 0.08657759787382001
22 24 0.09518087922905752
22 25 0.1038136660412984
23 1 -0.10362671003450097
23 2 -0.09497057957574635
23 3 -0.08628137547872569
23 4 -0.07755909774343911
23 5 -0.06880374636988652
23 6 -0.06001532135806801
23 7 -0.051193822707983484
23 8 -0.042339250419633004
23 9 -0.033451604493016554
23 10 -0.024530884928134114
23 11 -0.015577091724985729
23 12 -0.006590224883571373
23 13 0.0024297155961089693
23 14 0.011482729714055286
23 15 0.02056881747026756
23 16 0.029687978864745834
23 17 0.03884021389749005
23 18 0.048025522568500234
23 19 0.05724390487777644
23 20 0.06649536082531858
23 21 0.07577989041112668
23 22 0.08509749363520078
23 23 0.09444817049754084
23 24 0.10383192099814689
23 25 0.11324874513701888
24 1 -0.11191610223108205
24 2 -0.10256693685980586
24 3 -0.09318107665507527
24 4 -0.08375852161689035
24 5 -0.07429927174525112
24 6 -0.06480332704015755
24 7 -0.05527068750160967
24 8 -0.045701353129607436
24 9 -0.03609532392415091
24 10 -0.02645259988524002
24 11 -0.01677318101287481
24 12 -0.0070570673070552686
24 13 0.0026957412322185775
24 14 0.01248524460494676
24 15 0.022311442811129286
24 16 0.032174335850766116
24 17 0.04207392372385729
24 18 0.052010206430402786
24 19 0.06198318397040261
24 20 0.0719928563438568
24 21 0.08203922355076525
24 22 0.0921222855911281
24 23 0.10224204246494517
24 24 0.11239849417221667
24 25 0.1225916407129425
25 1 -0.11971614855441748
25 2 -0.10971479824818718
25 3 -0.09967324630575333
25 4 -0.08959149272711595
25 5 -0.079469537512275
25 6 -0.06930738066123043
25 7 -0.05910502217398239
25 8 -0.0488624620505308
25 9 -0.038579700290875624
25 10 -0.02825673689501689
25 11 -0.017893571862954635
25 12 -0.007490205194688801
25 13 0.0029533631097805506
25 14 0.01343713305045347
25 15 0.02396110462732994
25 16 0.03452527784040996
25 17 0.045129652689693545
25 18 0.05577422917518066
25 19 0.06645900729687132
25 20 0.07718398705476555
25 21 0.08794916844886333
25 22 0.09875455147916463
25 23 0.10960013614566952
25 24 0.12048592244837797
25 25 0.1314119103872899
26 1 -0.12726502769858444
26 2 -0.11663242746540958
26 3 -0.10595612587083325
26 4 -0.09523612291485559
26 5 -0.08447241859747644
26 6 -0.0736650129186959
26 7 -0.06281390587851403
26 8 -0.0519190974769307
26 9 -0.04098058771394597
26 10 -0.029998376589559825
26 11 -0.018972464103772305
26 12 -0.007902850256583323
26 13 0.003210464952007018
26 14 0.01436748152199878
26 15 0.025568199453391942
26 16 0.036812618746186535
26 17 0.04810073940038251
26 18 0.059432561415979905
26 19 0.07080808479297869
26 20 0.08222730953137888
26 21 0.09369023563118048
26 22 0.10519686309238346
26 23 0.11674719191498789
26 24 0.1283412220989937
26 25 0.13997895364440097
27 1 -0.13431593537528347
27 2 -0.12309365600334396
27 3 -0.11182429317067569
27 4 -0.10050784687727866
27 5 -0.08914431712315288
27 6 -0.07773370390829842
27 7 -0.06627600723271523
27 8 -0.054771227096403294
27 9 -0.04321936349936258
27 10 -0.031620416441593184
27 11 -0.01997438592309504
27 12 -0.008281271943868167
27 13 0.003458925496087485
27 14 0.015246206396771841
27 15 0.027080570758184923
27 16 0.03896201858032676
27 17 0.05089054986319729
27 18 0.06286616460679662
27 19 0.07488886281112467
27 20 0.0869586444761814
27 21 0.09907550960196693
27 22 0.11123945818848117
27 23 0.12345049023572413
27 24 0.1357086057436958
27 25 0.14801380471239628
28 1 -0.1411354461486328
28 2 -0.12934275735471504
28 3 -0.11749958150760821
28 4 -0.10560591860731244
28 5 -0.09366176865382768
28 6 -0.08166713164715388
28 7 -0.06962200758729109
28 8 -0.05752639647423929
28 9 -0.045380298307998536
28 10 -0.03318371308856868
28 11 -0.020936640815949883
28 12 -0.008639081490142086
28 13 0.003708964888854714
28 14 0.016107498321040525
28 15 0.02855651880641537
28 16 0.04105602634497918
28 17 0.05360602093673202
28 18 0.0662065025816738
28 19 0.07885747127980468
28 20 0.09155892703112452
28 21 0.10431086983563334
28 22 0.11711329969333122
28 23 0.12996621660421803
28 24 0.1428696205682939
28 25 0.15582351158555874
29 1 -0.1471029036991841
29 2 -0.13481098411174744
29 3 -0.1224654539399561
29 4 -0.11006631318380998
29 5 -0.09761356184330904
29 6 -0.0851071999184534
29 7 -0.07254722740924296
29 8 -0.05993364431567781
29 9 -0.047266450637757806
29 10 -0.0345456463754831
29 11 -0.02177123152885361
29 12 -0.008943206097869345
29 13 0.0039384299174696855
29 14 0.01687367651716347
29 15 0.029862533701212016
29 16 0.042905001469615345
29 17 0.05600107982237342
29 18 0.0691507687594863
29 19 0.0823540682809539
29 20 0.09561097838677629
29 21 0.10892149907695343
29 22 0.12228563035148536
29 23 0.13570337221037204
29 24 0.1491747246536135
29 25 0.16269968768120968
30 1 -0.1519397270228661
30 2 -0.1392430740592892
30 3 -0.12649013378708443
30 4 -0.11368090620625199
30 5 -0.10081539131679185
30 6 -0.0878935891187038
30 7 -0.0749154996119881
30 8 -0.06188112279664453
30 9 -0.04879045867267329
30 10 -0.03564350724007426
30 11 -0.022440268498847456
30 12 -0.009180742448992888
30 13 0.004135070909489447
30 14 0.017507171576599534
30 15 0.030935559552337413
30 16 0.04442023483670303
30 17 0.05796119742969641
30 18 0.07155844733131754
30 19 0.08521198454156649
30 20 0.09892180906044316
30 21 0.11268792088794764
30 22 0.12651032002407986
30 23 0.14038900646883976
30 24 0.1543239802222275
30 25 0.16831524128424302
31 1 -0.15610357703315583
31 2 -0.1430584009116445
31 3 -0.1299544683312083
31 4 -0.11679177929184711
31 5 -0.10357033379356091
31 6 -0.09029013183634976
31 7 -0.07695117342021365
31 8 -0.06355345854515258
31 9 -0.05009698721116654
31 10 -0.03658175941825551
31 11 -0.02300777516641956
31 12 -0.009375034455658616
31 13 0.004316462714027278
31 14 0.01806671634263813
31 15 0.031875726430173994
31 16 0.04574349297663479
31 17 0.05967001598202054
31 18 0.07365529544633123
31 19 0.08769933136956697
31 20 0.10180212375172763
31 21 0.11596367259281326
31 22 0.13018397789282388
31 23 0.14446303965175933
31 24 0.1588008578696199
31 25 0.17319743254640546
32 1 -0.15946568944617182
32 2 -0.1461389741622249
32 3 -0.1327513106570239
32 4 -0.11930269893056882
32 5 -0.1057931389828595
32 6 -0.09222263081389599
32 7 -0.07859117442367836
32 8 -0.06489876981220652
32 9 -0.051145416979480565
32 10 -0.037331115925500466
32 11 -0.023455866650266152
32 12 -0.009519669153777744
32 13 0.0044774765639648915
32 14 0.01853557050296166
32 15 0.032654612663212595
32 16 0.046834603044717704
32 17 0.06107554164747698
32 18 0.07537742847149034
32 19 0.08974026351675796
32 20 0.10416404678327967
32 21 0.11864877827105559
32 22 0.13319445798008564
32 23 0.1478010859103699
32 24 0.1624686620619083
32 25 0.17719718643470084
33 1 -0.16189837513124544
33 2 -0.14836780397573
33 3 -0.13477446434259926
33 4 -0.12111835623185312
33 5 -0.10739947964349163
33 6 -0.09361783457751473
33 7 -0.07977342103392251
33 8 -0.06586623901271493
33 9 -0.051896288513891935
33 10 -0.037863569537453616
33 11 -0.023768082083399943
33 12 -0.009609826151730916
33 13 0.0046111982575535206
33 14 0.018894991144453303
33 15 0.03324155250896843
33 16 0.047650882351098954
33 17 0.06212298067084483
33 18 0.07665784746820606
33 19 0.09125548274318265
33 20 0.1059158864957746
33 21 0.12063905872598192
33 22 0.13542499943380465
33 23 0.15027370861924264
33 24 0.16518518628229611
33 25 0.18015943242296484
34 1 -0.16354115180907
34 2 -0.1498727179097414
34 3 -0.13613996438064968
34 4 -0.12234289122179517
34 5 -0.10848149843317759
34 6 -0.09455578601479699
34 7 -0.08056575396665348
34 8 -0.06651140228874691
34 9 -0.052392730981077426
34 10 -0.03820974004364493
34 11 -0.023962429476449474
34 12 -0.009650799279491014
34 13 0.004725150547230439
34 14 0.01916542000371487
34 15 0.03367000908996227
34 16 0.048238917805972656
34 17 0.06287214615174602
34 18 0.07756969412728236
34 19 0.09233156173258171
34 20 0.10715774896764399
34 21 0.12204825583246932
34 22 0.1370030823270576
34 23 0.15202222845140884
34 24 0.16710569420552307
34 25 0.18225347958940033
35 1 -0.1642970218770307
35 2 -0.15056482846873606
35 3 -0.1367670767516537
35 4 -0.12290376672578353
35 5 -0.1089748983911255
35 6 -0.09498047174767969
35 7 -0.0809204867954461
35 8 -0.06679494353442472
35 9 -0.05260384196461544
35 10 -0.03834718208601839
35 11 -0.02402496389863353
35 12 -0.009637187402460896
35 13 0.004816147402499617
35 14 0.019335040516247907
35 15 0.033919491938784005
35 16 0.04856950167010793
35 17 0.06328506971021963
35 18 0.07806619605911916
35 19 0.0929128807168065
35 20 0.10782512368328165
35 21 0.12280292495854467
35 22 0.13784628454259545
35 23 0.15295520243543403
35 24 0.1681296786370604
35 25 0.1833697131474746
36 1 -0.1641599155534159
36 2 -0.15043866710384024
36 3 -0.1366510875731433
36 4 -0.12279717696132506
36 5 -0.10887693526838543
36 6 -0.09489036249432452
36 7 -0.08083745863914227
36 8 -0.06671822370283877
36 9 -0.05253265768541392
36 10 -0.038280760586867725
36 11 -0.02396253240720028
36 12 -0.009577973146411472
36 13 0.004872917195498648
36 14 0.019390138618530083
36 15 0.033973691122682816
36 16 0.048623574707956856
36 17 0.06333978937435224
36 18 0.07812233512186893
36 19 0.09297121195050694
36 20 0.10788641986026623
36 21 0.12286795885114687
36 22 0.1379158289231488
36 23 0.15303003007627208
36 24 0.16821056231051668
36 25 0.18345742562588252
37 1 -0.1631068047666874
37 2 -0.14947300432030047
37 3 -0.135772372272982
37 4 -0.12200490862473201
37 5 -0.10817061337555045
37 6 -0.0942694865254374
37 7 -0.08030152807439281
37 8 -0.06626673802241669
37 9 -0.05216511636950908
37 10 -0.037996663115669904
37 11 -0.023761378260899184
37 12 -0.009459261805196944
37 13 0.004909686251436826
37 14 0.019345465909002126
37 15 0.03384807716749895
37 16 0.04841752002692732
37 17 0.0630537944872872
37 18 0.07775690054857869
37 19 0.09252683821080163
37 20 0.10736360747395607
37 21 0.1222672083380421
37 22 0.13723764080305964
37 23 0.1522749048690087
37 24 0.16737900053588933
37 25 0.1825499278037015
38 1 -0.1611644205060386
38 2 -0.14769241887274806
38 3 -0.1341534785338104
38 4 -0.12054759948922576
38 5 -0.10687478173899403
38 6 -0.09313502528311532
38 7 -0.07932833012158952
38 8 -0.06545469625441676
38 9 -0.05151412368159684
38 10 -0.03750661240312994
38 11 -0.02343216241901599
38 12 -0.009290773729254959
38 13 0.004917553666153072
38 14 0.019192819767208172
38 15 0.033535024573910284
38 16 0.04794416808625945
38 17 0.06242025030425565
38 18 0.07696327122789891
38 19 0.09157323085718924
38 20 0.10625012919212655
38 21 0.12099396623271097
38 22 0.1358047419789424
38 23 0.1506824564308208
38 24 0.1656271095883463
38 25 0.18063870145151895
39 1 -0.1585083431372338
39 2 -0.14525783684539906
39 3 -0.1319406418514238
39 4 -0.11855675815530786
39 5 -0.10510618575705144
39 6 -0.09158892465665433
39 7 -0.07800497485411681
39 8 -0.0643543363494386
39 9 -0.05063700914261988
39 10 -0.03685299323366053
39 11 -0.023002288622560686
39 12 -0.009084895309320235
39 13 0.004899186706060786
39 14 0.018949957423582374
39 15 0.03306741684324453
39 16 0.047251564965047246
39 17 0.06150240178899054
39 18 0.07581992731507439
39 19 0.09020414154329882
39 20 0.10465504447366378
39 21 0.11917263610616938
39 22 0.1337569164408155
39 23 0.14840788547760217
39 24 0.16312554321652947
39 25 0.17790988965759727
40 1 -0.15480860377424555
40 2 -0.14186681096143208
40 3 -0.12885897545803754
40 4 -0.11578509726406166
40 5 -0.10264517637950468
40 6 -0.0894392128043665
40 7 -0.07616720653864711
40 8 -0.06282915758234651
40 9 -0.049425065935464724
40 10 -0.03595493159800173
40 11 -0.022418754569957552
40 12 -0.008816534851332167
40 13 0.004851727557874419
40 14 0.018586032657662194
40 15 0.032386380448031174
40 16 0.04625277092898135
40 17 0.06018520410051274
40 18 0.07418367996262532
40 19 0.08824819851531907
40 20 0.10237875975859405
40 21 0.11657536369245022
40 22 0.13083801031688758
40 23 0.14516669963190615
40 24 0.15956143163750586
40 25 0.1740222063336869
41 1 -0.15031051846100205
41 2 -0.1377442005338655
41 3 -0.12511285987511794
41 4 -0.11241649648475921
41 5 -0.09965511036278947
41 6 -0.08682870150920867
41 7 -0.07393726992401678
41 8 -0.06098081560721382
41 9 -0.0479593385587998
41 10 -0.034872838778774735
41 11 -0.0217213162671386
41 12 -0.008504771023891404
41 13 0.004776796950966861
41 14 0.018123387657436194
41 15 0.03153500109551659
41 16 0.04501163726520806
41 17 0.0585532961665106
41 18 0.0721599777994242
41 19 0.08583168216394886
41 20 0.09956840926008459
41 21 0.11337015908783143
41 22 0.12723693164718927
41 23 0.14116872693815816
41 24 0.1551655449607382
41 25 0.16922738571492923
42 1 -0.14517368997307364
42 2 -0.13303627994235606
42 3 -0.12083519580556641
42 4 -0.10857043756270468
42 5 -0.09624200521377078
42 6 -0.08384989875876485
42 7 -0.07139411819768682
42 8 -0.05887466353053668
42 9 -0.04629153475731444
42 10 -0.033644731878020126
42 11 -0.020934254892653693
42 12 -0.008160103801215185
42 13 0.004677721396295449
42 14 0.01757922069987815
42 15 0.030544394109532955
42 16 0.043573241625259856
42 17 0.05666576324705884
42 18 0.06982195897492996
42 19 0.08304182880887312
42 20 0.09632537274888842
42 21 0.10967259079497581
42 22 0.12308348294713532
42 23 0.1365580492053668
42 24 0.15009628956967044
42 25 0.1636982040400462
43 1 -0.13906538434180715
43 2 -0.12743810073224682
43 3 -0.11574891304702264
43 4 -0.1039978212861345
43 5 -0.09218482544958256
43 6 -0.08030992553736663
43 7 -0.06837312154948688
43 8 -0.05637441348594321
43 9 -0.04431380134673568
43 10 -0.03219128513186427
43 11 -0.020006864841328936
43 12 -0.007760540475129694
43 13 0.004547687966733381
43 14 0.016917820484260365
43 15 0.029349857077451226
43 16 0.041843797746305963
43 17 0.05439964249082464
43 18 0.06701739131100715
43 19 0.07969704420685357
43 20 0.09243860117836386
43 21 0.10524206222553806
43 22 0.11810742734837608
43 23 0.13103469654687805
43 24 0.14402386982104393
43 25 0.1570749471708737
44 1 -0.13256660345078952
44 2 -0.12148214390810716
44 3 -0.11033780443255235
44 4 -0.09913358502412528
44 5 -0.08786948568282582
44 6 -0.07654550640865405
44 7 -0.06516164720160987
44 8 -0.05371790806169341
44 9 -0.0422142889889046
44 10 -0.030650789983243425
44 11 -0.019027411044709945
44 12 -0.00734415217330411
44 13 0.004398986630974058
44 14 0.016202005368124574
44 15 0.028064904038147438
44 16 0.039987682641042625
44 17 0.05197034117681017
44 18 0.06401287964545004
44 19 0.0761152980469623
44 20 0.08827759638134683
44 21 0.10049977464860373
44 22 0.11278183284873297
44 23 0.12512377098173452
44 24 0.1375255890476085
44 25 0.14998728704635478
45 1 -0.12563952340459753
45 2 -0.11513373804226937
45 3 -0.10457035176640189
45 4 -0.09394936457699521
45 5 -0.08327077647404912
45 6 -0.0725345874575638
45 7 -0.061740797527539165
45 8 -0.050889406683975236
45 9 -0.039980414926872015
45 10 -0.02901382225622951
45 11 -0.017989628672047696
45 12 -0.0069078341743265895
45 13 0.004231561236933816
45 14 0.015428557561733516
45 15 0.026683154800072505
45 16 0.037995352951950806
45 17 0.04936515201736838
45 18 0.060792551996325266
45 19 0.0722775528888214
45 20 0.08382015469485692
45 21 0.09542035741443164
45 22 0.1070781610475457
45 23 0.11879356559419904
45 24 0.1305665710543917
45 25 0.1423971774281237
46 1 -0.11800369655342055
46 2 -0.10813586517299925
46 3 -0.09821306171468346
46 4 -0.08823528617847323
46 5 -0.07820253856436865
46 6 -0.06811481887236957
46 7 -0.05797212710247612
46 8 -0.047774463254688246
46 9 -0.03752182732900598
46 10 -0.027214219325429237
46 11 -0.01685163924395812
46 12 -0.006434087084592564
46 13 0.004038437152667386
46 14 0.014565933467821774
46 15 0.025148401860870577
46 16 0.03578584233181379
46 17 0.04647825488065145
46 18 0.057225639507383505
46 19 0.06802799621200996
46 20 0.07888532499453085
46 21 0.0897976258549462
46 22 0.10076489879325594
46 23 0.11178714380946006
46 24 0.12286436090355862
46 25 0.13399655007555164
47 1 -0.10997554780592257
47 2 -0.10077851682006693
47 3 -0.0915293884720692
47 4 -0.0822281627619294
47 5 -0.07287483968964756
47 6 -0.06346941925522354
47 7 -0.05401190145865752
47 8 -0.04450228629994936
47 9 -0.034940573779099156
47 10 -0.025326763896106858
47 11 -0.01566085665097249
47 12 -0.005942852043696005
47 13 0.0038272499257225364
47 14 0.013649449257283165
47 15 0.02352374595098588
47 16 0.033450140006830685
47 17 0.04342863142481756
47 18 0.05345922020494648
47 19 0.06354190634721754
47 20 0.07367668985163064
47 21 0.0838635707181859
47 22 0.09410254894688315
47 23 0.10439362453772251
47 24 0.11473679749070399
47 25 0.12513206780582753
48 1 -0.10181847790850287
48 2 -0.09330308275939828
48 3 -0.08473861291613947
48 4 -0.07612506837872651
48 5 -0.0674624491471593
48 6 -0.05875075522143793
48 7 -0.04998998660156237
48 8 -0.0411801432875326
48 9 -0.032321225279348664
48 10 -0.02341323257701053
48 11 -0.014456165180518229
48 12 -0.0054500230898717125
48 13 0.003605193694928969
48 14 0.012709485173883853
48 15 0.02186285134699292
48 16 0.031065292214256177
48 17 0.04031680777567363
48 18 0.04961739803124526
48 19 0.058967062980971055
48 20 0.06836580262485112
48 21 0.0778136169628853
48 22 0.08731050599507367
48 23 0.09685646972141622
48 24 0.10645150814191301
48 25 0.11609562125656396
49 1 -0.09290853768281944
49 2 -0.08513775727716837
49 3 -0.07732131026880065
49 4 -0.06945919665771624
49 5 -0.0615514164439151
49 6 -0.05359796962739726
49 7 -0.0455988562081627
49 8 -0.03755407618621147
49 9 -0.029463629561543477
49 10 -0.021327516334158803
49 11 -0.013145736504057435
49 12 -0.004918290071239336
49 13 0.0033548229642954685
49 14 0.011673602602546984
49 15 0.020038048843515198
49 16 0.028448161687200116
49 17 0.03690394113360175
49 18 0.045405387182720094
49 19 0.05395249983455513
49 20 0.0625452790891069
49 21 0.07118372494637536
49 22 0.07986783740636054
49 23 0.08859761646906243
49 24 0.09737306213448096
49 25 0.10619417440261629
50 1 -0.08472503950343432
50 2 -0.07763822154335667
50 3 -0.07050895944729281
50 4 -0.06333725321524268
50 5 -0.056123102847206396
50 6 -0.04886650834318385
50 7 -0.04156746970317506
50 8 -0.034225986927180076
50 9 -0.02684206001519885
50 10 -0.019415688967231424
50 11 -0.011946873783277735
50 12 -0.0044356144633378655
50 13 0.0031180889925882483
50 14 0.010714236584500571
50 15 0.018352828312399136
50 16 0.026033864176283922
50 17 0.033757344176154926
50 18 0.04152326831201214
50 19 0.049331636583855594
50 20 0.057182448991685286
50 21 0.06507570553550118
50 22 0.0730114062153033
50 23 0.0809895510310916
50 24 0.08901013998286617
50 25 0.09707317307062696
51 1 -0.07610083431410868
51 2 -0.0697348702299686
51 3 -0.06332995113766124
51 4 -0.05688607703718676
51 5 -0.05040324792854499
51 6 -0.043881463811736035
51 7 -0.03732072468675988
51 8 -0.030721030553616475
51 9 -0.02408238141230589
51 10 -0.017404777262828092
51 11 -0.010688218105183075
51 12 -0.003932703939370834
51 13 0.0028617652346086047
51 14 0.009695189416755269
51 15 0.016567568607069136
51 16 0.023478902805550213
51 17 0.030429192012198507
51 18 0.03741843622701402
51 19 0.04444663544999673
51 20 0.05151378968114665
51 21 0.058619898920463834
51 22 0.06576496316794816
51 23 0.07294898242359976
51 24 0.08017195668741851
51 25 0.08743388595940453
52 1 -0.06822800391661822
52 2 -0.06252014228613526
52 3 -0.05677659474729567
52 4 -0.050997361300099374
52 5 -0.04518244194454642
52 6 -0.039331836680636764
52 7 -0.03344554550837045
52 8 -0.02752356842774745
52 9 -0.021565905438767775
52 10 -0.015572556541431413
52 11 -0.009543521735738388
52 12 -0.003478801021688684
52 13 0.0026216056007176995
52 14 0.008757698131480756
52 15 0.014929476570600503
52 16 0.021136940918076913
52 17 0.027380091173910024
52 18 0.033658927338099796
52 19 0.039973449410646233
52 20 0.04632365739154937
52 21 0.05270955128080918
52 22 0.059131131078425644
52 23 0.06558839678439882
52 24 0.07208134839872865
52 25 0.07860998592141517
53 1 -0.06015338089257455
53 2 -0.05512054359707745
53 3 -0.050055459658000054
53 4 -0.04495812907534247
53 5 -0.0398285518491046
53 6 -0.03466672797928648
53 7 -0.029472657465888136
53 8 -0.024246340308909535
53 9 -0.0189877765083507
53 10 -0.013696966064211627
53 11 -0.008373908976492277
53 12 -0.0030186052451927053
53 13 0.002368945129687116
53 14 0.007788742148147183
53 15 0.013240785810187502
53 16 0.01872507611580806
53 17 0.02424161306500888
53 18 0.029790396657789934
53 19 0.03537142689415122
53 20 0.04098470377409278
53 21 0.046630227297614575
53 22 0.05230799746471661
53 23 0.05801801427539888
53 24 0.0637602777296614
53 25 0.06953478782750419
54 1 -0.051560394290741295
54 2 -0.04724597972157598
54 3 -0.04290308164458241
54 4 -0.03853170005976065
54 5 -0.03413183496711066
54 6 -0.029703486366632448
54 7 -0.025246654258325993
54 8 -0.02076133864219134
54 9 -0.01624753951822845
54 10 -0.011705256886437341
54 11 -0.007134490746818013
54 12 -0.00253524109937045
54 13 0.002092492055905325
54 14 0.00674870871900933
54 15 0.011433408889941552
54 16 0.016146592568702003
54 17 0.02088825975529067
54 18 0.02565841044970757
54 19 0.030457044651952685
54 20 0.03528416236202602
54 21 0.04013976357992759
54 22 0.04502384830565739
54 23 0.04993641653921539
54 24 0.054877468280601624
54 25 0.059847003529816076
55 1 -0.04378023723386669
55 2 -0.04011635169264495
55 3 -0.03642749191108416
55 4 -0.03271365788918435
55 5 -0.0289748496269455
55 6 -0.025211067124367603
55 7 -0.021422310381450677
55 8 -0.017608579398194702
55 9 -0.013769874174599676
55 10 -0.009906194710665634
55 11 -0.006017541006392541
55 12 -0.0021039130617804087
55 13 0.0018346891231707618
55 14 0.0057982655484609714
55 15 0.009786816214090222
55 16 0.01380034112005851
55 17 0.017838840266365844
55 18 0.021902313653012206
55 19 0.02599076127999762
55 20 0.030104183147322064
55 21 0.03424257925498554
55 22 0.0384059496029881
55 23 0.042594294191329644
55 24 0.046807613020010255
55 25 0.05104590608902991
56 1 -0.0365736545538342
56 2 -0.03351240160022466
56 3 -0.030429525192566573
56 4 -0.027325025330859967
56 5 -0.024198902015104842
56 6 -0.021051155245301198
56 7 -0.017881785021449007
56 8 -0.014690791343548316
56 9 -0.011478174211599083
56 10 -0.00824393362560133
56 11 -0.004988069585555046
56 12 -0.0017105820914602504
56 13 0.0015885288566830809
56 14 0.004909263258874934
56 15 0.008251621115115312
56 16 0.011615602425404216
56 17 0.015001207189741642
56 18 0.018408435408127602
56 19 0.02183728708056208
56 20 0.025287762207045088
56 21 0.028759860787576613
56 22 0.03225358282215668
56 23 0.03576892831078524
56 24 0.03930589725346234
56 25 0.04286448965018797
57 1 -0.029337208254432603
57 2 -0.026881158101304103
57 3 -0.0244069664581449
57 4 -0.021914633324954996
57 5 -0.019404158701734404
57 6 -0.0168755425884831
57 7 -0.014328784985201114
57 8 -0.011763885891888433
57 9 -0.009180845308545044
57 10 -0.006579663235170964
57 11 -0.00396033967176619
57 12 -0.0013228746183307103
57 13 0.0013327319251354645
57 14 0.004006479958632335
57 15 0.0066983694821599014
57 16 0.009408400495718165
57 17 0.012136572999307132
57 18 0.014882886992926796
57 19 0.017647342476577146
57 20 0.020429939450258203
57 21 0.02323067791396995
57 22 0.026049557867712403
57 23 0.028886579311485545
57 24 0.03174174224528939
57 25 0.034615046669123926
58 1 -0.02294278897448798
58 2 -0.021021598105141065
58 3 -0.019085466996484845
58 4 -0.01713439564851933
58 5 -0.015168384061244496
58 6 -0.01318743223466037
58 7 -0.011191540168766926
58 8 -0.009180707863564178
58 9 -0.00715493531905213
58 10 -0.0051142225352307745
58 11 -0.0030585695121001163
58 12 -0.0009879762496601508
58 13 0.001097557252089125
58 14 0.0031980309931477022
58 15 0.005313444973515585
58 16 0.007443799193192771
58 17 0.009589093652179264
58 18 0.011749328350475067
58 19 0.013924503288080167
58 20 0.016114618464994585
58 21 0.018319673881218298
58 22 0.020539669536751317
58 23 0.022774605431593646
58 24 0.02502448156574527
58 25 0.02728929793920621
59 1 -0.017493420217893685
59 2 -0.016028117326656686
59 3 -0.014550726402910781
59 4 -0.013061247446655974
59 5 -0.011559680457892262
59 6 -0.010046025436619647
59 7 -0.008520282382838133
59 8 -0.006982451296547719
59 9 -0.005432532177748406
59 10 -0.003870525026440183
59 11 -0.0022964298426230664
59 12 -0.0007102466262970404
59 13 0.00088802462253788
59 14 0.0024983839038817063
59 15 0.004120831217734433
59 16 0.005755366564096059
59 17 0.007401989942966593
59 18 0.009060701354346029
59 19 0.010731500798234359
59 20 0.012414388274631595
59 21 0.014109363783537731
59 22 0.015816427324952774
59 23 0.01753557889887671
59 24 0.019266818505309556
59 25 0.0210101461442513
60 1 -0.012586003283890076
60 2 -0.011531336456736492
60 3 -0.010467290297416476
60 4 -0.009393864805930041
60 5 -0.008311059982277163
60 6 -0.007218875826457857
60 7 -0.006117312338472124
60 8 -0.005006369518319958
60 9 -0.0038860473660013604
60 10 -0.0027563458815163316
60 11 -0.0016172650648648738
60 12 -0.00046880491604698606
60 13 0.0006890345649373344
60 14 0.0018562533780880866
60 15 0.0030328515234052675
60 16 0.00421882900088888
60 17 0.0054141858105389235
60 18 0.006618921952355396
60 19 0.007833037426338306
60 20 0.009056532232487641
60 21 0.010289406370803405
60 22 0.011531659841285598
60 23 0.012783292643934227
60 24 0.01404430477874929
60 25 0.015314696245730775
61 1 -0.008435239902956533
61 2 -0.007727995424022539
61 3 -0.007013824271269221
61 4 -0.006292726444696569
61 5 -0.005564701944304587
61 6 -0.004829750770093276
61 7 -0.004087872922062633
61 8 -0.0033390684002126635
61 9 -0.002583337204543363
61 10 -0.001820679335054731
61 11 -0.0010510947917467713
61 12 -0.0002745835746194817
61 13 0.0005088543163271378
61 14 0.001299218881093087
61 15 0.0020965101196783677
61 16 0.002900728032082976
61 17 0.003711872618306914
61 18 0.004529943878350182
61 19 0.00535494181221278
61 20 0.006186866419894708
61 21 0.0070257177013959655
61 22 0.007871495656716552
61 23 0.00872420028585647
61 24 0.009583831588815716
61 25 0.010450389565594295
62 1 -0.004981837131013304
62 2 -0.004563769764252787
62 3 -0.004141016398891263
62 4 -0.0037135770349287275
62 5 -0.003281451672365181
62 6 -0.0028446403112006215
62 7 -0.0024031429514350545
62 8 -0.0019569595930684744
62 9 -0.0015060902361008848
62 10 -0.0010505348805322837
62 11 -0.0005902935263626732
62 12 -0.00012536617359205015
62 13 0.00034424717777958153
62 14 0.0008185465277522246
62 15 0.0012975318763258788
62 16 0.0017812032235005435
62 17 0.002269560569276219
62 18 0.002762603913652904
62 19 0.0032603332566306
62 20 0.0037627485982093074
62 21 0.004269849938389027
62 22 0.004781637277169753
62 23 0.005298110614551494
62 24 0.0058192699505342435
62 25 0.006345115285118004
63 1 -0.002581447014649173
63 2 -0.002364519907554079
63 3 -0.00214468796466131
63 4 -0.0019219511859708662
63 5 -0.001696309571482746
63 6 -0.0014677631211969507
63 7 -0.00123631183511348
63 8 -0.001001955713232333
63 9 -0.0007646947555535115
63 10 -0.0005245289620770145
63 11 -0.0002814583328028416
63 12 -0.000035482867730993216
63 13 0.0002133974331385305
63 14 0.0004651825698057302
63 15 0.0007198725422706049
63 16 0.0009774673505331545
63 17 0.0012379669945933804
63 18 0.0015013714744512806
63 19 0.0017676807901068578
63 20 0.0020368949415601103
63 21 0.002309013928811038
63 22 0.00258403775185964
63 23 0.0028619664107059177
63 24 0.003142799905349872
63 25 0.003426538235791501
64 1 -0.0011550764908257371
64 2 -0.001057810496679921
64 3 -0.0009589210334590006
64 4 -0.0008584081011629755
64 5 -0.0007562716997918464
64 6 -0.0006525118293456138
64 7 -0.0005471284898242764
64 8 -0.0004401216812278347
64 9 -0.0003314914035562897
64 10 -0.00022123765680964015
64 11 -0.0001093604409878864
64 12 4.140243908971319*^-6
64 13 0.00011926439788093321
64 14 0.00023601202092799907
64 15 0.00035438311305016927
64 16 0.0004743776742474436
64 17 0.000595995704519822
64 18 0.0007192372038673043
64 19 0.0008441021722898913
64 20 0.000970590609787582
64 21 0.0010987025163603768
64 22 0.0012284378920082762
64 23 0.0013597967367312788
64 24 0.0014927790505293865
64 25 0.0016273848334025977
65 1 -0.0005345778961757347
65 2 -0.0004894633035547349
65 3 -0.00044343786692907386
65 4 -0.0003965015862987512
65 5 -0.00034865446166376765
65 6 -0.0002998964930241223
65 7 -0.0002502276803798161
65 8 -0.00019964802373084847
65 9 -0.00014815752307721956
65 10 -0.00009575617841892942
65 11 -0.00004244398975597783
65 12 0.000011779042911635037
65 13 0.00006691291958390905
65 14 0.0001229576402608444
65 15 0.00017991320494244113
65 16 0.00023777961362869907
65 17 0.0002965568663196184
65 18 0.0003562449630151991
65 19 0.00041684390371544093
65 20 0.000478353688420344
65 21 0.0005407743171299086
65 22 0.0006041057898441343
65 23 0.0006683481065630212
65 24 0.0007335012672865697
65 25 0.0007995652720147792
66 1 -0.00028842697097313186
66 2 -0.00026405078907323643
66 3 -0.00023912690145681034
66 4 -0.00021365530812385397
66 5 -0.000187636009074367
66 6 -0.0001610690043083495
66 7 -0.00013395429382580146
66 8 -0.00010629187762672275
66 9 -0.00007808175571111364
66 10 -0.00004932392807897393
66 11 -0.00002001839473030367
66 12 9.834844334897166*^-6
66 13 0.00004023578911662845
66 14 0.0000711844396148904
66 15 0.00010268079582968277
66 16 0.00013472485776100577
66 17 0.0001673166254088593
66 18 0.0002004560987732435
66 19 0.00023414327785415795
66 20 0.00026837816265160323
66 21 0.00030316075316557913
66 22 0.0003384910493960852
66 23 0.00037436905134312213
66 24 0.00041079475900668923
66 25 0.00044776817238678716
67 1 -0.00018149735454465598
67 2 -0.00016615336706871428
67 3 -0.00015045687591275757
67 4 -0.00013440788107678604
67 5 -0.00011800638256079941
67 6 -0.00010125238036479795
67 7 -0.00008414587448878166
67 8 -0.00006668686493275044
67 9 -0.000048875351696704266
67 10 -0.00003071133478064326
67 11 -0.000012194814184567289
67 12 6.674210091523596*^-6
67 13 0.000025895738047629348
67 14 0.000045469769683749964
67 15 0.00006539630499988556
67 16 0.00008567534399603604
67 17 0.00010630688667220145
67 18 0.0001272909330283817
67 19 0.00014862748306457684
67 20 0.00017031653678078697
67 21 0.00019235809417701203
67 22 0.000214752155253252
67 23 0.0002374987200095067
67 24 0.0002605977884457765
67 25 0.0002840493605620611
68 1 -0.00013055144721483487
68 2 -0.00011952093406479782
68 3 -0.00010824723502085646
68 4 -0.00009673035008301092
68 5 -0.00008497027925126119
68 6 -0.00007296702252560717
68 7 -0.00006072057990604891
68 8 -0.00004823095139258644
68 9 -0.000035498136985219776
68 10 -0.00002252213668394884
68 11 -9.302950488773695*^-6
68 12 4.1594216003056365*^-6
68 13 0.000017864979583289265
68 14 0.0000318137234601771
68 15 0.00004600565323096917
68 16 0.00006044076889566545
68 17 0.00007511907045426601
68 18 0.00009004055790677065
68 19 0.00010520523125317962
68 20 0.00012061309049349285
68 21 0.00013626413562771035
68 22 0.00015215836665583203
68 23 0.00016829578357785787
68 24 0.00018467638639378794
68 25 0.0002013001751036223
69 1 -0.00010053823421272902
69 2 -0.00009205373013013504
69 3 -0.0000833982548061435
69 4 -0.00007457180824075448
69 5 -0.00006557439043396784
69 6 -0.00005640600138578363
69 7 -0.00004706664109620185
69 8 -0.000037556309565222446
69 9 -0.00002787500679284553
69 10 -0.00001802273277907106
69 11 -7.99948752389898*^-6
69 12 2.1947289726706248*^-6
69 13 0.00001255991671063785
69 14 0.000023096075690002616
69 15 0.00003380320591076494
69 16 0.000044681307372924843
69 17 0.00005573038007648233
69 18 0.00006695042402143735
69 19 0.00007834143920778997
69 20 0.0000899034256355402
69 21 0.00010163638330468793
69 22 0.00011354031221523327
69 23 0.00012561521236717613
69 24 0.00013786108376051672
69 25 0.00015027792639525474
70 1 -0.00008462780227225857
70 2 -0.00007749469729309147
70 3 -0.00007023167484033974
70 4 -0.00006283873491400314
70 5 -0.00005531587751408182
70 6 -0.000047663102640575686
70 7 -0.00003988041029348482
70 8 -0.00003196780047280914
70 9 -0.00002392527317854869
70 10 -0.000015752828410703527
70 11 -7.450466169273513*^-6
70 12 9.818135457412275*^-7
70 13 9.544010734340776*^-6
70 14 0.00001823612539652508
70 15 0.000027058157532294146
70 16 0.000036010107141648014
70 17 0.00004509197422458659
70 18 0.00005430375878111006
70 19 0.00006364546081121815
70 20 0.00007311708031491112
70 21 0.00008271861729218887
70 22 0.00009245007174305138
70 23 0.0001023114436674986
70 24 0.00011230273306553069
70 25 0.00012242393993714743
71 1 -0.00007369203583003334
71 2 -0.00006748827538411963
71 3 -0.00006118359232581012
71 4 -0.00005477798665510462
71 5 -0.00004827145837200326
71 6 -0.000041664007476505945
71 7 -0.00003495563396861278
71 8 -0.000028146337848323646
71 9 -0.000021236119115638636
71 10 -0.000014224977770557711
71 11 -7.112913813080892*^-6
71 12 1.0007275679186226*^-7
71 13 7.413981939060504*^-6
71 14 0.00001482881373372507
71 15 0.00002234456814078553
71 16 0.000029961245160241907
71 17 0.00003767884479209412
71 18 0.00004549736703634236
71 19 0.00005341681189298645
71 20 0.0000614371793620265
71 21 0.00006955846944346235
71 22 0.0000777806821372941
71 23 0.00008610381744352189
71 24 0.00009452787536214549
71 25 0.000103052855893165
72 1 -0.00006620457320732945
72 2 -0.00006063699140341614
72 3 -0.000054988143430477574
72 4 -0.000049258029288513734
72 5 -0.000043446648977524644
72 6 -0.0000375540024975102
72 7 -0.00003158008984847056
72 8 -0.000025524911030405627
72 9 -0.000019388466043315404
72 10 -0.00001317075488719988
72 11 -6.8717775620591*^-6
72 12 -4.915340678930619*^-7
72 13 5.969975595298296*^-6
72 14 0.000012512751427514909
72 15 0.000019136793428756806
72 16 0.000025842101599024008
72 17 0.00003262867593831644
72 18 0.00003949651644663416
72 19 0.000046445623123977174
72 20 0.00005347599597034546
72 21 0.00006058763498573899
72 22 0.00006778054017015782
72 23 0.00007505471152360204
72 24 0.00008241014904607143
72 25 0.00008984685273756603
73 1 -0.00006103966944773663
73 2 -0.000055910540116044126
73 3 -0.000050713079926569236
73 4 -0.00004544728887931184
73 5 -0.00004011316697427198
73 6 -0.00003471071421144972
73 7 -0.000029239930590844993
73 8 -0.000023700816112457832
73 9 -0.000018093370776288234
73 10 -0.000012417594582336159
73 11 -6.67348753060168*^-6
73 12 -8.610496210847416*^-7
73 13 5.019719146214638*^-6
73 14 0.000010968818771296464
73 15 0.00001698624925416073
73 16 0.00002307201059480748
73 17 0.000029226102793236645
73 18 0.000035448525849448244
73 19 0.00004173927976344227
73 20 0.00004809836453521877
73 21 0.00005452578016477776
73 22 0.0000610215266521191
73 23 0.00006758560399724298
73 24 0.00007421801220014918
73 25 0.00008091875126083788
74 1 -0.00005702502533555686
74 2 -0.000052236196223503814
74 3 -0.00004738827733178313
74 4 -0.000042481268660394863
74 5 -0.000037515170209338956
74 6 -0.0000324899819786154
74 7 -0.000027405703968224255
74 8 -0.000022262336178165487
74 9 -0.000017059878608439096
74 10 -0.000011798331259045064
74 11 -6.477694129983432*^-6
74 12 -1.097967221254169*^-6
74 13 4.340849467142738*^-6
74 14 9.838755935207256*^-6
74 15 0.000015395752182939385
74 16 0.00002101183821033917
74 17 0.000026687014017406563
74 18 0.000032421279604141564
74 19 0.000038214634970544254
74 20 0.00004406708011661447
74 21 0.00004997861504235232
74 22 0.00005594923974775789
74 23 0.0000619789542328309
74 24 0.00006806775849757169
74 25 0.00007421565254198012
75 1 -0.00005424567801000353
75 2 -0.000049692003179628406
75 3 -0.00004508493452244437
75 4 -0.00004042447203845138
75 5 -0.00003571061572764949
75 6 -0.0000309433655900387
75 7 -0.000026122721625619033
75 8 -0.000021248683834390458
75 9 -0.000016321252216352955
75 10 -0.000011340426771506575
75 11 -6.306207499851296*^-6
75 12 -1.2185944013870966*^-6
75 13 3.922412523886013*^-6
75 14 9.116813275968013*^-6
75 15 0.000014364607854858909
75 16 0.000019665796260558725
75 17 0.000025020378493067428
75 18 0.00003042835455238505
75 19 0.00003588972443851159
75 20 0.00004140448815144696
75 21 0.00004697264569119128
75 22 0.00005259419705774456
75 23 0.000058269142251106626
75 24 0.00006399748127127762
75 25 0.00006977921411825764
76 1 -0.00005205691214392022
76 2 -0.00004768807886329222
76 3 -0.00004326978263446957
76 4 -0.000038802023457452315
76 5 -0.00003428480133224043
76 6 -0.000029718116258834003
76 7 -0.000025101968237232858
76 8 -0.000020436357267437157
76 9 -0.00001572128334944679
76 10 -0.000010956746483261843
76 11 -6.1427466688822695*^-6
76 12 -1.2792839063080926*^-6
76 13 3.6336418044607095*^-6
76 14 8.596030463424152*^-6
76 15 0.000013607882070582164
76 16 0.000018669196625934813
76 17 0.000023779974129482066
76 18 0.00002894021458122397
76 19 0.00003414991798116046
76 20 0.0000394090843292916
76 21 0.00004471771362561731
76 22 0.000050075805870137695
76 23 0.000055483361062852574
76 24 0.00006094037920376219
76 25 0.00006644686029286647
77 1 -0.00005031906217199678
77 2 -0.000046096749589552607
77 3 -0.0000418277076564887
77 4 -0.000037511936372804964
77 5 -0.000033149435738501485
77 6 -0.000028740205753578237
77 7 -0.000024284246418035177
77 8 -0.00001978155773187238
77 9 -0.000015232139695089791
77 10 -0.000010635992307687438
77 11 -5.9931155696653235*^-6
77 12 -1.3035094810234275*^-6
77 13 3.4328259582382364*^-6
77 14 8.215890748119661*^-6
77 15 0.000013045684888620875
77 16 0.00001792220837974187
77 17 0.000022845461221482585
77 18 0.000027815443413843095
77 19 0.000032832154956823414
77 20 0.00003789559585042342
77 21 0.00004300576609464333
77 22 0.000048162665689482966
77 23 0.000053366294634942316
77 24 0.00005861665293102139
77 25 0.0000639137405777204
78 1 -0.000046325335177261937
78 2 -0.00004256482163166785
78 3 -0.000038965013149203044
78 4 -0.000035525909729867565
78 5 -0.00003224751137366129
78 6 -0.0000291298180805843
78 7 -0.000026172829850636592
78 8 -0.000023376546683818153
78 9 -0.000020740968580129016
78 10 -0.000018266095539569126
78 11 -0.000015951927562138514
78 12 -0.00001379846464783718
78 13 -0.000011805706796665106
78 14 -9.973654008622338*^-6
78 15 -8.3023062837088*^-6
78 16 -6.791663621924594*^-6
78 17 -5.441726023269598*^-6
78 18 -4.252493487743941*^-6
78 19 -3.2239660153475004*^-6
78 20 -2.3561436060803853*^-6
78 21 -1.6490262599425142*^-6
78 22 -1.102613976933914*^-6
78 23 -7.169067570546122*^-7
78 24 -4.91904600304527*^-7
78 25 -4.276075066837672*^-7
79 1 -0.00004664356404901256
79 2 -0.00004284726389631954
79 3 -0.00003919676528459448
79 4 -0.000035692068213837366
79 5 -0.000032333172684048244
79 6 -0.000029120078695227058
79 7 -0.000026052786247373815
79 8 -0.000023131295340488562
79 9 -0.000020355605974571266
79 10 -0.00001772571814962193
79 11 -0.000015241631865640567
79 12 -0.00001290334712262715
79 13 -0.000010710863920581684
79 14 -8.664182259504205*^-6
79 15 -6.763302139394656*^-6
79 16 -5.0082235602530906*^-6
79 17 -3.3989465220795023*^-6
79 18 -1.9354710248738503*^-6
79 19 -6.177970686361618*^-7
79 20 5.540753466335633*^-7
79 21 1.5801462209352843*^-6
79 22 2.4604155542690825*^-6
79 23 3.19488334663489*^-6
79 24 3.7835495980327615*^-6
79 25 4.226414308462724*^-6
80 1 -0.00005240405254806663
80 2 -0.000047973130841738034
80 3 -0.0000434394195691149
80 4 -0.00003880291873019713
80 5 -0.000034063628324984716
80 6 -0.000029221548353477792
80 7 -0.000024276678815676205
80 8 -0.00001922901971158002
80 9 -0.000014078571041189225
80 10 -8.825332804503817*^-6
80 11 -3.469305001523805*^-6
80 12 1.9895123677508107*^-6
80 13 7.55111930332003*^-6
80 14 0.000013215515805183838
80 15 0.000018982701873342305
80 16 0.000024852677507795314
80 17 0.00003082544270854295
80 18 0.000036900997475585205
80 19 0.00004307934180892208
80 20 0.00004936047570855355
80 21 0.00005574439917447963
80 22 0.00006223111220670035
80 23 0.00006882061480521555
80 24 0.00007551290697002547
80 25 0.00008230798870112994
81 1 -0.000051386134953501715
81 2 -0.000047021227275386176
81 3 -0.00004252327641838723
81 4 -0.00003789228238250495
81 5 -0.00003312824516773924
81 6 -0.000028231164774090125
81 7 -0.000023201041201557608
81 8 -0.000018037874450141688
81 9 -0.000012741664519842377
81 10 -7.312411410659641*^-6
81 11 -1.750115122593511*^-6
81 12 3.945224344355979*^-6
81 13 9.773606990188909*^-6
81 14 0.000015735032814905257
81 15 0.000021829501818505007
81 16 0.000028057014000988105
81 17 0.00003441756936235466
81 18 0.00004091116790260454
81 19 0.00004753780962173794
81 20 0.000054297494519754626
81 21 0.00006119022259665476
81 22 0.0000682159938524383
81 23 0.00007537480828710523
81 24 0.00008266666590065559
81 25 0.00009009156669308931
82 1 -0.00005035073404112077
82 2 -0.000046054367917734205
82 3 -0.00004159642666520786
82 4 -0.00003697691028354172
82 5 -0.00003219581877273582
82 6 -0.000027253152132790162
82 7 -0.000022148910363704656
82 8 -0.000016883093465479403
82 9 -0.00001145570143811437
82 10 -5.866734281609564*^-6
82 11 -1.1619199596495573*^-7
82 12 5.795925418819434*^-6
82 13 0.00001186961796274359
82 14 0.000018104885635807524
82 15 0.000024501728438011233
82 16 0.00003106014636935477
82 17 0.00003778013942983811
82 18 0.00004466170761946111
82 19 0.00005170485093822398
82 20 0.0000589095693861266
82 21 0.00006627586296316905
82 22 0.0000738037316693512
82 23 0.00008149317550467316
82 24 0.00008934419446913501
82 25 0.00009735678856273659
83 1 -0.000049461627806010106
83 2 -0.00004522482401762906
83 3 -0.00004080307859193174
83 4 -0.00003619639152891826
83 5 -0.00003140476282858853
83 6 -0.000026428192490942577
83 7 -0.00002126668051598041
83 8 -0.00001592022690370202
83 9 -0.000010388831654107418
83 10 -4.67249476719662*^-6
83 11 1.2287837570304257*^-6
83 12 7.315003918573684*^-6
83 13 0.000013586165717433166
83 14 0.000020042269153608854
83 15 0.00002668331422710075
83 16 0.00003350930093790893
83 17 0.000040520229286033246
83 18 0.00004771609927147384
83 19 0.000055096910894230624
83 20 0.00006266266415430363
83 21 0.00007041335905169291
83 22 0.00007834899558639832
83 23 0.00008646957375842
83 24 0.00009477509356775794
83 25 0.00010326555501441201
84 1 -0.00004865759900783452
84 2 -0.000044474975135373
84 3 -0.00004008678885203038
84 4 -0.00003549304015780676
84 5 -0.000030693729052702085
84 6 -0.000025688855536716377
84 7 -0.00002047841960984958
84 8 -0.000015062421272101763
84 9 -9.440860523472913*^-6
84 10 -3.613737363962995*^-6
84 11 2.418948206427951*^-6
84 12 8.657196187699948*^-6
84 13 0.000015101006579852999
84 14 0.000021750379382887085
84 15 0.000028605314596802244
84 16 0.00003566581222159844
84 17 0.000042931872257275665
84 18 0.00005040349470383393
84 19 0.00005808067956127322
84 20 0.00006596342682959366
84 21 0.00007405173650879509
84 22 0.00008234560859887754
84 23 0.00009084504309984107
84 24 0.00009955004001168557
84 25 0.00010846059933441119
85 1 -0.00004787807111638384
85 2 -0.00004374807817723376
85 3 -0.00003939269449191731
85 4 -0.0000348119200604345
85 5 -0.00003000575488278533
85 6 -0.00002497419895896975
85 7 -0.00001971725228898786
85 8 -0.000014234914872839581
85 9 -8.527186710524925*^-6
85 10 -2.594067802043918*^-6
85 11 3.564441852603478*^-6
85 12 9.948342253417214*^-6
85 13 0.00001655763340039734
85 14 0.00002339231529354382
85 15 0.000030452387932856675
85 16 0.000037737851318335875
85 17 0.000045248705449981476
85 18 0.000052984950327793434
85 19 0.00006094658595177173
85 20 0.00006913361232191647
85 21 0.00007754602943822746
85 22 0.00008618383730070496
85 23 0.00009504703590934867
85 24 0.0001041356252641589
85 25 0.00011344960536513547
86 1 -0.00004718122132188849
86 2 -0.00004309821408119323
86 3 -0.000038771989299661314
86 4 -0.00003420254697729291
86 5 -0.000029389887114087822
86 6 -0.000024334009710046194
86 7 -0.00001903491476516795
86 8 -0.000013492602279453123
86 9 -7.707072252901703*^-6
86 10 -1.6783246855136841*^-6
86 11 4.593640422710902*^-6
86 12 0.000011108823071772097
86 13 0.000017867223261669897
86 14 0.000024868840992404263
86 15 0.00003211367626397522
86 16 0.000039601729076382785
86 17 0.00004733299942962695
86 18 0.00005530748732370768
86 19 0.00006352519275862503
86 20 0.0000719861157343789
86 21 0.00008069025625096957
86 22 0.00008963761430839663
86 23 0.00009882818990666035
86 24 0.00010826198304576061
86 25 0.00011793899372569748
87 1 -0.000046551493344718385
87 2 -0.00004251076988428974
87 3 -0.000038210435880989826
87 4 -0.00003365049133481854
87 5 -0.000028830936245775924
87 6 -0.00002375177061386195
87 7 -0.00001841299443907663
87 8 -0.000012814607721419984
87 9 -6.956610460892008*^-6
87 10 -8.390026574926764*^-7
87 11 5.538215688777999*^-6
87 12 0.00001217504457792001
87 13 0.00001907148400993337
87 14 0.000026227533984818065
87 15 0.000033643194502574084
87 16 0.000041318465563201475
87 17 0.00004925334716670018
87 18 0.00005744783931307024
87 19 0.00006590194200231165
87 20 0.00007461565523442439
87 21 0.00008358897900940841
87 22 0.00009282191332726393
87 23 0.00010231445818799073
87 24 0.00011206661359158877
87 25 0.00012207837953805823
88 1 -0.00004602998914305853
88 2 -0.00004202406317737077
88 3 -0.00003774459797150704
88 4 -0.0000331915935254673
88 5 -0.000028365049839251673
88 6 -0.000023264966912860067
88 7 -0.000017891344746292486
88 8 -0.000012244183339548972
88 9 -6.323482692629502*^-6
88 10 -1.292428055340633*^-7
88 11 6.338536321737317*^-6
88 12 0.000013079854689184682
88 13 0.000020094712296807957
88 14 0.00002738310914460722
88 15 0.00003494504523258244
88 16 0.000042780520560733585
88 17 0.000050889535129060727
88 18 0.00005927208893756376
88 19 0.0000679281819862428
88 20 0.0000768578142750978
88 21 0.00008606098580412873
88 22 0.00009553769657333564
88 23 0.00010528794658271841
88 24 0.00011531173583227728
88 25 0.0001256090643220121
89 1 -0.000045522208816214905
89 2 -0.00004154988584906412
89 3 -0.00003729001318498882
89 4 -0.000032742590823988975
89 5 -0.00002790761876606459
89 6 -0.000022785097011215666
89 7 -0.0000173750255594422
89 8 -0.00001167740441074418
89 9 -5.692233565121637*^-6
89 10 5.804869774254455*^-7
89 11 7.140757216897066*^-6
89 12 0.000013988577153293221
89 13 0.00002112394678661391
89 14 0.00002854686611685915
89 15 0.000036257335144028905
89 16 0.00004425535386812323
89 17 0.00005254092228914208
89 18 0.00006111404040708543
89 19 0.00006997470822195339
89 20 0.00007912292573374584
89 21 0.00008855869294246282
89 22 0.00009828200984810439
89 23 0.00010829287645067038
89 24 0.00011859129275016099
89 25 0.00012917725874657623
90 1 -0.00004506020970694336
90 2 -0.00004111813858348269
90 3 -0.00003687525341355942
90 4 -0.0000323315541971735
90 5 -0.000027487040934325028
90 6 -0.000022341713625013918
90 7 -0.00001689557226924018
90 8 -0.000011148616867003849
90 9 -5.100847418304882*^-6
90 10 1.2477360768566882*^-6
90 11 7.897133618480866*^-6
90 12 0.000014847345206567665
90 13 0.000022098370841117062
90 14 0.000029650210522129086
90 15 0.000037502864249603735
90 16 0.00004565633202354094
90 17 0.0000541106138439408
90 18 0.0000628657097108033
90 19 0.00007192161962412834
90 20 0.00008127834358391603
90 21 0.00009093588159016632
90 22 0.00010089423364287925
90 23 0.00011115339974205479
90 24 0.00012171337988769294
90 25 0.00013257417407979365
91 1 -0.000044648805332457496
91 2 -0.00004073334026871581
91 3 -0.0000365047141825303
91 4 -0.00003196292707390102
91 5 -0.00002710797894282789
91 6 -0.000021939869789310967
91 7 -0.000016458599613350227
91 8 -0.000010664168414945684
91 9 -4.556576194097362*^-6
91 10 1.8641770491948014*^-6
91 11 8.598091314930765*^-6
91 12 0.000015645166603110546
91 13 0.000023005402913734143
91 14 0.000030678800246801516
91 15 0.0000386653586023127
91 16 0.00004696507798026768
91 17 0.00005557795838066651
91 18 0.00006450399980350915
91 19 0.00007374320224879555
91 20 0.00008329556571652581
91 21 0.00009316109020669983
91 22 0.00010333977571931775
91 23 0.00011383162225437937
91 24 0.00012463662981188487
91 25 0.00013575479839183417
92 1 -0.000044278671688166945
92 2 -0.00004038680932701075
92 3 -0.00003617013992339142
92 4 -0.000031628663477309
92 5 -0.0000267623799887634
92 6 -0.000021571289457754726
92 7 -0.000016055391884282926
92 8 -0.000010214687268348007
92 9 -4.049175609949951*^-6
92 10 2.441143090911215*^-6
92 11 9.256268834235495*^-6
92 12 0.0000163962016200229
92 13 0.000023860941448273427
92 14 0.00003165048831898709
92 15 0.000039764842232163834
92 16 0.000048204003187803775
92 17 0.00005696797118590676
92 18 0.00006605674622647287
92 19 0.00007547032830950215
92 20 0.00008520871743499457
92 21 0.00009527191360295001
92 22 0.00010565991681336858
92 23 0.00011637272706625031
92 24 0.00012741034436159523
92 25 0.00013877276869940324
93 1 -0.00004393475373851982
93 2 -0.000040064476671447805
93 3 -0.00003585801548186818
93 4 -0.00003131537016978104
93 5 -0.000026436540735186342
93 6 -0.00002122152717808405
93 7 -0.000015670329498474204
93 8 -9.782947696356781*^-6
93 9 -3.559381771731797*^-6
93 10 3.0003682754007502*^-6
93 11 9.89630244504088*^-6
93 12 0.000017128420737188554
93 13 0.00002469672315184383
93 14 0.00003260120968900666
93 15 0.00004084188034867705
93 16 0.00004941873513085502
93 17 0.00005833177403554056
93 18 0.00006758099706273363
93 19 0.00007716640421243434
93 20 0.00008708799548464257
93 21 0.0000973457708793583
93 22 0.0001079397303965817
93 23 0.00011886987403631264
93 24 0.00013013620179855117
93 25 0.00014173871368329722
94 1 -0.00004364028213049201
94 2 -0.000039788171513068815
94 3 -0.00003558962812345645
94 4 -0.000031044651961654974
94 5 -0.000026153243027664425
94 6 -0.000020915401321484663
94 7 -0.000015331126843115824
94 8 -9.400419592557832*^-6
94 9 -3.1232795698107225*^-6
94 10 3.5002932251255198*^-6
94 11 0.0000104702987922509
94 12 0.000017786737131565404
94 13 0.000025449608243069043
94 14 0.00003345891212676179
94 15 0.000041814648782643714
94 16 0.00005051681821071474
94 17 0.00005956542041097487
94 18 0.00006896045538342412
94 19 0.00007870192312806253
94 20 0.00008878982364489009
94 21 0.00009922415693390674
94 22 0.00011000492299511252
94 23 0.00012113212182850745
94 24 0.0001326057534340916
94 25 0.00014442581781186467
95 1 -0.00004335328093670771
95 2 -0.00003951854681319496
95 3 -0.000035326862026153394
95 4 -0.000030778226575583134
95 5 -0.000025872640461484054
95 6 -0.00002061010368385619
95 7 -0.000014990616242699589
95 8 -9.014178138014163*^-6
95 9 -2.6807893697999973*^-6
95 10 4.009550061942955*^-6
95 11 0.000011056840157214689
95 12 0.000018461080916015186
95 13 0.000026222272338344476
95 14 0.00003434041442420253
95 15 0.000042815507173589356
95 16 0.00005164755058650499
95 17 0.00006083654466294937
95 18 0.0000703824894029225
95 19 0.00008028538480642444
95 20 0.00009054523087345521
95 21 0.00010116202760401466
95 22 0.0001121357749981029
95 23 0.00012346647305572
95 24 0.00013515412177686579
95 25 0.00014719872116154034
96 1 -0.00004308449165992635
96 2 -0.00003926568947978245
96 3 -0.00003507953631775955
96 4 -0.000030526032173857686
96 5 -0.00002560517704807683
96 6 -0.00002031697094041698
96 7 -0.000014661413850878091
96 8 -8.638505779460254*^-6
96 9 -2.2482467261634204*^-6
96 10 4.509363309012437*^-6
96 11 0.000011634324326067234
96 12 0.000019126636325001086
96 13 0.000026986299305813897
96 14 0.00003521331326850571
96 15 0.00004380767821307653
96 16 0.000052769394139526323
96 17 0.00006209846104785513
96 18 0.00007179487893806289
96 19 0.00008185864781014968
96 20 0.00009228976766411547
96 21 0.00010308823849996022
96 22 0.000114254060317684
96 23 0.00012578723311728677
96 24 0.00013768775689876849
96 25 0.00014995563166212913
97 1 -0.00004282143547124488
97 2 -0.00003901785569019775
97 3 -0.00003483615185613664
97 4 -0.000030276323969061524
97 5 -0.000025338372028972394
97 6 -0.000020022296035869232
97 7 -0.000014328095989752084
97 8 -8.255771890620926*^-6
97 9 -1.8053237384757736*^-6
97 10 5.023248466683437*^-6
97 11 0.000012229944724856588
97 12 0.000019814765036043816
97 13 0.000027777709400245007
97 14 0.00003611877781746024
97 15 0.00004483797028768947
97 16 0.00005393528681093267
97 17 0.00006341072738718997
97 18 0.00007326429201646125
97 19 0.00008349598069874648
97 20 0.00009410579343404574
97 21 0.00010509373022235901
97 22 0.00011645979106368627
97 23 0.0001282039759580276
97 24 0.0001403262849053829
97 25 0.00015282671790575226
98 1 -0.00004260429408842174
98 2 -0.00003881296546815885
98 3 -0.000034634114705140955
98 4 -0.000030067741799368075
98 5 -0.000025113846750840165
98 6 -0.000019772429559557236
98 7 -0.000014043490225519335
98 8 -7.92702874872641*^-6
98 9 -1.4230451291784579*^-6
98 10 5.4684606331244555*^-6
98 11 0.000012747488538182417
98 12 0.000020414038585995355
98 13 0.000028468110776563303
98 14 0.000036909705109886266
98 15 0.00004573882158596426
98 16 0.0000549554602047972
98 17 0.0000645596209663852
98 18 0.00007455130387072818
98 19 0.00008493050891782618
98 20 0.00009569723610767913
98 21 0.00010685148544028713
98 22 0.00011839325691565024
98 23 0.00013032255053376817
98 24 0.00014263936629464117
98 25 0.00015534370419826926
99 1 -0.000042376933829337576
99 2 -0.00003859808816978719
99 3 -0.000034421325576039024
99 4 -0.000029846646048093093
99 5 -0.000024874049585949393
99 6 -0.000019503536189607914
99 7 -0.000013735105859068642
99 8 -7.5687585943315835*^-6
99 9 -1.0044943953967782*^-6
99 10 5.957686737735811*^-6
99 11 0.000013317784805066194
99 12 0.00002107579980659435
99 13 0.0000292317317423203
99 14 0.000037785580612244005
99 15 0.000046737346416365506
99 16 0.000056087029154684757
99 17 0.0000658346288272018
99 18 0.0000759801454339166
99 19 0.00008652357897482922
99 20 0.00009746492944993958
99 21 0.0001088041968592478
99 22 0.00012054138120275367
99 23 0.0001326764824804574
99 24 0.00014520950069235884
99 25 0.00015814043583845818
100 1 -0.00004216528508744885
100 2 -0.00003839770453342424
100 3 -0.00003422195930237969
100 4 -0.00002963804939431519
100 5 -0.000024645974809230703
100 6 -0.000019245735547126235
100 7 -0.000013437331608001829
100 8 -7.2207629918574545*^-6
100 9 -5.960296986931343*^-7
100 10 6.436868271491138*^-6
100 11 0.000013877930918695408
100 12 0.000021727158242919613
100 13 0.000029984550244163787
100 14 0.000038650106922427906
100 15 0.00004772382827771202
100 16 0.00005720571431001609
100 17 0.0000670957650193401
100 18 0.00007739398040568411
100 19 0.00008810036046904808
100 20 0.00009921490520943191
100 21 0.00011073761462683582
100 22 0.00012266848872125968
100 23 0.00013500752749270344
100 24 0.00014775473094116715
100 25 0.0001609100990666509
101 1 -0.00004196681668538724
101 2 -0.000038209452707550754
101 3 -0.000034033756449453726
101 4 -0.00002943972791109601
101 5 -0.000024427367092477687
101 6 -0.000018996673993598775
101 7 -0.000013147648614459227
101 8 -6.880290955059064*^-6
101 9 -1.9460101539830643*^-7
101 10 6.909421204523111*^-6
101 11 0.00001443177570470513
101 12 0.000022372462485147762
101 13 0.00003073148154585102
101 14 0.00003950883288681491
101 15 0.00004870451650803941
101 16 0.000058318532409524474
101 17 0.0000683508805912702
101 18 0.00007880156105327654
101 19 0.00008967057379554351
101 20 0.00010095791881807105
101 21 0.00011266359612085929
101 22 0.0001247876057039081
101 23 0.00013732994756721745
101 24 0.00015029062171078753
101 25 0.00016366962813461823
102 1 -0.000041765110672043975
102 2 -0.00003801774885589354
102 3 -0.000033841108454832426
102 4 -0.000029235189468860696
102 5 -0.00002419999189797837
102 6 -0.000018735515742185364
102 7 -0.000012841761001481723
102 8 -6.518727675867465*^-6
102 9 2.3358423465747244*^-7
102 10 7.415174730093022*^-6
102 11 0.000015026043810439188
102 12 0.000023066191475696005
102 13 0.00003153561772586345
102 14 0.00004043432256094156
102 15 0.00004976230598093028
102 16 0.000059519567985829645
102 17 0.00006970610857563966
102 18 0.00008032192775036032
102 19 0.00009136702550999156
102 20 0.00010284140185453347
102 21 0.00011474505678398599
102 22 0.0001270779902983492
102 23 0.000139840202397623
102 24 0.0001530316930818075
102 25 0.0001666524623509025
103 1 -0.00004158302722164487
103 2 -0.00003784433222039532
103 3 -0.000033665894567738025
103 4 -0.00002904771426367305
103 5 -0.00002398979130820033
103 6 -0.000018492125701319882
103 7 -0.000012554717443031737
103 8 -6.177566533335829*^-6
103 9 6.3932702776777*^-7
103 10 7.895963240279087*^-6
103 11 0.00001559234210419815
103 12 0.000023728463619524906
103 13 0.000032304327786259406
103 14 0.00004131993460440162
103 15 0.000050775284073951564
103 16 0.00006067037619490925
103 17 0.00007100521096727462
103 18 0.00008177978839104774
103 19 0.00009299410846622858
103 20 0.00010464817119281716
103 21 0.00011674197657081339
103 22 0.00012927552460021742
103 23 0.00014224881528102909
103 24 0.0001556618486132485
103 25 0.00016951462459687572
104 1 -0.00004141774129309772
104 2 -0.00003768658981259737
104 3 -0.000033505676273333745
104 4 -0.000028875000675306735
104 5 -0.000023794563018516394
104 6 -0.000018264363302962733
104 7 -0.000012284401528645671
104 8 -5.854677695565298*^-6
104 9 1.0248081962784015*^-6
104 10 8.354056146885491*^-6
104 11 0.000016133066156255885
104 12 0.000024361838224389685
104 13 0.000033040372351286776
104 14 0.000042168668536947244
104 15 0.00005174672678137107
104 16 0.00006177454708455819
104 17 0.00007225212944650873
104 18 0.00008317947386722253
104 19 0.00009455658034669974
104 20 0.00010638344888494031
104 21 0.0001186600794819442
104 22 0.00013138647213771146
104 23 0.000144562626852242
104 24 0.00015818854362553602
104 25 0.0001722642224575932
105 1 -0.00004125081206918632
105 2 -0.0000375269424498485
105 3 -0.000033342650345980363
105 4 -0.000028697935757581814
105 5 -0.000023592798684652865
105 6 -0.000018027239127193604
105 7 -0.00001200125708520394
105 8 -5.51485255868393*^-6
105 9 1.4319744523664634*^-6
105 10 8.839223947947214*^-6
105 11 0.000016706895928058344
105 12 0.000025034990392699866
105 13 0.00003382350734187174
105 14 0.000043072446775574
105 15 0.00005278180869380658
105 16 0.0000629515930965696
105 17 0.00007358179998386298
105 18 0.00008467242935568668
105 19 0.00009622348121204077
105 20 0.00010823495555292527
105 21 0.00012070685237834016
105 22 0.0001336391716882854
105 23 0.0001470319134827609
105 24 0.00016088507776176685
105 25 0.00017519866452530322
106 1 -0.000041094415950822136
106 2 -0.00003737704131081873
106 3 -0.000033188729906830304
106 4 -0.000028529481738856902
106 5 -0.000023399296806898473
106 6 -0.00001779817511095506
106 7 -0.000011726116651026635
106 8 -5.183121427113223*^-6
106 9 1.8308105607851746*^-6
106 10 9.315679312668584*^-6
106 11 0.000017271484828537002
106 12 0.000025698227108390383
106 13 0.00003459590615222877
106 14 0.00004396452196005217
106 15 0.000053804074531860564
106 16 0.00006411456386765396
106 17 0.00007489598996743239
106 18 0.00008614835283119575
106 19 0.0000978716524589441
106 20 0.0001100658888506775
106 21 0.0001227310620063959
106 22 0.0001358671719260993
106 23 0.00014947421860978763
106 24 0.00016355220205746098
106 25 0.00017810112226911937
107 1 -0.00004093606780824485
107 2 -0.000037224927646406055
107 3 -0.000033031655911593095
107 4 -0.000028356252603805878
107 5 -0.00002319871772304446
107 6 -0.000017559051269308815
107 7 -0.000011437253242598982
107 8 -4.833323642914941*^-6
107 9 2.252737529743321*^-6
107 10 9.820930275375798*^-6
107 11 0.000017871254593982478
107 12 0.000026403710485563365
107 13 0.00003541829795011848
107 14 0.00004491501698764778
107 15 0.00005489386759815131
107 16 0.00006535484978162907
107 17 0.00007629796353808097
107 18 0.00008772320886750715
107 19 0.00009963058576990751
107 20 0.0001120200942452821
107 21 0.00012489173429363097
107 22 0.00013824550591495392
107 23 0.00015208140910925115
107 24 0.00016639944387652247
107 25 0.00018119961021676823
108 1 -0.000040783316443394247
108 2 -0.00003707784886174864
108 3 -0.00003287890131845409
108 4 -0.00002818647381351059
108 5 -0.00002300056634691815
108 6 -0.000017321178918676775
108 7 -0.000011148311528786468
108 8 -4.481964177247194*^-6
108 9 2.677863135940985*^-6
108 10 0.00001033117041077813
108 11 0.000018477957647264235
108 12 0.000027118224845399258
108 13 0.00003625197200518321
108 14 0.00004587919912661614
108 15 0.000055999906209697984
108 16 0.0000666140932544288
108 17 0.00007772176026080857
108 18 0.0000893229072288373
108 19 0.00010141753415851483
108 20 0.0001140056410498415
108 21 0.00012708722790281702
108 22 0.00014066229471744148
108 23 0.00015473084149371486
108 24 0.0001692928682316372
108 25 0.00018434837493120856
109 1 -0.00004063324676528545
109 2 -0.000036933012813297156
109 3 -0.000032727603987925565
109 4 -0.000028017020289170747
109 5 -0.0000228012617170326
109 6 -0.000017080328271511186
109 7 -0.000010854219952606489
109 8 -4.122936760318535*^-6
109 9 3.11352130535271*^-6
109 10 0.000010855154244407252
109 11 0.00001910196205684506
109 12 0.000027853944742666116
109 13 0.000037111102301870484
109 14 0.000046873434734458125
109 15 0.00005714094204042905
109 16 0.00006791362421978323
109 17 0.00007919148127252075
109 18 0.00009097451319864147
109 19 0.00010326271999814551
109 20 0.00011605610167103285
109 21 0.00012935465821730345
109 22 0.00014315838963695738
109 23 0.00015746729592999443
109 24 0.00017228137709641487
109 25 0.00018760063313621862
110 1 -0.00004049491111495449
110 2 -0.00003679919536119132
110 3 -0.000032587031813860545
110 4 -0.000027858420472962248
110 5 -0.000022613361338496466
110 6 -0.000016851854410463094
110 7 -0.0000105738996888622
110 8 -3.7794971736937875*^-6
110 9 3.531353135042137*^-6
110 10 0.000011358651237345636
110 11 0.00001970239713321665
110 12 0.00002856259082265518
110 13 0.000037939232305661256
110 14 0.000047832321582234866
110 15 0.00005824185865237598
110 16 0.00006916784351608466
110 17 0.00008061027617336086
110 18 0.00009256915662420459
110 19 0.00010504448486861582
110 20 0.00011803626090659469
110 21 0.00013154448473814094
110 22 0.00014556915636325482
110 23 0.0001601102757819362
110 24 0.00017516784299418514
110 25 0.00019074185800000158
111 1 -0.00004035639366112031
111 2 -0.00003666490273567437
111 3 -0.00003244519494332909
111 4 -0.000027697270284084423
111 5 -0.000022421128757940383
111 6 -0.000016616770364896967
111 7 -0.000010284195104954206
111 8 -3.4234029781120994*^-6
111 9 3.965606015629433*^-6
111 10 0.000011882831876270306
111 11 0.000020328274603810556
111 12 0.00002930193419825017
111 13 0.00003880381065958914
111 14 0.00004883390398782752
111 15 0.000059392214182965244
111 16 0.00007047874124500232
111 17 0.00008209348517393877
111 18 0.00009423644596977463
111 19 0.00010690762363250978
111 20 0.00012010701816214436
111 21 0.00013383462955867827
111 22 0.00014809045782211163
111 23 0.00016287450295244429
111 24 0.00017818676494967627
111 25 0.00019402724381380773
112 1 -0.00004021294764654411
112 2 -0.00003652551428157931
112 3 -0.00003229716548359929
112 4 -0.00002752790125260394
112 5 -0.00002221772158859337
112 6 -0.00001636662649156752
112 7 -9.974615961526383*^-6
112 8 -3.04168999846998*^-6
112 9 4.432151397601666*^-6
112 10 0.000012446908226688635
112 11 0.000021002580488790818
112 12 0.000030099168183908306
112 13 0.000039736671312041045
112 14 0.00004991508987318906
112 15 0.000060634423867352325
112 16 0.00007189467329453087
112 17 0.00008369583815472467
112 18 0.00009603791844793374
112 19 0.0001089209141741581
112 20 0.00012234482533339774
112 21 0.00013630965192565263
112 22 0.00015081539395092283
112 23 0.00016586205140920824
112 24 0.0001814496243005089
112 25 0.00019757811262482492
113 1 -0.00004008868372772375
113 2 -0.00003640450533214481
113 3 -0.00003216799290895421
113 4 -0.00002737914645815193
113 5 -0.000022037965979737974
113 6 -0.0000161444514737124
113 7 -9.698602940075132*^-6
113 8 -2.7004203788262235*^-6
113 9 4.850096210034377*^-6
113 10 0.000012952946826506635
113 11 0.00002160813147059054
113 12 0.00003081565014228615
113 13 0.000040575502841593387
113 14 0.00005088768956851229
113 15 0.00006175221032304285
113 16 0.0000731690651051851
113 17 0.000085138253914939
113 18 0.00009765977675230455
113 19 0.00011073363361728181
113 20 0.0001243598245098707
113 21 0.0001385383494300712
113 22 0.00015326920837788343
113 23 0.00016855240135330726
113 24 0.00018438792835634283
113 25 0.00020077578938699003
114 1 -0.00003996104568659823
114 2 -0.00003627996314491786
114 3 -0.000032034419915599734
114 4 -0.000027224415998643968
114 5 -0.000021849951394050408
114 6 -0.000015911026101819122
114 7 -9.407640121950155*^-6
114 8 -2.339793454443393*^-6
114 9 5.292513900701063*^-6
114 10 0.000013489281943483279
114 11 0.000022250510673903195
114 12 0.00003157620009196083
114 13 0.000041466350197656246
114 14 0.00005192096099098937
114 15 0.00006294003247196022
114 16 0.00007452356464056883
114 17 0.00008667155749681512
114 18 0.00009938401104069913
114 19 0.00011266092527222095
114 20 0.0001265023001913804
114 21 0.0001409081357981777
114 22 0.00015587843209261267
114 23 0.0001714131890746853
114 24 0.00018751240674439574
114 25 0.00020417608510174388
115 1 -0.00003983110355211792
115 2 -0.000036152921549263504
115 3 -0.00003189752931738829
115 4 -0.000027064926856492364
115 5 -0.000021655114166575735
115 6 -0.0000156680912476383
115 7 -9.103858099680185*^-6
115 8 -1.962414722701344*^-6
115 9 5.756238883298226*^-6
115 10 0.000014052102718318575
115 11 0.00002292517678235962
115 12 0.00003237546107542143
115 13 0.000042402955597503937
115 14 0.000053007660348607226
115 15 0.00006418957532873121
115 16 0.00007594870053787593
115 17 0.00008828503597604137
115 18 0.00010119858164322759
115 19 0.00011468933753943449
115 20 0.00012875730366466222
115 21 0.00014340248001891057
115 22 0.00015862486660217972
115 23 0.00017442446341446957
115 24 0.00019080127045578019
115 25 0.00020775528772611144
116 1 -0.00003969835792560649
116 2 -0.00003602288681015209
116 3 -0.00003175677522450364
116 4 -0.00002690002316866127
116 5 -0.000021452630642624995
116 6 -0.00001541459764639472
116 7 -8.785924179970502*^-6
116 8 -1.5666102433523119*^-6
116 9 6.2433441634598044*^-6
116 10 0.000014643939040465929
116 11 0.000023635174387665976
116 12 0.000033217050205059976
116 13 0.00004338956649264793
116 14 0.000054152723250429875
116 15 0.00006550652047840576
116 16 0.00007745095817657561
116 17 0.00008998603634493939
116 18 0.00010311175498349712
116 19 0.00011682811409224885
116 20 0.00013113511367119447
116 21 0.00014603275372033413
116 22 0.00016152103423966766
116 23 0.00017759995522919513
116 24 0.00019426951668891673
116 25 0.00021152971861883212
117 1 -0.00003958262218698312
117 2 -0.000035909316014267615
117 3 -0.00003163334072608905
117 4 -0.000026754696322447614
117 5 -0.00002127338280334318
117 6 -0.000015189400168775869
117 7 -8.502748418745581*^-6
117 8 -1.213427553252346*^-6
117 9 6.678562427703796*^-6
117 10 0.000015173221524122908
117 11 0.000024270549736004964
117 12 0.000033970547063349985
117 13 0.000044273213506157904
117 14 0.00005517854906442879
117 15 0.0000666865537381626
117 16 0.00007879722752735934
117 17 0.00009151057043201908
117 18 0.00010482658245214167
117 19 0.00011874526358772728
117 20 0.00013326661383877584
117 21 0.00014839063320528728
117 22 0.0001641173216872617
117 23 0.00018044667928469906
117 24 0.0001973787059975993
117 25 0.0002149134018259626
118 1 -0.000039460677598356654
118 2 -0.00003578946324464843
118 3 -0.000031502601460221035
118 4 -0.000026600092245074354
118 5 -0.000021081935599208486
118 6 -0.000014948131522623355
118 7 -8.198680015319013*^-6
118 8 -8.33581077295417*^-7
118 9 7.147165291447404*^-6
118 10 0.00001574355909090947
118 11 0.000024955600321090758
118 12 0.000034783288981991306
118 13 0.000045226625073611046
118 14 0.000056285608595950044
118 15 0.0000679602395490083
118 16 0.00008025051793278578
118 17 0.00009315644374728244
118 18 0.00010667801699249842
118 19 0.00012081523766843357
118 20 0.00013556810577508793
118 21 0.00015093662131246166
118 22 0.00016692078428055452
118 23 0.00018352059467936663
118 24 0.00020073605250889794
118 25 0.00021856715776914852
119 1 -0.00003933763327701949
119 2 -0.00003566834499305689
119 3 -0.00003137001703020008
119 4 -0.000026442649388449032
119 5 -0.00002088624206780377
119 6 -0.000014700795068264248
119 7 -7.8863083898305*^-6
119 8 -4.427820325024831*^-7
119 9 7.629784003719761*^-6
119 10 0.00001633138971883624
119 11 0.00002566203511284695
119 12 0.00003562172018575189
119 13 0.00004621044493755109
119 14 0.00005742820936824452
119 15 0.00006927501347783216
119 16 0.0000817508572663141
119 17 0.00009485574073369025
119 18 0.00010858966387996062
119 19 0.00012295262670512523
119 20 0.00013794462920918414
119 21 0.00015356567139213724
119 22 0.00016981575325398455
119 23 0.00018669487479472616
119 24 0.00020420303601436195
119 25 0.000222340236912892
120 1 -0.000039222090793103685
120 2 -0.00003555445427325276
120 3 -0.00003124495004953125
120 4 -0.00002629357812193912
120 5 -0.000020700338490476342
120 6 -0.000014465231155142986
120 7 -7.588256115938935*^-6
120 8 -6.941337286426958*^-8
120 9 8.091297074080998*^-6
120 10 0.000016893875224896906
120 11 0.00002633832107958347
120 12 0.000036424634638140626
120 13 0.000047152815900568406
120 14 0.00005852286486686684
120 15 0.00007053478153703588
120 16 0.00008318856591107556
120 17 0.0000964842179889859
120 18 0.00011042173777076683
120 19 0.00012500112525641843
120 20 0.0001402223804459406
120 21 0.00015608550333933344
120 22 0.0001725904939365969
120 23 0.0001897373522377309
120 24 0.00020752607824273567
120 25 0.00022595667195161097
121 1 -0.00003910033414817536
121 2 -0.00003543428681874237
121 3 -0.00003111261034501196
121 4 -0.000026135304726984165
121 5 -0.000020502369964658933
121 6 -0.000014213806058036322
121 7 -7.269613007116323*^-6
121 8 3.302091881010829*^-7
121 9 8.585660527615875*^-6
121 10 0.000017496741011428064
121 11 0.000027063450639537637
121 12 0.00003728578941194462
121 13 0.00004816375732864902
121 14 0.0000596973543896508
121 15 0.00007188658059494999
121 16 0.00008473143594454655
121 17 0.00009823192043844053
121 18 0.00011238803407663189
121 19 0.00012719977685912064
121 20 0.0001426671487859068
121 21 0.0001587901498569904
121 22 0.00017556878007237128
121 23 0.0001930030394320496
121 24 0.00021109292793602535
121 25 0.00022983844558429855
122 1 -0.00003897765916113182
122 2 -0.00003531306953863861
122 3 -0.000030978754812676007
122 4 -0.00002597471498324392
122 5 -0.0000203009500503424
122 6 -0.000013957460013971433
122 7 -6.94424487413105*^-6
122 8 7.386953691788017*^-7
122 9 9.091360715958076*^-6
122 10 0.000018113751166206802
122 11 0.000027805866719924965
122 12 0.000038167707377112576
122 13 0.00004919927313776962
122 14 0.000060900564001896106
122 15 0.00007327157996949204
122 16 0.00008631232104055739
122 17 0.00010002278721509218
122 18 0.00011440297849309645
122 19 0.00012945289487457018
122 20 0.00014517253635951328
122 21 0.00016156190294792588
122 22 0.0001786209946398079
122 23 0.0001963498114351593
122 24 0.0002147483533339802
122 25 0.0002338166203362706
123 1 -0.000038851215526763806
123 2 -0.00003518799233519695
123 3 -0.000030840296241099654
123 4 -0.000025808127244471955
123 5 -0.000020091485345313867
123 6 -0.000013690370543625337
123 7 -6.60478283940638*^-6
123 8 1.1652777673429806*^-6
123 9 9.619811276622779*^-6
123 10 0.000018758817688432954
123 11 0.00002858229700277357
123 12 0.00003909024921964461
123 13 0.00005028267433904606
123 14 0.00006215957236097792
123 15 0.0000747209432854402
123 16 0.00008796678711243291
123 17 0.00010189710384195603
123 18 0.00011651189347400958
123 19 0.00013181115600859354
123 20 0.00014779489144570792
123 21 0.00016446309978535272
123 22 0.0001818157810275279
123 23 0.00019985293517223363
123 24 0.00021857456221946963
123 25 0.000237980662169236
124 1 -0.000038722942761730404
124 2 -0.00003506097965396112
124 3 -0.00003069937969073004
124 4 -0.00002563814287203718
124 5 -0.00001987726919788263
124 6 -0.000013416758668266298
124 7 -6.256611283188148*^-6
124 8 1.6031729573516976*^-6
124 9 0.000010162594053353355
124 10 0.000019421652004816723
124 11 0.000029380346811741905
124 12 0.00004003867847412881
124 13 0.0000513966469919775
124 14 0.00006345425236528791
124 15 0.00007621149459406013
124 16 0.00008966837367829411
124 17 0.00010382488961798982
124 18 0.0001186810424131473
124 19 0.0001342368320637666
124 20 0.00015049225856984756
124 21 0.00016744732193139038
124 22 0.0001851020221483949
124 23 0.00020345635922086123
124 24 0.0002225103331487892
124 25 0.00024226394393217905
125 1 -0.00003858367684376949
125 2 -0.0000349229549966639
125 3 -0.00003054592883095032
125 4 -0.000025452598346628852
125 5 -0.000019642963543699448
125 6 -0.000013117024422162121
125 7 -5.874780982016879*^-6
125 8 2.083766776736269*^-6
125 9 0.000010758618854097346
125 10 0.000020149775250066318
125 11 0.00003025723596464326
125 12 0.00004108100099782809
125 13 0.000052621070349620846
125 14 0.00006487744402002151
125 15 0.00007785012200903008
125 16 0.0000915391043166466
125 17 0.00010594439094287105
125 18 0.0001210659818877034
125 19 0.00013690387715114367
125 20 0.00015345807673319186
125 21 0.00017072858063384798
125 22 0.00018871538885311198
125 23 0.00020741850139098392
125 24 0.0002268379182474638
125 25 0.0002469736394225516
126 1 -0.00003843431084071251
126 2 -0.00003477479292993732
126 3 -0.000030380889657975714
126 4 -0.00002525260102482761
126 5 -0.000019389927030493026
126 6 -0.00001279286767497199
126 7 -5.46142295826447*^-6
126 8 2.604407119629549*^-6
126 9 0.000011404622558710002
126 10 0.00002093922335897693
126 11 0.00003120820952043032
126 12 0.000042211581043070225
126 13 0.000053949337926896556
126 14 0.00006642148017190942
126 15 0.00007962800777810869
126 16 0.00009356892074549448
126 17 0.00010824421907406668
126 18 0.00012365390276382538
126 19 0.0001397979718147706
126 20 0.00015667642622690223
126 21 0.00017428926600022033
126 22 0.00019263649113472503
126 23 0.000211718101630416
126 24 0.00023153409748729353
126 25 0.0002520844787053576
127 1 -0.00003827704230251819
127 2 -0.000034618670722642804
127 3 -0.00003020668104720205
127 4 -0.000025041073276195888
127 5 -0.00001912184740962436
127 6 -0.000012449003447487537
127 7 -5.022541389785254*^-6
127 8 3.1575387634823496*^-6
127 9 0.00001209123701231535
127 10 0.000021778553356713726
127 11 0.00003221948779667745
127 12 0.000043414040332206557
127 13 0.00005536221096330103
127 14 0.00006806399968996087
127 15 0.00008151940651218606
127 16 0.00009572843142997665
127 17 0.0001106910744433326
127 18 0.00012640733555225385
127 19 0.0001428772147567406
127 20 0.00016010071205679264
127 21 0.00017807782745241
127 22 0.00019680856094359282
127 23 0.00021629291253034099
127 24 0.00023653088221265453
127 25 0.0002575224699905334
128 1 -0.000038084406518454
128 2 -0.00003442729882151086
128 3 -0.000029992789622499893
128 4 -0.00002478087892142106
128 5 -0.00001879156671827439
128 6 -0.00001202485301305989
128 7 -4.480737805777534*^-6
128 8 3.840778903572615*^-6
128 9 0.000012939697114990658
128 10 0.000022816016828476536
128 11 0.00003346973804403022
128 12 0.00004490086076165177
128 13 0.0000571093849813412
128 14 0.00007009531070309841
128 15 0.00008385863792692355
128 16 0.00009839936665281644
128 17 0.00011371749688077721
128 18 0.00012981302861080583
128 19 0.00014668596184290228
128 20 0.00016433629657706657
128 21 0.0001827640328132987
128 22 0.00020196917055159867
128 23 0.0002219517097919665
128 24 0.00024271165053440225
128 25 0.00026424899277890576
129 1 -0.00003782582096904876
129 2 -0.000034170219531878305
129 3 -0.000029704984759410486
129 4 -0.000024430116651645098
129 5 -0.000018345615208582423
129 6 -0.000011451480430222253
129 7 -3.747712316564699*^-6
129 8 4.765689132390266*^-6
129 9 0.00001408872391664269
129 10 0.0000242213920361925
129 11 0.00003516369349103977
129 12 0.00004691562828118445
129 13 0.00005947719640662656
129 14 0.00007284839786736605
129 15 0.00008702923266340301
129 16 0.00010201970079473732
129 17 0.00011781980226136912
129 18 0.00013442953706329833
129 19 0.00015184890520052497
129 20 0.00017007790667304906
129 21 0.00018911654148087053
129 22 0.0002089648096239894
129 23 0.00022962271110240557
129 24 0.0002510902459161194
129 25 0.00027336741406513054
130 1 -0.000036302872518661954
130 2 -0.000032654099330252285
130 3 -0.0000280025769617254
130 4 -0.000022348305413081324
130 5 -0.000015691284684320123
130 6 -8.03151477544176*^-6
130 7 6.310043135537641*^-7
130 8 0.000010296272582666468
130 9 0.00002096429003189635
130 10 0.000032635056661243394
130 11 0.00004530857247070758
130 12 0.00005898483746028895
130 13 0.0000736638516299875
130 14 0.00008934561497980317
130 15 0.00010603012750973607
130 16 0.00012371738921978612
130 17 0.00014240740010995333
130 18 0.0001621001601802377
130 19 0.0001827956694306392
130 20 0.00020449392786115795
130 21 0.00022719493547179376
130 22 0.00025089869226254687
130 23 0.00027560519823341704
130 24 0.00030131445338440436
130 25 0.0003280264577155089
