1  1  63.0868
1  2  63.0957
1  3  63.1219
1  4  63.17
1  5  63.2455
1  6  63.3553
1  7  63.5077
1  8  63.7121
1  9  63.9794
1  10  64.3213
1  11  64.7498
1  12  65.2751
1  13  65.9042
1  14  66.6375
1  15  67.4658
1  16  68.3679
1  17  69.3096
1  18  70.2463
1  19  71.129
1  20  71.9118
1  21  72.5598
1  22  73.0542
1  23  73.3922
1  24  73.5849
1  25  73.6521
2  1  65.0952
2  2  65.0955
2  3  65.0966
2  4  65.0986
2  5  65.1017
2  6  65.1063
2  7  65.1127
2  8  65.1214
2  9  65.1331
2  10  65.1485
2  11  65.1686
2  12  65.1944
2  13  65.2272
2  14  65.2684
2  15  65.3191
2  16  65.3803
2  17  65.4519
2  18  65.5325
2  19  65.6188
2  20  65.7054
2  21  65.7857
2  22  65.8531
2  23  65.9026
2  24  65.9321
2  25  65.9427
3  1  66.6858
3  2  66.6689
3  3  66.6192
3  4  66.5275
3  5  66.3824
3  6  66.1689
3  7  65.868
3  8  65.4554
3  9  64.8996
3  10  64.1606
3  11  63.1872
3  12  61.9153
3  13  60.2654
3  14  58.1428
3  15  55.4413
3  16  52.0532
3  17  47.8939
3  18  42.9415
3  19  37.2941
3  20  31.2262
3  21  25.2076
3  22  19.8373
3  23  15.6868
3  24  13.1179
3  25  12.1846
4  1  67.7162
4  2  67.6824
4  3  67.5829
4  4  67.3997
4  5  67.1098
4  6  66.6839
4  7  66.0851
4  8  65.2662
4  9  64.1675
4  10  62.7143
4  11  60.8134
4  12  58.3517
4  13  55.1957
4  14  51.196
4  15  46.201
4  16  40.0837
4  17  32.7886
4  18  24.397
4  19  15.1973
4  20  5.72567
4  21  -3.27281
4  22  -10.9886
4  23  -16.7601
4  24  -20.2518
4  25  -21.5055
5  1  68.8535
5  2  68.7962
5  3  68.6278
5  4  68.3182
5  5  67.8298
5  6  67.1157
5  7  66.118
5  8  64.7658
5  9  62.9734
5  10  60.64
5  11  57.6506
5  12  53.881
5  13  49.2088
5  14  43.5327
5  15  36.8023
5  16  29.0573
5  17  20.4684
5  18  11.3643
5  19  2.22368
5  20  -6.38277
5  21  -13.8953
5  22  -19.8791
5  23  -24.1044
5  24  -26.5639
5  25  -27.4298
6  1  70.0573
6  2  69.9711
6  3  69.7186
6  4  69.2557
6  5  68.5291
6  6  67.4749
6  7  66.0177
6  8  64.0717
6  9  61.5422
6  10  58.3317
6  11  54.3492
6  12  49.5253
6  13  43.8329
6  14  37.3111
6  15  30.0868
6  16  22.3866
6  17  14.5283
6  18  6.88733
6  19  -0.156852
6  20  -6.28137
6  21  -11.2672
6  22  -15.0199
6  23  -17.5613
6  24  -19.0013
6  25  -19.5017
7  1  71.2401
7  2  71.1245
7  3  70.7863
7  4  70.1688
7  5  69.2054
7  6  67.8202
7  7  65.9298
7  8  63.448
7  9  60.2932
7  10  56.4006
7  11  51.7373
7  12  46.3203
7  13  40.2326
7  14  33.6329
7  15  26.7512
7  16  19.8683
7  17  13.2813
7  18  7.26197
7  19  2.02069
7  20  -2.31466
7  21  -5.70176
7  22  -8.17141
7  23  -9.8066
7  24  -10.7201
7  25  -11.0353
8  1  72.5738
8  2  72.428
8  3  72.0024
8  4  71.2285
8  5  70.0294
8  6  68.3225
8  7  66.0257
8  8  63.0656
8  9  59.3911
8  10  54.9878
8  11  49.8935
8  12  44.2099
8  13  38.1044
8  14  31.7992
8  15  25.5475
8  16  19.6009
8  17  14.1761
8  18  9.43153
8  19  5.45574
8  20  2.27092
8  21  -0.154678
8  22  -1.88977
8  23  -3.02345
8  24  -3.6516
8  25  -3.86751
9  1  73.8124
9  2  73.6444
9  3  73.1545
9  4  72.2667
9  5  70.8982
9  6  68.9655
9  7  66.3925
9  8  63.1226
9  9  59.1337
9  10  54.4535
9  11  49.17
9  12  43.435
9  13  37.4542
9  14  31.4647
9  15  25.7051
9  16  20.3847
9  17  15.6603
9  18  11.6253
9  19  8.31177
9  20  5.70065
9  21  3.73723
9  22  2.34591
9  23  1.44271
9  24  0.944234
9  25  0.773225
10  1  74.857
10  2  74.6747
10  3  74.1437
10  4  73.1835
10  5  71.7087
10  6  69.6364
10  7  66.8966
10  8  63.4459
10  9  59.2831
10  10  54.4626
10  11  49.1022
10  12  43.3791
10  13  37.5135
10  14  31.7422
10  15  26.2868
10  16  21.3277
10  17  16.9873
10  18  13.3263
10  19  10.3511
10  20  8.02617
10  21  6.28917
10  22  5.06407
10  23  4.27133
10  24  3.83468
10  25  3.68502
11  1  75.6695
11  2  75.4784
11  3  74.9221
11  4  73.9173
11  5  72.3774
11  6  70.2207
11  7  67.3816
11  8  63.8256
11  9  59.5649
11  10  54.6706
11  11  49.277
11  12  43.5745
11  13  37.7895
11  14  32.1551
11  15  26.881
11  16  22.1298
11  17  18.0045
11  18  14.549
11  19  11.7566
11  20  9.58444
11  21  7.96718
11  22  6.82941
11  23  6.09445
11  24  5.69004
11  25  5.5515
12  1  76.3826
12  2  76.1849
12  3  75.6097
12  4  74.5717
12  5  72.9837
12  6  70.7649
12  7  67.8535
12  8  64.2221
12  9  59.893
12  10  54.9493
12  11  49.5373
12  12  43.856
12  13  38.1345
12  14  32.6023
12  15  27.4596
12  16  22.856
12  17  18.8812
12  18  15.5675
12  19  12.9002
12  20  10.8318
12  21  9.29546
12  22  8.21647
12  23  7.52028
12  24  7.13749
12  25  7.0064
13  1  76.9298
13  2  76.7274
13  3  76.1389
13  4  75.0779
13  5  73.4565
13  6  71.1947
13  7  68.2337
13  8  64.5512
13  9  60.1765
13  10  55.2012
13  11  49.7793
13  12  44.1152
13  13  38.4395
13  14  32.9785
13  15  27.9255
13  16  23.4214
13  17  19.5469
13  18  16.327
13  19  13.742
13  20  11.7414
13  21  10.2578
13  22  9.21701
13  23  8.54598
13  24  8.17719
13  25  8.05092
14  1  77.3742
14  2  77.1681
14  3  76.5691
14  4  75.4897
14  5  73.8416
14  6  71.5458
14  7  68.5458
14  8  64.8232
14  9  60.4134
14  10  55.4144
14  11  49.9862
14  12  44.3373
14  13  38.6989
14  14  33.2945
14  15  28.312
14  16  23.8852
14  17  20.0882
14  18  16.9404
14  19  14.4182
14  20  12.4693
14  21  11.0257
14  22  10.0139
14  23  9.36193
14  24  9.00374
14  25  8.88112
15  1  77.7115
15  2  77.5024
15  3  76.8947
15  4  75.8002
15  5  74.1304
15  6  71.8068
15  7  68.7751
15  8  65.0204
15  9  60.5826
15  10  55.5651
15  11  50.1328
15  12  44.4972
15  13  38.8898
15  14  33.5317
15  15  28.6062
15  16  24.2415
15  17  20.5064
15  18  17.4158
15  19  14.9433
15  20  13.0352
15  21  11.6232
15  22  10.6342
15  23  9.99719
15  24  9.64733
15  25  9.52758
16  1  77.94
16  2  77.7283
16  3  77.1132
16  4  76.0057
16  5  74.3173
16  6  71.9702
16  7  68.9115
16  8  65.1296
16  9  60.6684
16  10  55.6358
16  11  50.2008
16  12  44.5771
16  13  38.9966
16  14  33.678
16  15  28.8007
16  16  24.4882
16  17  20.8048
16  18  17.7619
16  19  15.3309
16  20  13.4567
16  21  12.0708
16  22  11.1006
16  23  10.476
16  24  10.133
16  25  10.0157
17  1  78.0405
17  2  77.8268
17  3  77.2059
17  4  76.0883
17  5  74.3853
17  6  72.0198
17  7  68.9402
17  8  65.1372
17  9  60.6581
17  10  55.6142
17  11  50.1774
17  12  44.5634
17  13  39.0041
17  14  33.7163
17  15  28.8764
17  16  24.6042
17  17  20.9606
17  18  17.9543
17  19  15.5549
17  20  13.7066
17  21  12.3407
17  22  11.3849
17  23  10.7697
17  24  10.432
17  25  10.3164
18  1  78.0283
18  2  77.8127
18  3  77.1863
18  4  76.0592
18  5  74.3427
18  6  71.96
18  7  68.8609
18  8  65.0385
18  9  60.5428
18  10  55.4886
18  11  50.0506
18  12  44.446
18  13  38.9065
18  14  33.6476
18  15  28.8424
18  16  24.6075
18  17  21.0005
18  18  18.0279
18  19  15.6576
18  20  13.833
18  21  12.4853
18  22  11.5427
18  23  10.9361
18  24  10.6032
18  25  10.4893
19  1  77.8984
19  2  77.6812
19  3  77.0502
19  4  75.9153
19  5  74.1874
19  6  71.7903
19  7  68.6751
19  8  64.8365
19  9  60.3273
19  10  55.2647
19  11  49.8259
19  12  44.2293
19  13  38.7066
19  14  33.4717
19  15  28.6953
19  16  24.4912
19  17  20.9145
19  18  17.9695
19  19  15.623
19  20  13.8179
19  21  12.4852
19  22  11.5533
19  23  10.9539
19  24  10.6248
19  25  10.5123
20  1  77.6818
20  2  77.4633
20  3  76.8287
20  4  75.6874
20  5  73.9503
20  6  71.5417
20  7  68.4134
20  8  64.5619
20  9  60.0418
20  10  54.9726
20  11  49.5333
20  12  43.9434
20  13  38.4343
20  14  33.2187
20  15  28.4654
20  16  24.286
20  17  20.7335
20  18  17.8107
20  19  15.4832
20  20  13.6936
20  21  12.3728
20  22  11.4495
20  23  10.8556
20  24  10.5297
20  25  10.4182
21  1  77.364
21  2  77.1443
21  3  76.5063
21  4  75.359
21  5  73.6135
21  6  71.1941
21  7  68.0538
21  8  64.1903
21  9  59.6602
21  10  54.585
21  11  49.1454
21  12  43.5617
21  13  38.0653
21  14  32.8677
21  15  28.1358
21  16  23.9792
21  17  20.4489
21  18  17.5464
21  19  15.2364
21  20  13.4609
21  21  12.1511
21  22  11.2356
21  23  10.6469
21  24  10.3239
21  25  10.2134
22  1  76.9692
22  2  76.7484
22  3  76.1073
22  4  74.9548
22  5  73.2018
22  6  70.773
22  7  67.6221
22  8  63.7482
22  9  59.2094
22  10  54.129
22  11  48.6893
22  12  43.1112
22  13  37.6259
22  14  32.4441
22  15  27.7309
22  16  23.5942
22  17  20.0834
22  18  17.1986
22  19  14.9038
22  20  13.1407
22  21  11.8403
22  22  10.9317
22  23  10.3475
22  24  10.0269
22  25  9.91724
23  1  76.4612
23  2  76.2394
23  3  75.5954
23  4  74.4378
23  5  72.6775
23  6  70.2396
23  7  67.0784
23  8  63.1943
23  9  58.6471
23  10  53.5618
23  11  48.122
23  12  42.5494
23  13  37.0751
23  14  31.9086
23  15  27.2136
23  16  23.0961
23  17  19.6041
23  18  16.7363
23  19  14.4562
23  20  12.7051
23  21  11.4138
23  22  10.5118
23  23  9.93187
23  24  9.61369
23  25  9.50484
24  1  75.8573
24  2  75.6346
24  3  74.9878
24  4  73.8254
24  5  72.0583
24  6  69.6118
24  7  66.441
24  8  62.5474
24  9  57.9924
24  10  52.9026
24  11  47.4627
24  12  41.8954
24  13  36.4314
24  14  31.2792
24  15  26.6012
24  16  22.5017
24  17  19.0271
24  18  16.1753
24  19  13.9088
24  20  12.1687
24  21  10.886
24  22  9.99003
24  23  9.4141
24  24  9.09814
24  25  8.99005
25  1  75.1864
25  2  74.9628
25  3  74.3135
25  4  73.1468
25  5  71.3734
25  6  68.9191
25  7  65.7395
25  8  61.8374
25  9  57.2753
25  10  52.1814
25  11  46.7416
25  12  41.1791
25  13  35.7244
25  14  30.5854
25  15  25.9228
25  16  21.8396
25  17  18.3809
25  18  15.5435
25  19  13.2893
25  20  11.5592
25  21  10.2842
25  22  9.39372
25  23  8.8214
25  24  8.50744
25  25  8.40004
26  1  74.4282
26  2  74.2037
26  3  73.552
26  4  72.3811
26  5  70.6017
26  6  68.1399
26  7  64.952
26  8  61.0416
26  9  56.4728
26  10  51.375
26  11  45.9354
26  12  40.3775
26  13  34.9319
26  14  29.8054
26  15  25.1576
26  16  21.09
26  17  17.6463
26  18  14.8226
26  19  12.5802
26  20  10.8596
26  21  9.59186
26  22  8.70666
26  23  8.13777
26  24  7.8257
26  25  7.71896
27  1  73.6037
27  2  73.3784
27  3  72.7245
27  4  71.5496
27  5  69.7646
27  6  67.2956
27  7  64.0998
27  8  60.1817
27  9  55.6066
27  10  50.5052
27  11  45.0657
27  12  39.5123
27  13  34.0753
27  14  28.9606
27  15  24.3268
27  16  20.2738
27  17  16.8444
27  18  14.0335
27  19  11.8021
27  20  10.0905
27  21  8.82956
27  22  7.94928
27  23  7.38359
27  24  7.07331
27  25  6.96718
28  1  72.6707
28  2  72.4446
28  3  71.7883
28  4  70.6094
28  5  68.8188
28  6  66.3427
28  7  63.139
28  8  59.2131
28  9  54.6316
28  10  49.5267
28  11  44.0874
28  12  38.5386
28  13  33.1102
28  14  28.0074
28  15  23.3875
28  16  19.3492
28  17  15.934
28  18  13.1361
28  19  10.9157
28  20  9.21295
28  21  7.95885
28  22  7.08347
28  23  6.52099
28  24  6.21249
28  25  6.10697
29  1  71.7059
29  2  71.4791
29  3  70.8206
29  4  69.638
29  5  67.842
29  6  65.3593
29  7  62.1481
29  8  58.2149
29  9  53.6276
29  10  48.5193
29  11  43.0804
29  12  37.5358
29  13  32.1155
29  14  27.024
29  15  22.4171
29  16  18.3925
29  17  14.9906
29  18  12.2047
29  19  9.99455
29  20  8.30012
29  21  7.05239
29  22  6.18157
29  23  5.62208
29  24  5.31523
29  25  5.21027
30  1  70.7762
30  2  70.5486
30  3  69.8882
30  4  68.7022
30  5  66.9014
30  6  64.4127
30  7  61.1949
30  8  57.2552
30  9  52.6626
30  10  47.5515
30  11  42.1128
30  12  36.5721
30  13  31.1591
30  14  26.0776
30  15  21.4824
30  16  17.4701
30  17  14.08
30  18  11.3048
30  19  9.10382
30  20  7.41679
30  21  6.17473
30  22  5.30797
30  23  4.75114
30  24  4.44576
30  25  4.34131
31  1  69.8078
31  2  69.5796
31  3  68.9173
31  4  67.728
31  5  65.9224
31  6  63.4278
31  7  60.2034
31  8  56.2573
31  9  51.6595
31  10  46.5455
31  11  41.1071
31  12  35.5703
31  13  30.1646
31  14  25.0929
31  15  20.5093
31  16  16.509
31  17  13.1306
31  18  10.366
31  19  8.17399
31  20  6.49424
31  21  5.25774
31  22  4.39498
31  23  3.84075
31  24  3.53682
31  25  3.43287
32  1  68.8245
32  2  68.5956
32  3  67.9314
32  4  66.7388
32  5  64.9287
32  6  62.4282
32  7  59.1974
32  8  55.2451
32  9  50.6422
32  10  45.5255
32  11  40.0874
32  12  34.5544
32  13  29.1558
32  14  24.0938
32  15  19.5215
32  16  15.533
32  17  12.166
32  18  9.41161
32  19  7.22841
32  20  5.55575
32  21  4.32467
32  22  3.4658
32  23  2.91411
32  24  2.61159
32  25  2.50813
33  1  67.8749
33  2  67.6454
33  3  66.9794
33  4  65.7837
33  5  63.9691
33  6  61.4632
33  7  58.2262
33  8  54.268
33  9  49.6604
33  10  44.541
33  11  39.1034
33  12  33.574
33  13  28.1821
33  14  23.1293
33  15  18.5677
33  16  14.5904
33  17  11.2341
33  18  8.48944
33  19  6.31452
33  20  4.64854
33  21  3.42258
33  22  2.56737
33  23  2.01808
33  24  1.71689
33  25  1.61388
34  1  66.9066
34  2  66.6765
34  3  66.0087
34  4  64.8098
34  5  62.9908
34  6  60.4792
34  7  57.2361
34  8  53.2718
34  9  48.6594
34  10  43.5374
34  11  38.1001
34  12  32.5745
34  13  27.1895
34  14  22.1461
34  15  17.5953
34  16  13.6293
34  17  10.284
34  18  7.54911
34  19  5.38257
34  20  3.72336
34  21  2.50258
34  22  1.65108
34  23  1.10421
34  24  0.804365
34  25  0.701817
35  1  65.9282
35  2  65.6974
35  3  65.0277
35  4  63.8256
35  5  62.0019
35  6  59.4847
35  7  56.2351
35  8  52.2647
35  9  47.6474
35  10  42.5228
35  11  37.0859
35  12  31.5641
35  13  26.1862
35  14  21.1524
35  15  16.6127
35  16  12.6583
35  17  9.32414
35  18  6.59934
35  19  4.44136
35  20  2.78906
35  21  1.57357
35  22  0.725847
35  23  0.181458
35  24  -0.11702
35  25  -0.219097
36  1  65.0933
36  2  64.8619
36  3  64.1905
36  4  62.9856
36  5  61.1579
36  6  58.6355
36  7  55.3804
36  8  51.4046
36  9  46.7829
36  10  41.656
36  11  36.2195
36  12  30.7012
36  13  25.3296
36  14  20.3042
36  15  15.7743
36  16  11.8301
36  17  8.50566
36  18  5.78969
36  19  3.63921
36  20  1.99297
36  21  0.782105
36  22  -0.0623005
36  23  -0.604523
36  24  -0.901801
36  25  -1.00347
37  1  64.1971
37  2  63.965
37  3  63.2918
37  4  62.0836
37  5  60.2513
37  6  57.7233
37  7  54.4618
37  8  50.4799
37  9  45.8534
37  10  40.7239
37  11  35.288
37  12  29.7735
37  13  24.4089
37  14  19.3931
37  15  14.8742
37  16  10.9414
37  17  7.62802
37  18  4.92195
37  19  2.7799
37  20  1.14046
37  21  -0.0652148
37  22  -0.905902
37  23  -1.4457
37  24  -1.74163
37  25  -1.84283
38  1  63.3726
38  2  63.1399
38  3  62.4648
38  4  61.2535
38  5  59.4166
38  6  56.8829
38  7  53.6153
38  8  49.6273
38  9  44.9961
38  10  39.8641
38  11  34.4286
38  12  28.918
38  13  23.5605
38  14  18.554
38  15  14.046
38  16  10.1245
38  17  6.82195
38  18  4.12562
38  19  1.99185
38  20  0.359097
38  21  -0.841474
38  22  -1.67851
38  23  -2.21591
38  24  -2.51052
38  25  -2.61127
39  1  62.6479
39  2  62.4145
39  3  61.7377
39  4  60.5232
39  5  58.682
39  6  56.1429
39  7  52.8693
39  8  48.8756
39  9  44.2397
39  10  39.1053
39  11  33.6704
39  12  28.1636
39  13  22.8128
39  14  17.8154
39  15  13.3178
39  16  9.40715
39  17  6.11495
39  18  3.42796
39  19  1.30212
39  20  -0.324237
39  21  -1.51993
39  22  -2.35347
39  23  -2.88859
39  24  -3.18194
39  25  -3.28225
40  1  61.9411
40  2  61.7071
40  3  61.0283
40  4  59.8105
40  5  57.9645
40  6  55.4194
40  7  52.1392
40  8  48.1393
40  9  43.4985
40  10  38.3615
40  11  32.9272
40  12  27.4245
40  13  22.081
40  14  17.0936
40  15  12.6074
40  16  8.70854
40  17  5.42766
40  18  2.75083
40  19  0.633641
40  20  -0.985759
40  21  -2.17613
40  22  -3.00587
40  23  -3.53851
40  24  -3.83048
40  25  -3.93032
41  1  61.3206
41  2  61.0859
41  3  60.4051
41  4  59.1838
41  5  57.333
41  6  54.7819
41  7  51.495
41  8  47.4886
41  9  42.8428
41  10  37.7032
41  11  32.2696
41  12  26.7711
41  13  21.4352
41  14  16.4578
41  15  11.9832
41  16  8.09637
41  17  4.82697
41  18  2.16046
41  19  0.0520145
41  20  -1.56034
41  21  -2.74533
41  22  -3.57122
41  23  -4.10135
41  24  -4.39193
41  25  -4.49129
42  1  60.7992
42  2  60.5638
42  3  59.881
42  4  58.6563
42  5  56.8005
42  6  54.2433
42  7  50.9497
42  8  46.9369
42  9  42.286
42  10  37.1439
42  11  31.711
42  12  26.2168
42  13  20.8885
42  14  15.9212
42  15  11.4583
42  16  7.5835
42  17  4.32562
42  18  1.66944
42  19  -0.43023
42  20  -2.03552
42  21  -3.21513
42  22  -4.03716
42  23  -4.56477
42  24  -4.85396
42  25  -4.95284
43  1  60.3489
43  2  60.1128
43  3  59.4278
43  4  58.1993
43  5  56.3382
43  6  53.7743
43  7  50.4735
43  8  46.4537
43  9  41.7974
43  10  36.6524
43  11  31.2203
43  12  25.7309
43  13  20.4109
43  14  15.4547
43  15  11.0043
43  16  7.14263
43  17  3.89725
43  18  1.25226
43  19  -0.837917
43  20  -2.43556
43  21  -3.60935
43  22  -4.42722
43  23  -4.95211
43  24  -5.23979
43  25  -5.33815
44  1  60.014
44  2  59.7771
44  3  59.0899
44  4  57.8576
44  5  55.9911
44  6  53.4206
44  7  50.1124
44  8  46.0857
44  9  41.4239
44  10  36.2762
44  11  30.845
44  12  25.3603
44  13  20.0486
44  14  15.1035
44  15  10.6659
44  16  6.81724
44  17  3.58434
44  18  0.950534
44  19  -1.13017
44  20  -2.72019
44  21  -3.88816
44  22  -4.70187
44  23  -5.22405
44  24  -5.51023
44  25  -5.60808
45  1  59.7816
45  2  59.5439
45  3  58.8544
45  4  57.6182
45  5  55.7461
45  6  53.1687
45  7  49.853
45  8  45.819
45  9  41.1516
45  10  36.0012
45  11  30.5709
45  12  25.0911
45  13  19.7881
45  14  14.8545
45  15  10.4299
45  16  6.59477
45  17  3.37472
45  18  0.752417
45  19  -1.31854
45  20  -2.90073
45  21  -4.06273
45  22  -4.87218
45  23  -5.39157
45  24  -5.67621
45  25  -5.77353
46  1  59.6452
46  2  59.4066
46  3  58.7146
46  4  57.4741
46  5  55.5959
46  6  53.011
46  7  49.687
46  8  45.6452
46  9  40.9717
46  10  35.8183
46  11  30.389
46  12  24.9148
46  13  19.6213
46  14  14.7001
46  15  10.2898
46  16  6.46938
46  17  3.26332
46  18  0.65354
46  19  -1.40682
46  20  -2.98049
46  21  -4.13601
46  22  -4.94082
46  23  -5.45719
46  24  -5.74015
46  25  -5.8369
47  1  59.6161
47  2  59.3765
47  3  58.6818
47  4  57.4367
47  5  55.5521
47  6  52.9591
47  7  49.6263
47  8  45.5762
47  9  40.8962
47  10  35.7396
47  11  30.3116
47  12  24.8432
47  13  19.5599
47  14  14.6521
47  15  10.257
47  16  6.45216
47  17  3.26095
47  18  0.664444
47  19  -1.38469
47  20  -2.94934
47  21  -4.09799
47  22  -4.89789
47  23  -5.41106
47  24  -5.69225
47  25  -5.78839
48  1  59.6918
48  2  59.4512
48  3  58.7537
48  4  57.5038
48  5  55.6123
48  6  53.0108
48  7  49.6688
48  8  45.6099
48  9  40.9232
48  10  35.7634
48  11  30.3367
48  12  24.8745
48  13  19.6019
48  14  14.7082
48  15  10.329
48  16  6.54056
48  17  3.36491
48  18  0.782283
48  19  -1.25512
48  20  -2.81034
48  21  -3.95181
48  22  -4.7466
48  23  -5.25643
48  24  -5.53577
48  25  -5.63127
49  1  59.8851
49  2  59.6434
49  3  58.9427
49  4  57.6871
49  5  55.7876
49  6  53.1764
49  7  49.8237
49  8  45.7547
49  9  41.0603
49  10  35.8968
49  11  30.4717
49  12  25.0169
49  13  19.7566
49  14  14.8792
49  15  10.5184
49  16  6.7488
49  17  3.59104
49  18  1.02436
49  19  -0.999562
49  20  -2.54398
49  21  -3.67722
49  22  -4.46613
49  23  -4.97213
49  24  -5.24935
49  25  -5.34413
50  1  60.1591
50  2  59.9163
50  3  59.2123
50  4  57.9511
50  5  56.0438
50  6  53.4228
50  7  50.0595
50  8  45.9806
50  9  41.2785
50  10  36.1115
50  11  30.6881
50  12  25.2406
50  13  19.9927
50  14  15.1314
50  15  10.7888
50  16  7.03778
50  17  3.89764
50  18  1.34668
50  19  -0.663989
50  20  -2.19777
50  21  -3.32293
50  22  -4.10608
50  23  -4.60831
50  24  -4.88345
50  25  -4.97751
51  1  60.5459
51  2  60.3017
51  3  59.5939
51  4  58.3262
51  5  56.4098
51  6  53.7775
51  7  50.402
51  8  46.3115
51  9  41.6007
51  10  36.4297
51  11  31.0084
51  12  25.5694
51  13  20.336
51  14  15.4933
51  15  11.1718
51  16  7.44218
51  17  4.32237
51  18  1.78948
51  19  -0.20595
51  20  -1.72752
51  21  -2.8434
51  22  -3.61991
51  23  -4.11783
51  24  -4.39058
51  25  -4.48382
52  1  60.9879
52  2  60.7424
52  3  60.0307
52  4  58.7564
52  5  56.8305
52  6  54.1868
52  7  50.7987
52  8  46.6965
52  9  41.9769
52  10  36.8018
52  11  31.3828
52  12  25.9527
52  13  20.734
52  14  15.9104
52  15  11.6103
52  16  7.9026
52  17  4.80343
52  18  2.28889
52  19  0.308919
52  20  -1.20027
52  21  -2.30675
52  22  -3.07656
52  23  -3.57011
52  24  -3.84044
52  25  -3.93285
53  1  61.5338
53  2  61.2866
53  3  60.5704
53  4  59.2882
53  5  57.3513
53  6  54.6941
53  7  51.2914
53  8  47.1755
53  9  42.4456
53  10  37.266
53  11  31.8498
53  12  26.4302
53  13  21.2289
53  14  16.4277
53  15  12.1526
53  16  8.47035
53  17  5.39519
53  18  2.90196
53  19  0.939918
53  20  -0.554925
53  21  -1.65051
53  22  -2.41255
53  23  -2.90104
53  24  -3.16858
53  25  -3.26003
54  1  62.2263
54  2  61.9772
54  3  61.2552
54  4  59.9631
54  5  58.0123
54  6  55.338
54  7  51.9169
54  8  47.7839
54  9  43.0413
54  10  37.8563
54  11  32.4438
54  12  27.0376
54  13  21.8582
54  14  17.0852
54  15  12.8415
54  16  9.19106
54  17  6.14584
54  18  3.67915
54  19  1.73941
54  20  0.262391
54  21  -0.819664
54  22  -1.57207
54  23  -2.05429
54  24  -2.31835
54  25  -2.40861
55  1  62.9658
55  2  62.7143
55  3  61.9859
55  4  60.6829
55  5  58.7167
55  6  56.0234
55  7  52.5821
55  8  48.4302
55  9  43.6738
55  10  38.4831
55  11  33.075
55  12  27.684
55  13  22.529
55  14  17.787
55  15  13.5779
55  16  9.96228
55  17  6.94982
55  18  4.51209
55  19  2.59665
55  20  1.13905
55  21  0.0717071
55  22  -0.670225
55  23  -1.14562
55  24  -1.40591
55  25  -1.49488
56  1  63.7632
56  2  63.5091
56  3  62.7733
56  4  61.4574
56  5  59.4733
56  6  56.7582
56  7  53.2934
56  8  49.12
56  9  44.3478
56  10  39.1508
56  11  33.7483
56  12  28.3751
56  13  23.2486
56  14  18.5425
56  15  14.3731
56  16  10.7975
56  17  7.82256
56  18  5.41791
56  19  3.53019
56  20  2.09468
56  21  1.04408
56  22  0.314065
56  23  -0.153575
56  24  -0.409587
56  25  -0.497078
57  1  64.6992
57  2  64.4417
57  3  63.696
57  4  62.3632
57  5  60.3554
57  6  57.6116
57  7  54.116
57  8  49.9146
57  9  45.1222
57  10  39.9177
57  11  34.5232
57  12  29.1739
57  13  24.0849
57  14  19.426
57  15  15.3084
57  16  11.7847
57  17  8.8582
57  18  6.49622
57  19  4.64418
57  20  3.23709
57  21  2.20798
57  22  1.49325
57  23  1.03555
57  24  0.785031
57  25  0.699425
58  1  65.6752
58  2  65.4134
58  3  64.6556
58  4  63.3021
58  5  61.2654
58  6  58.4865
58  7  54.9538
58  8  50.7186
58  9  45.9025
58  10  40.6897
58  11  35.306
58  12  29.9864
58  13  24.9435
58  14  20.3417
58  15  16.2865
58  16  12.8251
58  17  9.95651
58  18  7.64532
58  19  5.83563
58  20  4.46221
58  21  3.45855
58  22  2.76189
58  23  2.31593
58  24  2.0719
58  25  1.98852
59  1  66.6631
59  2  66.396
59  3  65.6231
59  4  64.2441
59  5  62.1717
59  6  59.3499
59  7  55.772
59  8  51.4964
59  9  46.6523
59  10  41.4309
59  11  36.0616
59  12  30.7796
59  13  25.7934
59  14  21.2613
59  15  17.2816
59  16  13.895
59  17  11.0955
59  18  8.84481
59  19  7.08541
59  20  5.75187
59  21  4.77829
59  22  4.10297
59  23  3.67088
59  24  3.4345
59  25  3.35374
60  1  67.7421
60  2  67.4675
60  3  66.6737
60  4  65.259
60  5  63.1372
60  6  60.2561
60  7  56.6164
60  8  52.2863
60  9  47.4059
60  10  42.1751
60  11  36.8283
60  12  31.5999
60  13  26.6926
60  14  22.2559
60  15  18.3784
60  16  15.0923
60  17  12.3853
60  18  10.2149
60  19  8.52215
60  20  7.2413
60  21  6.30737
60  22  5.66015
60  23  5.24629
60  24  5.01997
60  25  4.94266
61  1  68.8973
61  2  68.6119
61  3  67.7876
61  4  66.3212
61  5  64.1283
61  6  61.1627
61  7  57.436
61  8  53.031
61  9  48.103
61  10  42.864
61  11  37.554
61  12  32.4052
61  13  27.6114
61  14  23.3093
61  15  19.5741
61  16  16.4263
61  17  13.8453
61  18  11.784
61  19  10.1811
61  20  8.971
61  21  8.09022
61  22  7.48058
61  23  7.09108
61  24  6.87818
61  25  6.80547
62  1  70.2143
62  2  69.9109
62  3  69.0358
62  4  67.4837
62  5  65.1739
62  6  62.0715
62  7  58.2072
62  8  53.6882
62  9  48.6938
62  10  43.4538
62  11  38.2146
62  12  33.202
62  13  28.5937
62  14  24.5054
62  15  20.9914
62  16  18.0556
62  17  15.6655
62  18  13.7676
62  19  12.2985
62  20  11.1933
62  21  10.3909
62  22  9.83656
62  23  9.48282
62  24  9.28961
62  25  9.22365
63  1  71.6557
63  2  71.3215
63  3  70.3596
63  4  68.6626
63  5  66.1586
63  6  62.8347
63  7  58.7561
63  8  54.0714
63  9  48.9973
63  10  43.787
63  11  38.6895
63  12  33.9142
63  13  29.6091
63  14  25.8562
63  15  22.6792
63  16  20.0587
63  17  17.9476
63  18  16.2853
63  19  15.007
63  20  14.0502
63  21  13.3581
63  22  12.8812
63  23  12.5775
63  24  12.4117
63  25  12.3552
64  1  73.3339
64  2  72.9429
64  3  71.8234
64  4  69.8681
64  5  67.0279
64  6  63.3386
64  7  58.9331
64  8  54.0308
64  9  48.9024
64  10  43.8224
64  11  39.0254
64  12  34.6791
64  13  30.8773
64  14  27.6496
64  15  24.9779
64  16  22.8147
64  17  21.0982
64  18  19.7625
64  19  18.7448
64  20  17.9884
64  21  17.4441
64  22  17.0704
64  23  16.8329
64  24  16.7035
64  25  16.6594
65  1  75.1142
65  2  74.6392
65  3  73.2896
65  4  70.9692
65  5  67.6789
65  6  63.5413
65  7  58.7917
65  8  53.7362
65  9  48.6896
65  10  43.9182
65  11  39.6069
65  12  35.8537
65  13  32.6835
65  14  30.0707
65  15  27.9604
65  16  26.2855
65  17  24.9772
65  18  23.9718
65  19  23.213
65  20  22.653
65  21  22.252
65  22  21.9778
65  23  21.804
65  24  21.7094
65  25  21.6772
66  1  76.8957
66  2  76.3251
66  3  74.7198
66  4  72.0128
66  5  68.2855
66  6  63.7743
66  7  58.8231
66  8  53.8019
66  9  49.0276
66  10  44.7174
66  11  40.9823
66  12  37.847
66  13  35.2789
66  14  33.2152
66  15  31.5822
66  16  30.307
66  17  29.3235
66  18  28.575
66  19  28.0143
66  20  27.6027
66  21  27.3093
66  22  27.1091
66  23  26.9825
66  24  26.9137
66  25  26.8902
67  1  78.7035
67  2  78.0503
67  3  76.2316
67  4  73.2276
67  5  69.2156
67  6  64.5425
67  7  59.6306
67  8  54.8663
67  9  50.5262
67  10  46.7577
67  11  43.6008
67  12  41.0252
67  13  38.9642
67  14  37.3388
67  15  36.0715
67  16  35.0932
67  17  34.3455
67  18  33.7804
67  19  33.3592
67  20  33.0512
67  21  32.8322
67  22  32.6832
67  23  32.589
67  24  32.5378
67  25  32.5204
68  1  80.8276
68  2  80.144
68  3  78.2591
68  4  75.204
68  5  71.2335
68  6  66.7595
68  7  62.2232
68  8  57.9777
68  9  54.2359
68  10  51.0797
68  11  48.4995
68  12  46.436
68  13  44.8111
68  14  43.5457
68  15  42.5688
68  16  41.8205
68  17  41.2518
68  18  40.8239
68  19  40.506
68  20  40.2742
68  21  40.1096
68  22  39.9977
68  23  39.9271
68  24  39.8888
68  25  39.8757
69  1  89.5992
69  2  89.2571
69  3  88.3228
69  4  86.8352
69  5  84.95
69  6  82.8883
69  7  80.8625
69  8  79.0229
69  9  77.4448
69  10  76.144
69  11  75.1006
69  12  74.2787
69  13  73.6393
69  14  73.146
69  15  72.7679
69  16  72.4798
69  17  72.2619
69  18  72.0984
69  19  71.9772
69  20  71.889
69  21  71.8265
69  22  71.784
69  23  71.7572
69  24  71.7427
69  25  71.7377
70  1  91.7244
70  2  91.6587
70  3  91.4805
70  4  91.2005
70  5  90.8522
70  6  90.4792
70  7  90.1206
70  8  89.8016
70  9  89.5327
70  10  89.3144
70  11  89.1413
70  12  89.0063
70  13  88.9021
70  14  88.8221
70  15  88.7611
70  16  88.7148
70  17  88.6798
70  18  88.6536
70  19  88.6342
70  20  88.6201
70  21  88.6102
70  22  88.6034
70  23  88.5991
70  24  88.5968
70  25  88.596
71  1  90.7172
71  2  90.8279
71  3  91.1262
71  4  91.5897
71  5  92.1574
71  6  92.7546
71  7  93.3185
71  8  93.8122
71  9  94.2223
71  10  94.5516
71  11  94.8101
71  12  95.0103
71  13  95.1641
71  14  95.2815
71  15  95.3708
71  16  95.4384
71  17  95.4894
71  18  95.5275
71  19  95.5557
71  20  95.5761
71  21  95.5906
71  22  95.6004
71  23  95.6066
71  24  95.61
71  25  95.6112
72  1  88.9426
72  2  89.1814
72  3  89.8219
72  4  90.8077
72  5  92.0005
72  6  93.2376
72  7  94.39
72  8  95.3861
72  9  96.2051
72  10  96.8567
72  11  97.365
72  12  97.7565
72  13  98.0559
72  14  98.2839
72  15  98.4569
72  16  98.5876
72  17  98.686
72  18  98.7595
72  19  98.8137
72  20  98.8531
72  21  98.881
72  22  98.9
72  23  98.9119
72  24  98.9184
72  25  98.9206
73  1  86.5616
73  2  86.8997
73  3  87.803
73  4  89.1833
73  5  90.8376
73  6  92.5354
73  7  94.1006
73  8  95.4413
73  9  96.5348
73  10  97.3996
73  11  98.0707
73  12  98.5857
73  13  98.9784
73  14  99.2768
73  15  99.5027
73  16  99.6734
73  17  99.8016
73  18  99.8973
73  19  99.9679
73  20  100.019
73  21  100.056
73  22  100.08
73  23  100.096
73  24  100.104
73  25  100.107
74  1  85.3131
74  2  85.7158
74  3  86.7885
74  4  88.4179
74  5  90.3553
74  6  92.3264
74  7  94.1283
74  8  95.6601
74  9  96.9019
74  10  97.8789
74  11  98.6341
74  12  99.2119
74  13  99.6516
74  14  99.9849
74  15  100.237
74  16  100.427
74  17  100.57
74  18  100.677
74  19  100.755
74  20  100.812
74  21  100.853
74  22  100.88
74  23  100.897
74  24  100.907
74  25  100.91
75  1  84.5673
75  2  85.0076
75  3  86.1775
75  4  87.9468
75  5  90.0386
75  6  92.1536
75  7  94.0755
75  8  95.7006
75  9  97.0122
75  10  98.0407
75  11  98.8334
75  12  99.4387
75  13  99.8985
75  14  100.247
75  15  100.51
75  16  100.708
75  17  100.857
75  18  100.968
75  19  101.05
75  20  101.109
75  21  101.151
75  22  101.18
75  23  101.198
75  24  101.208
75  25  101.211
76  1  84.0726
76  2  84.5351
76  3  85.7617
76  4  87.6101
76  5  89.7854
76  6  91.974
76  7  93.9532
76  8  95.6198
76  9  96.9602
76  10  98.0084
76  11  98.8146
76  12  99.4292
76  13  99.8954
76  14  100.248
76  15  100.515
76  16  100.715
76  17  100.866
76  18  100.978
76  19  101.061
76  20  101.121
76  21  101.163
76  22  101.192
76  23  101.21
76  24  101.22
76  25  101.224
77  1  83.7775
77  2  84.2496
77  3  85.4997
77  4  87.3783
77  5  89.5811
77  6  91.7885
77  7  93.7773
77  8  95.4464
77  9  96.7853
77  10  97.8299
77  11  98.6321
77  12  99.2428
77  13  99.7056
77  14  100.056
77  15  100.32
77  16  100.519
77  17  100.668
77  18  100.779
77  19  100.861
77  20  100.921
77  21  100.963
77  22  100.991
77  23  101.009
77  24  101.019
77  25  101.022
78  1  83.6712
78  2  84.1411
78  3  85.3837
78  4  87.2472
78  5  89.4259
78  6  91.6025
78  7  93.5578
78  8  95.1947
78  9  96.5049
78  10  97.5255
78  11  98.3083
78  12  98.9036
78  13  99.3545
78  14  99.6952
78  15  99.9522
78  16  100.146
78  17  100.291
78  18  100.399
78  19  100.479
78  20  100.536
78  21  100.577
78  22  100.605
78  23  100.623
78  24  100.632
78  25  100.635
79  1  84.7173
79  2  85.1126
79  3  86.1573
79  4  87.7209
79  5  89.5447
79  6  91.362
79  7  92.9905
79  8  94.351
79  9  95.438
79  10  96.2836
79  11  96.9314
79  12  97.4237
79  13  97.7963
79  14  98.0778
79  15  98.29
79  16  98.4498
79  17  98.5695
79  18  98.6588
79  19  98.7245
79  20  98.7722
79  21  98.806
79  22  98.8288
79  23  98.8433
79  24  98.8511
79  25  98.8537
80  1  84.9167
80  2  85.276
80  3  86.2244
80  4  87.6416
80  5  89.2914
80  6  90.9315
80  7  92.3982
80  8  93.6213
80  9  94.5971
80  10  95.3553
80  11  95.9356
80  12  96.3763
80  13  96.7097
80  14  96.9614
80  15  97.1512
80  16  97.294
80  17  97.4011
80  18  97.4808
80  19  97.5396
80  20  97.5822
80  21  97.6123
80  22  97.6327
80  23  97.6456
80  24  97.6526
80  25  97.655
81  1  84.788
81  2  85.1312
81  3  86.0363
81  4  87.3872
81  5  88.957
81  6  90.5151
81  7  91.906
81  8  93.0643
81  9  93.9873
81  10  94.7038
81  11  95.2518
81  12  95.6677
81  13  95.9822
81  14  96.2197
81  15  96.3986
81  16  96.5332
81  17  96.6341
81  18  96.7093
81  19  96.7647
81  20  96.8048
81  21  96.8332
81  22  96.8525
81  23  96.8646
81  24  96.8712
81  25  96.8734
82  1  84.5858
82  2  84.9164
82  3  85.7881
82  4  87.0875
82  5  88.5953
82  6  90.0894
82  7  91.4212
82  8  92.5287
82  9  93.4103
82  10  94.0941
82  11  94.6168
82  12  95.0133
82  13  95.313
82  14  95.5392
82  15  95.7097
82  16  95.8379
82  17  95.9339
82  18  96.0055
82  19  96.0582
82  20  96.0965
82  21  96.1235
82  22  96.1418
82  23  96.1534
82  24  96.1596
82  25  96.1618
83  1  84.4025
83  2  84.723
83  3  85.5675
83  4  86.8253
83  5  88.2831
83  6  89.7256
83  7  91.01
83  8  92.0769
83  9  92.9256
83  10  93.5834
83  11  94.0859
83  12  94.467
83  13  94.755
83  14  94.9722
83  15  95.1359
83  16  95.259
83  17  95.3513
83  18  95.42
83  19  95.4706
83  20  95.5073
83  21  95.5333
83  22  95.5508
83  23  95.5619
83  24  95.5679
83  25  95.57
84  1  84.2475
84  2  84.5582
84  3  85.3766
84  4  86.5945
84  5  88.0046
84  6  89.3986
84  7  90.6384
84  8  91.6674
84  9  92.4853
84  10  93.1189
84  11  93.6027
84  12  93.9695
84  13  94.2466
84  14  94.4556
84  15  94.6131
84  16  94.7315
84  17  94.8202
84  18  94.8863
84  19  94.935
84  20  94.9703
84  21  94.9952
84  22  95.0122
84  23  95.0228
84  24  95.0286
84  25  95.0306
85  1  84.1175
85  2  84.4176
85  3  85.2075
85  4  86.3822
85  5  87.741
85  6  89.0829
85  7  90.2753
85  8  91.2642
85  9  92.0497
85  10  92.6579
85  11  93.1221
85  12  93.4739
85  13  93.7396
85  14  93.94
85  15  94.091
85  16  94.2045
85  17  94.2895
85  18  94.3529
85  19  94.3995
85  20  94.4334
85  21  94.4573
85  22  94.4735
85  23  94.4837
85  24  94.4893
85  25  94.4911
86  1  84.0259
86  2  84.3149
86  3  85.0755
86  4  86.2059
86  5  87.5124
86  6  88.8015
86  7  89.9461
86  8  90.8947
86  9  91.6477
86  10  92.2305
86  11  92.6752
86  12  93.0122
86  13  93.2666
86  14  93.4585
86  15  93.603
86  16  93.7117
86  17  93.7931
86  18  93.8537
86  19  93.8983
86  20  93.9307
86  21  93.9536
86  22  93.9691
86  23  93.9789
86  24  93.9842
86  25  93.986
87  1  83.969
87  2  84.2464
87  3  84.9762
87  4  86.0604
87  5  87.3126
87  6  88.5472
87  7  89.6426
87  8  90.55
87  9  91.2699
87  10  91.8269
87  11  92.2518
87  12  92.5736
87  13  92.8166
87  14  92.9998
87  15  93.1378
87  16  93.2416
87  17  93.3193
87  18  93.3771
87  19  93.4198
87  20  93.4507
87  21  93.4725
87  22  93.4873
87  23  93.4967
87  24  93.5017
87  25  93.5035
88  1  83.9447
88  2  84.2111
88  3  84.9117
88  4  85.952
88  5  87.1529
88  6  88.3362
88  7  89.3856
88  8  90.2543
88  9  90.9434
88  10  91.4763
88  11  91.8828
88  12  92.1906
88  13  92.423
88  14  92.5982
88  15  92.7301
88  16  92.8293
88  17  92.9036
88  18  92.9589
88  19  92.9996
88  20  93.0292
88  21  93.0501
88  22  93.0642
88  23  93.0732
88  24  93.078
88  25  93.0796
89  1  83.945
89  2  84.199
89  3  84.8672
89  4  85.859
89  5  87.0031
89  6  88.13
89  7  89.1288
89  8  89.9553
89  9  90.6106
89  10  91.1172
89  11  91.5036
89  12  91.7961
89  13  92.017
89  14  92.1834
89  15  92.3088
89  16  92.403
89  17  92.4736
89  18  92.5261
89  19  92.5648
89  20  92.5929
89  21  92.6127
89  22  92.6262
89  23  92.6347
89  24  92.6393
89  25  92.6408
90  1  83.9694
90  2  84.2108
90  3  84.8454
90  4  85.7868
90  5  86.8726
90  6  87.9414
90  7  88.8882
90  8  89.6714
90  9  90.2922
90  10  90.7721
90  11  91.1379
90  12  91.4149
90  13  91.624
90  14  91.7815
90  15  91.9002
90  16  91.9894
90  17  92.0562
90  18  92.1059
90  19  92.1425
90  20  92.1691
90  21  92.1879
90  22  92.2006
90  23  92.2086
90  24  92.213
90  25  92.2145
91  1  84.014
91  2  84.2425
91  3  84.8433
91  4  85.7343
91  5  86.7615
91  6  87.7722
91  7  88.6672
91  8  89.4073
91  9  89.9938
91  10  90.447
91  11  90.7925
91  12  91.054
91  13  91.2514
91  14  91.4002
91  15  91.5122
91  16  91.5964
91  17  91.6594
91  18  91.7063
91  19  91.7409
91  20  91.766
91  21  91.7837
91  22  91.7958
91  23  91.8033
91  24  91.8074
91  25  91.8088
92  1  84.0754
92  2  84.291
92  3  84.8577
92  4  85.698
92  5  86.6663
92  6  87.6188
92  7  88.4619
92  8  89.1589
92  9  89.7111
92  10  90.1378
92  11  90.4629
92  12  90.7091
92  13  90.8948
92  14  91.0348
92  15  91.1401
92  16  91.2194
92  17  91.2787
92  18  91.3228
92  19  91.3554
92  20  91.379
92  21  91.3957
92  22  91.407
92  23  91.4141
92  24  91.4179
92  25  91.4193
93  1  84.1532
93  2  84.3554
93  3  84.8869
93  4  85.6748
93  5  86.5824
93  6  87.4749
93  7  88.2647
93  8  88.9174
93  9  89.4344
93  10  89.8337
93  11  90.1381
93  12  90.3684
93  13  90.5422
93  14  90.6732
93  15  90.7718
93  16  90.846
93  17  90.9015
93  18  90.9428
93  19  90.9732
93  20  90.9953
93  21  91.0109
93  22  91.0215
93  23  91.0282
93  24  91.0318
93  25  91.033
94  1  84.2379
94  2  84.4275
94  3  84.9257
94  4  85.6641
94  5  86.5145
94  6  87.3504
94  7  88.09
94  8  88.7011
94  9  89.185
94  10  89.5588
94  11  89.8436
94  12  90.0591
94  13  90.2218
94  14  90.3443
94  15  90.4366
94  16  90.5059
94  17  90.5579
94  18  90.5965
94  19  90.625
94  20  90.6456
94  21  90.6602
94  22  90.6701
94  23  90.6764
94  24  90.6798
94  25  90.6809
95  1  84.3388
95  2  84.5148
95  3  84.9774
95  4  85.6629
95  5  86.4522
95  6  87.2279
95  7  87.914
95  8  88.4807
95  9  88.9294
95  10  89.276
95  11  89.5401
95  12  89.7399
95  13  89.8906
95  14  90.0042
95  15  90.0897
95  16  90.154
95  17  90.2021
95  18  90.2379
95  19  90.2643
95  20  90.2835
95  21  90.297
95  22  90.3062
95  23  90.312
95  24  90.3151
95  25  90.3162
96  1  84.4515
96  2  84.6137
96  3  85.0398
96  4  85.6711
96  5  86.3978
96  6  87.1117
96  7  87.7431
96  8  88.2646
96  9  88.6774
96  10  88.9962
96  11  89.239
96  12  89.4228
96  13  89.5614
96  14  89.6659
96  15  89.7445
96  16  89.8036
96  17  89.8479
96  18  89.8808
96  19  89.9051
96  20  89.9227
96  21  89.9351
96  22  89.9436
96  23  89.9489
96  24  89.9518
96  25  89.9527
97  1  84.5811
97  2  84.7284
97  3  85.1155
97  4  85.6888
97  5  86.3486
97  6  86.9967
97  7  87.5697
97  8  88.0428
97  9  88.4173
97  10  88.7065
97  11  88.9268
97  12  89.0935
97  13  89.2192
97  14  89.3139
97  15  89.3852
97  16  89.4388
97  17  89.479
97  18  89.5088
97  19  89.5309
97  20  89.5468
97  21  89.5581
97  22  89.5657
97  23  89.5706
97  24  89.5732
97  25  89.5741
98  1  84.7041
98  2  84.8381
98  3  85.19
98  4  85.7114
98  5  86.3113
98  6  86.9004
98  7  87.4212
98  8  87.8512
98  9  88.1915
98  10  88.4543
98  11  88.6544
98  12  88.8058
98  13  88.92
98  14  89.0061
98  15  89.0708
98  16  89.1195
98  17  89.156
98  18  89.1831
98  19  89.2031
98  20  89.2176
98  21  89.2278
98  22  89.2348
98  23  89.2392
98  24  89.2415
98  25  89.2423
99  1  84.8499
99  2  84.9688
99  3  85.2812
99  4  85.7437
99  5  86.2759
99  6  86.7984
99  7  87.2602
99  8  87.6414
99  9  87.9431
99  10  88.176
99  11  88.3534
99  12  88.4876
99  13  88.5888
99  14  88.6651
99  15  88.7225
99  16  88.7656
99  17  88.7979
99  18  88.822
99  19  88.8397
99  20  88.8525
99  21  88.8616
99  22  88.8678
99  23  88.8716
99  24  88.8737
99  25  88.8745
100  1  85.003
100  2  85.1068
100  3  85.3792
100  4  85.7825
100  5  86.2465
100  6  86.7021
100  7  87.1046
100  8  87.4368
100  9  87.6997
100  10  87.9027
100  11  88.0572
100  12  88.1741
100  13  88.2623
100  14  88.3288
100  15  88.3788
100  16  88.4163
100  17  88.4445
100  18  88.4654
100  19  88.4809
100  20  88.4921
100  21  88.5
100  22  88.5053
100  23  88.5087
100  24  88.5105
100  25  88.5112
101  1  85.1632
101  2  85.2516
101  3  85.4837
101  4  85.8273
101  5  86.2225
101  6  86.6105
101  7  86.9532
101  8  87.2361
101  9  87.4599
101  10  87.6326
101  11  87.7642
101  12  87.8637
101  13  87.9387
101  14  87.9953
101  15  88.0379
101  16  88.0698
101  17  88.0938
101  18  88.1116
101  19  88.1248
101  20  88.1343
101  21  88.141
101  22  88.1456
101  23  88.1484
101  24  88.15
101  25  88.1505
102  1  85.344
102  2  85.4156
102  3  85.6036
102  4  85.8819
102  5  86.2019
102  6  86.516
102  7  86.7934
102  8  87.0224
102  9  87.2036
102  10  87.3434
102  11  87.4498
102  12  87.5303
102  13  87.5911
102  14  87.6368
102  15  87.6713
102  16  87.6972
102  17  87.7165
102  18  87.731
102  19  87.7416
102  20  87.7493
102  21  87.7547
102  22  87.7584
102  23  87.7608
102  24  87.762
102  25  87.7625
103  1  85.5239
103  2  85.5793
103  3  85.7245
103  4  85.9396
103  5  86.1868
103  6  86.4294
103  7  86.6437
103  8  86.8205
103  9  86.9604
103  10  87.0684
103  11  87.1506
103  12  87.2127
103  13  87.2596
103  14  87.295
103  15  87.3216
103  16  87.3415
103  17  87.3565
103  18  87.3676
103  19  87.3758
103  20  87.3818
103  21  87.386
103  22  87.3888
103  23  87.3906
103  24  87.3916
103  25  87.3919
104  1  85.7021
104  2  85.7417
104  3  85.8456
104  4  85.9994
104  5  86.1762
104  6  86.3497
104  7  86.503
104  8  86.6294
104  9  86.7294
104  10  86.8066
104  11  86.8653
104  12  86.9098
104  13  86.9433
104  14  86.9685
104  15  86.9875
104  16  87.0018
104  17  87.0125
104  18  87.0205
104  19  87.0263
104  20  87.0306
104  21  87.0336
104  22  87.0356
104  23  87.0369
104  24  87.0376
104  25  87.0378
105  1  85.8972
105  2  85.9199
105  3  85.9794
105  4  86.0675
105  5  86.1687
105  6  86.2681
105  7  86.3558
105  8  86.4282
105  9  86.4855
105  10  86.5296
105  11  86.5633
105  12  86.5887
105  13  86.6079
105  14  86.6223
105  15  86.6332
105  16  86.6414
105  17  86.6475
105  18  86.6521
105  19  86.6554
105  20  86.6579
105  21  86.6596
105  22  86.6608
105  23  86.6615
105  24  86.6619
105  25  86.662
106  1  86.0946
106  2  86.1005
106  3  86.1159
106  4  86.1387
106  5  86.1649
106  6  86.1906
106  7  86.2133
106  8  86.232
106  9  86.2468
106  10  86.2582
106  11  86.2669
106  12  86.2735
106  13  86.2785
106  14  86.2822
106  15  86.285
106  16  86.2871
106  17  86.2887
106  18  86.2899
106  19  86.2907
106  20  86.2914
106  21  86.2918
106  22  86.2921
106  23  86.2923
106  24  86.2924
106  25  86.2925
107  1  86.3095
107  2  86.2973
107  3  86.2655
107  4  86.2183
107  5  86.1641
107  6  86.111
107  7  86.064
107  8  86.0253
107  9  85.9947
107  10  85.9711
107  11  85.9531
107  12  85.9395
107  13  85.9292
107  14  85.9215
107  15  85.9157
107  16  85.9113
107  17  85.908
107  18  85.9056
107  19  85.9038
107  20  85.9025
107  21  85.9016
107  22  85.901
107  23  85.9006
107  24  85.9004
107  25  85.9003
108  1  86.5316
108  2  86.5012
108  3  86.4211
108  4  86.3027
108  5  86.1667
108  6  86.0332
108  7  85.9154
108  8  85.8182
108  9  85.7414
108  10  85.6821
108  11  85.6369
108  12  85.6028
108  13  85.577
108  14  85.5576
108  15  85.543
108  16  85.5321
108  17  85.5239
108  18  85.5177
108  19  85.5132
108  20  85.51
108  21  85.5077
108  22  85.5061
108  23  85.5051
108  24  85.5046
108  25  85.5044
109  1  86.7644
109  2  86.7149
109  3  86.5851
109  4  86.3929
109  5  86.1721
109  6  85.9556
109  7  85.7644
109  8  85.6068
109  9  85.4821
109  10  85.3859
109  11  85.3127
109  12  85.2573
109  13  85.2155
109  14  85.1841
109  15  85.1604
109  16  85.1426
109  17  85.1293
109  18  85.1194
109  19  85.1121
109  20  85.1068
109  21  85.103
109  22  85.1005
109  23  85.0989
109  24  85.098
109  25  85.0977
110  1  86.9921
110  2  86.9243
110  3  86.7463
110  4  86.4829
110  5  86.1803
110  6  85.8835
110  7  85.6215
110  8  85.4054
110  9  85.2346
110  10  85.1027
110  11  85.0024
110  12  84.9265
110  13  84.8693
110  14  84.8262
110  15  84.7938
110  16  84.7694
110  17  84.7511
110  18  84.7376
110  19  84.7275
110  20  84.7203
110  21  84.7152
110  22  84.7117
110  23  84.7095
110  24  84.7083
110  25  84.7079
111  1  87.2326
111  2  87.1456
111  3  86.9172
111  4  86.5793
111  5  86.191
111  6  85.8103
111  7  85.4742
111  8  85.197
111  9  84.9779
111  10  84.8088
111  11  84.6801
111  12  84.5828
111  13  84.5094
111  14  84.4541
111  15  84.4125
111  16  84.3813
111  17  84.3579
111  18  84.3404
111  19  84.3276
111  20  84.3183
111  21  84.3117
111  22  84.3073
111  23  84.3045
111  24  84.3029
111  25  84.3024
112  1  87.4949
112  2  87.3871
112  3  87.1043
112  4  86.6858
112  5  86.205
112  6  85.7336
112  7  85.3175
112  8  84.9744
112  9  84.7031
112  10  84.4938
112  11  84.3345
112  12  84.214
112  13  84.1232
112  14  84.0547
112  15  84.0032
112  16  83.9645
112  17  83.9356
112  18  83.914
112  19  83.8981
112  20  83.8866
112  21  83.8784
112  22  83.8729
112  23  83.8694
112  24  83.8676
112  25  83.8669
113  1  87.7327
113  2  87.6063
113  3  87.2744
113  4  86.7835
113  5  86.2194
113  6  85.6664
113  7  85.1783
113  8  84.7758
113  9  84.4576
113  10  84.2121
113  11  84.0253
113  12  83.884
113  13  83.7774
113  14  83.6971
113  15  83.6367
113  16  83.5914
113  17  83.5574
113  18  83.5321
113  19  83.5134
113  20  83.4999
113  21  83.4904
113  22  83.4839
113  23  83.4798
113  24  83.4776
113  25  83.4769
114  1  87.9871
114  2  87.8409
114  3  87.457
114  4  86.8891
114  5  86.2366
114  6  85.597
114  7  85.0324
114  8  84.5669
114  9  84.1989
114  10  83.915
114  11  83.6989
114  12  83.5355
114  13  83.4122
114  14  83.3194
114  15  83.2496
114  16  83.1971
114  17  83.1578
114  18  83.1285
114  19  83.107
114  20  83.0913
114  21  83.0803
114  22  83.0728
114  23  83.0681
114  24  83.0655
114  25  83.0647
115  1  88.2562
115  2  88.0891
115  3  87.6506
115  4  87.0018
115  5  86.2564
115  6  85.5257
115  7  84.8808
115  8  84.349
115  9  83.9287
115  10  83.6044
115  11  83.3576
115  12  83.171
115  13  83.0302
115  14  82.9242
115  15  82.8444
115  16  82.7845
115  17  82.7396
115  18  82.7062
115  19  82.6816
115  20  82.6637
115  21  82.6511
115  22  82.6425
115  23  82.6372
115  24  82.6342
115  25  82.6332
116  1  88.5412
116  2  88.3522
116  3  87.856
116  4  87.1221
116  5  86.2789
116  6  85.4524
116  7  84.7229
116  8  84.1214
116  9  83.646
116  10  83.2793
116  11  83.0001
116  12  82.789
116  13  82.6298
116  14  82.5099
116  15  82.4197
116  16  82.3519
116  17  82.3011
116  18  82.2634
116  19  82.2355
116  20  82.2153
116  21  82.2011
116  22  82.1914
116  23  82.1853
116  24  82.182
116  25  82.1809
117  1  88.7975
117  2  88.5888
117  3  88.0411
117  4  87.231
117  5  86.3003
117  6  85.388
117  7  84.5829
117  8  83.9191
117  9  83.3944
117  10  82.9896
117  11  82.6815
117  12  82.4486
117  13  82.2729
117  14  82.1406
117  15  82.041
117  16  81.9662
117  17  81.9102
117  18  81.8685
117  19  81.8378
117  20  81.8155
117  21  81.7997
117  22  81.7891
117  23  81.7823
117  24  81.7787
117  25  81.7775
118  1  89.0748
118  2  88.845
118  3  88.2418
118  4  87.3495
118  5  86.3246
118  6  85.3199
118  7  84.4333
118  8  83.7023
118  9  83.1244
118  10  82.6787
118  11  82.3395
118  12  82.083
118  13  81.8895
118  14  81.7438
118  15  81.6342
118  16  81.5518
118  17  81.4901
118  18  81.4442
118  19  81.4103
118  20  81.3858
118  21  81.3685
118  22  81.3567
118  23  81.3493
118  24  81.3453
118  25  81.344
119  1  89.3618
119  2  89.1102
119  3  88.4497
119  4  87.4729
119  5  86.3508
119  6  85.2509
119  7  84.2802
119  8  83.48
119  9  82.8475
119  10  82.3596
119  11  81.9882
119  12  81.7074
119  13  81.4956
119  14  81.3362
119  15  81.2161
119  16  81.1259
119  17  81.0584
119  18  81.0082
119  19  80.9711
119  20  80.9443
119  21  80.9253
119  22  80.9124
119  23  80.9043
119  24  80.9
119  25  80.8985
120  1  89.6372
120  2  89.3647
120  3  88.6496
120  4  87.5918
120  5  86.3768
120  6  85.1858
120  7  84.1348
120  8  83.2684
120  9  82.5835
120  10  82.0553
120  11  81.6532
120  12  81.3492
120  13  81.1199
120  14  80.9473
120  15  80.8173
120  16  80.7197
120  17  80.6466
120  18  80.5921
120  19  80.5521
120  20  80.523
120  21  80.5024
120  22  80.4885
120  23  80.4797
120  24  80.475
120  25  80.4734
121  1  89.9329
121  2  89.6381
121  3  88.8643
121  4  87.7198
121  5  86.4053
121  6  85.1167
121  7  83.9797
121  8  83.0423
121  9  82.3014
121  10  81.7299
121  11  81.2949
121  12  80.966
121  13  80.718
121  14  80.5312
121  15  80.3907
121  16  80.285
121  17  80.2059
121  18  80.1471
121  19  80.1037
121  20  80.0722
121  21  80.05
121  22  80.035
121  23  80.0255
121  24  80.0203
121  25  80.0186
122  1  90.2366
122  2  89.919
122  3  89.0853
122  4  87.8523
122  5  86.4361
122  6  85.0479
122  7  83.823
122  8  82.8132
122  9  82.015
122  10  81.3994
122  11  80.9308
122  12  80.5765
122  13  80.3093
122  14  80.1081
122  15  79.9567
122  16  79.8429
122  17  79.7577
122  18  79.6943
122  19  79.6476
122  20  79.6137
122  21  79.5898
122  22  79.5735
122  23  79.5633
122  24  79.5578
122  25  79.5559
123  1  90.5543
123  2  90.2128
123  3  89.3166
123  4  87.991
123  5  86.4685
123  6  84.9762
123  7  83.6594
123  8  82.5739
123  9  81.7159
123  10  81.0542
123  11  80.5505
123  12  80.1696
123  13  79.8824
123  14  79.6661
123  15  79.5033
123  16  79.381
123  17  79.2895
123  18  79.2213
123  19  79.1711
123  20  79.1347
123  21  79.1089
123  22  79.0915
123  23  79.0805
123  24  79.0745
123  25  79.0725
124  1  90.8811
124  2  90.5151
124  3  89.5547
124  4  88.1341
124  5  86.5026
124  6  84.9034
124  7  83.4924
124  8  82.3292
124  9  81.4098
124  10  80.7006
124  11  80.1609
124  12  79.7528
124  13  79.4451
124  14  79.2133
124  15  79.0389
124  16  78.9078
124  17  78.8097
124  18  78.7367
124  19  78.6828
124  20  78.6438
124  21  78.6163
124  22  78.5976
124  23  78.5858
124  24  78.5794
124  25  78.5772
125  1  91.2403
125  2  90.8475
125  3  89.8166
125  4  88.2919
125  5  86.5407
125  6  84.8243
125  7  83.3099
125  8  82.0615
125  9  81.0747
125  10  80.3136
125  11  79.7344
125  12  79.2964
125  13  78.9661
125  14  78.7174
125  15  78.5302
125  16  78.3895
125  17  78.2842
125  18  78.2058
125  19  78.1481
125  20  78.1062
125  21  78.0766
125  22  78.0565
125  23  78.0439
125  24  78.037
125  25  78.0347
126  1  91.63
126  2  91.2081
126  3  90.1009
126  4  88.4634
126  5  86.5827
126  6  84.7395
126  7  83.1131
126  8  81.7724
126  9  80.7127
126  10  79.8954
126  11  79.2734
126  12  78.8031
126  13  78.4484
126  14  78.1813
126  15  77.9803
126  16  77.8292
126  17  77.7161
126  18  77.6319
126  19  77.5699
126  20  77.525
126  21  77.4932
126  22  77.4716
126  23  77.4581
126  24  77.4507
126  25  77.4482
127  1  92.0443
127  2  91.5916
127  3  90.4034
127  4  88.6463
127  5  86.6281
127  6  84.6502
127  7  82.905
127  8  81.4664
127  9  80.3293
127  10  79.4524
127  11  78.7849
127  12  78.2802
127  13  77.8997
127  14  77.613
127  15  77.3973
127  16  77.2353
127  17  77.1139
127  18  77.0236
127  19  76.9571
127  20  76.9088
127  21  76.8747
127  22  76.8516
127  23  76.837
127  24  76.8291
127  25  76.8265
128  1  92.5563
128  2  92.0655
128  3  90.7775
128  4  88.8727
128  5  86.685
128  6  84.5409
128  7  82.6491
128  8  81.0898
128  9  79.8572
128  10  78.9066
128  11  78.1831
128  12  77.6361
128  13  77.2236
128  14  76.9129
128  15  76.6791
128  16  76.5034
128  17  76.3719
128  18  76.274
128  19  76.2018
128  20  76.1496
128  21  76.1126
128  22  76.0876
128  23  76.0718
128  24  76.0632
128  25  76.0603
129  1  93.2494
129  2  92.7073
129  3  91.2843
129  4  89.18
129  5  86.7631
129  6  84.3945
129  7  82.3046
129  8  80.582
129  9  79.2204
129  10  78.1703
129  11  77.3711
129  12  76.7668
129  13  76.3112
129  14  75.968
129  15  75.7097
129  16  75.5156
129  17  75.3703
129  18  75.2622
129  19  75.1825
129  20  75.1247
129  21  75.0839
129  22  75.0562
129  23  75.0388
129  24  75.0293
129  25  75.0261
130  1  97.3818
130  2  96.5339
130  3  94.3086
130  4  91.0178
130  5  87.2386
130  6  83.5348
130  7  80.2671
130  8  77.5736
130  9  75.4448
130  10  73.803
130  11  72.5534
130  12  71.6086
130  13  70.8963
130  14  70.3597
130  15  69.9559
130  16  69.6525
130  17  69.4254
130  18  69.2563
130  19  69.1317
130  20  69.0414
130  21  68.9776
130  22  68.9343
130  23  68.9071
130  24  68.8923
130  25  68.8873
