1 1 44.762781390900074
1 2 44.762781390900074
1 3 44.762781390900074
1 4 44.762781390900074
1 5 44.762781390900074
1 6 44.762781390900074
1 7 44.762781390900074
1 8 44.762781390900074
1 9 44.762781390900074
1 10 44.762781390900074
1 11 44.762781390900074
1 12 44.762781390900074
1 13 44.762781390900074
1 14 44.762781390900074
1 15 44.762781390900074
1 16 44.762781390900074
1 17 44.762781390900074
1 18 44.762781390900074
1 19 44.762781390900074
1 20 44.762781390900074
1 21 44.762781390900074
1 22 44.762781390900074
1 23 44.762781390900074
1 24 44.762781390900074
1 25 44.762781390900074
2 1 48.077077475679125
2 2 48.077077475679125
2 3 48.077077475679125
2 4 48.077077475679125
2 5 48.077077475679125
2 6 48.077077475679125
2 7 48.077077475679125
2 8 48.077077475679125
2 9 48.077077475679125
2 10 48.077077475679125
2 11 48.077077475679125
2 12 48.077077475679125
2 13 48.077077475679125
2 14 48.077077475679125
2 15 48.077077475679125
2 16 48.077077475679125
2 17 48.077077475679125
2 18 48.077077475679125
2 19 48.077077475679125
2 20 48.077077475679125
2 21 48.077077475679125
2 22 48.077077475679125
2 23 48.077077475679125
2 24 48.077077475679125
2 25 48.077077475679125
3 1 50.324633033705396
3 2 50.324633033705396
3 3 50.324633033705396
3 4 50.324633033705396
3 5 50.324633033705396
3 6 50.324633033705396
3 7 50.324633033705396
3 8 50.324633033705396
3 9 50.324633033705396
3 10 50.324633033705396
3 11 50.324633033705396
3 12 50.324633033705396
3 13 50.324633033705396
3 14 50.324633033705396
3 15 50.324633033705396
3 16 50.324633033705396
3 17 50.324633033705396
3 18 50.324633033705396
3 19 50.324633033705396
3 20 50.324633033705396
3 21 50.324633033705396
3 22 50.324633033705396
3 23 50.324633033705396
3 24 50.324633033705396
3 25 50.324633033705396
4 1 51.60014086829462
4 2 51.60014086829462
4 3 51.60014086829462
4 4 51.60014086829462
4 5 51.60014086829462
4 6 51.60014086829462
4 7 51.60014086829462
4 8 51.60014086829462
4 9 51.60014086829462
4 10 51.60014086829462
4 11 51.60014086829462
4 12 51.60014086829462
4 13 51.60014086829462
4 14 51.60014086829462
4 15 51.60014086829462
4 16 51.60014086829462
4 17 51.60014086829462
4 18 51.60014086829462
4 19 51.60014086829462
4 20 51.60014086829462
4 21 51.60014086829462
4 22 51.60014086829462
4 23 51.60014086829462
4 24 51.60014086829462
4 25 51.60014086829462
5 1 52.847324802054125
5 2 52.847324802054125
5 3 52.847324802054125
5 4 52.847324802054125
5 5 52.847324802054125
5 6 52.847324802054125
5 7 52.847324802054125
5 8 52.847324802054125
5 9 52.847324802054125
5 10 52.847324802054125
5 11 52.847324802054125
5 12 52.847324802054125
5 13 52.847324802054125
5 14 52.847324802054125
5 15 52.847324802054125
5 16 52.847324802054125
5 17 52.847324802054125
5 18 52.847324802054125
5 19 52.847324802054125
5 20 52.847324802054125
5 21 52.847324802054125
5 22 52.847324802054125
5 23 52.847324802054125
5 24 52.847324802054125
5 25 52.847324802054125
6 1 53.983207348454044
6 2 53.983207348454044
6 3 53.983207348454044
6 4 53.983207348454044
6 5 53.983207348454044
6 6 53.983207348454044
6 7 53.983207348454044
6 8 53.983207348454044
6 9 53.983207348454044
6 10 53.983207348454044
6 11 53.983207348454044
6 12 53.983207348454044
6 13 53.983207348454044
6 14 53.983207348454044
6 15 53.983207348454044
6 16 53.983207348454044
6 17 53.983207348454044
6 18 53.983207348454044
6 19 53.983207348454044
6 20 53.983207348454044
6 21 53.983207348454044
6 22 53.983207348454044
6 23 53.983207348454044
6 24 53.983207348454044
6 25 53.983207348454044
7 1 54.90516670751753
7 2 54.90516670751753
7 3 54.90516670751753
7 4 54.90516670751753
7 5 54.90516670751753
7 6 54.90516670751753
7 7 54.90516670751753
7 8 54.90516670751753
7 9 54.90516670751753
7 10 54.90516670751753
7 11 54.90516670751753
7 12 54.90516670751753
7 13 54.90516670751753
7 14 54.90516670751753
7 15 54.90516670751753
7 16 54.90516670751753
7 17 54.90516670751753
7 18 54.90516670751753
7 19 54.90516670751753
7 20 54.90516670751753
7 21 54.90516670751753
7 22 54.90516670751753
7 23 54.90516670751753
7 24 54.90516670751753
7 25 54.90516670751753
8 1 55.70087364690424
8 2 55.70087364690424
8 3 55.70087364690424
8 4 55.70087364690424
8 5 55.70087364690424
8 6 55.70087364690424
8 7 55.70087364690424
8 8 55.70087364690424
8 9 55.70087364690424
8 10 55.70087364690424
8 11 55.70087364690424
8 12 55.70087364690424
8 13 55.70087364690424
8 14 55.70087364690424
8 15 55.70087364690424
8 16 55.70087364690424
8 17 55.70087364690424
8 18 55.70087364690424
8 19 55.70087364690424
8 20 55.70087364690424
8 21 55.70087364690424
8 22 55.70087364690424
8 23 55.70087364690424
8 24 55.70087364690424
8 25 55.70087364690424
9 1 56.22212190151607
9 2 56.22212190151607
9 3 56.22212190151607
9 4 56.22212190151607
9 5 56.22212190151607
9 6 56.22212190151607
9 7 56.22212190151607
9 8 56.22212190151607
9 9 56.22212190151607
9 10 56.22212190151607
9 11 56.22212190151607
9 12 56.22212190151607
9 13 56.22212190151607
9 14 56.22212190151607
9 15 56.22212190151607
9 16 56.22212190151607
9 17 56.22212190151607
9 18 56.22212190151607
9 19 56.22212190151607
9 20 56.22212190151607
9 21 56.22212190151607
9 22 56.22212190151607
9 23 56.22212190151607
9 24 56.22212190151607
9 25 56.22212190151607
10 1 56.53376547939282
10 2 56.53376547939282
10 3 56.53376547939282
10 4 56.53376547939282
10 5 56.53376547939282
10 6 56.53376547939282
10 7 56.53376547939282
10 8 56.53376547939282
10 9 56.53376547939282
10 10 56.53376547939282
10 11 56.53376547939282
10 12 56.53376547939282
10 13 56.53376547939282
10 14 56.53376547939282
10 15 56.53376547939282
10 16 56.53376547939282
10 17 56.53376547939282
10 18 56.53376547939282
10 19 56.53376547939282
10 20 56.53376547939282
10 21 56.53376547939282
10 22 56.53376547939282
10 23 56.53376547939282
10 24 56.53376547939282
10 25 56.53376547939282
11 1 56.71929959716087
11 2 56.71929959716087
11 3 56.71929959716087
11 4 56.71929959716087
11 5 56.71929959716087
11 6 56.71929959716087
11 7 56.71929959716087
11 8 56.71929959716087
11 9 56.71929959716087
11 10 56.71929959716087
11 11 56.71929959716087
11 12 56.71929959716087
11 13 56.71929959716087
11 14 56.71929959716087
11 15 56.71929959716087
11 16 56.71929959716087
11 17 56.71929959716087
11 18 56.71929959716087
11 19 56.71929959716087
11 20 56.71929959716087
11 21 56.71929959716087
11 22 56.71929959716087
11 23 56.71929959716087
11 24 56.71929959716087
11 25 56.71929959716087
12 1 56.85452321587311
12 2 56.85452321587311
12 3 56.85452321587311
12 4 56.85452321587311
12 5 56.85452321587311
12 6 56.85452321587311
12 7 56.85452321587311
12 8 56.85452321587311
12 9 56.85452321587311
12 10 56.85452321587311
12 11 56.85452321587311
12 12 56.85452321587311
12 13 56.85452321587311
12 14 56.85452321587311
12 15 56.85452321587311
12 16 56.85452321587311
12 17 56.85452321587311
12 18 56.85452321587311
12 19 56.85452321587311
12 20 56.85452321587311
12 21 56.85452321587311
12 22 56.85452321587311
12 23 56.85452321587311
12 24 56.85452321587311
12 25 56.85452321587311
13 1 56.94749361474165
13 2 56.94749361474165
13 3 56.94749361474165
13 4 56.94749361474165
13 5 56.94749361474165
13 6 56.94749361474165
13 7 56.94749361474165
13 8 56.94749361474165
13 9 56.94749361474165
13 10 56.94749361474165
13 11 56.94749361474165
13 12 56.94749361474165
13 13 56.94749361474165
13 14 56.94749361474165
13 15 56.94749361474165
13 16 56.94749361474165
13 17 56.94749361474165
13 18 56.94749361474165
13 19 56.94749361474165
13 20 56.94749361474165
13 21 56.94749361474165
13 22 56.94749361474165
13 23 56.94749361474165
13 24 56.94749361474165
13 25 56.94749361474165
14 1 57.02093055991519
14 2 57.02093055991519
14 3 57.02093055991519
14 4 57.02093055991519
14 5 57.02093055991519
14 6 57.02093055991519
14 7 57.02093055991519
14 8 57.02093055991519
14 9 57.02093055991519
14 10 57.02093055991519
14 11 57.02093055991519
14 12 57.02093055991519
14 13 57.02093055991519
14 14 57.02093055991519
14 15 57.02093055991519
14 16 57.02093055991519
14 17 57.02093055991519
14 18 57.02093055991519
14 19 57.02093055991519
14 20 57.02093055991519
14 21 57.02093055991519
14 22 57.02093055991519
14 23 57.02093055991519
14 24 57.02093055991519
14 25 57.02093055991519
15 1 57.08064299955722
15 2 57.08064299955722
15 3 57.08064299955722
15 4 57.08064299955722
15 5 57.08064299955722
15 6 57.08064299955722
15 7 57.08064299955722
15 8 57.08064299955722
15 9 57.08064299955722
15 10 57.08064299955722
15 11 57.08064299955722
15 12 57.08064299955722
15 13 57.08064299955722
15 14 57.08064299955722
15 15 57.08064299955722
15 16 57.08064299955722
15 17 57.08064299955722
15 18 57.08064299955722
15 19 57.08064299955722
15 20 57.08064299955722
15 21 57.08064299955722
15 22 57.08064299955722
15 23 57.08064299955722
15 24 57.08064299955722
15 25 57.08064299955722
16 1 57.13140594253558
16 2 57.13140594253558
16 3 57.13140594253558
16 4 57.13140594253558
16 5 57.13140594253558
16 6 57.13140594253558
16 7 57.13140594253558
16 8 57.13140594253558
16 9 57.13140594253558
16 10 57.13140594253558
16 11 57.13140594253558
16 12 57.13140594253558
16 13 57.13140594253558
16 14 57.13140594253558
16 15 57.13140594253558
16 16 57.13140594253558
16 17 57.13140594253558
16 18 57.13140594253558
16 19 57.13140594253558
16 20 57.13140594253558
16 21 57.13140594253558
16 22 57.13140594253558
16 23 57.13140594253558
16 24 57.13140594253558
16 25 57.13140594253558
17 1 57.170949923434385
17 2 57.170949923434385
17 3 57.170949923434385
17 4 57.170949923434385
17 5 57.170949923434385
17 6 57.170949923434385
17 7 57.170949923434385
17 8 57.170949923434385
17 9 57.170949923434385
17 10 57.170949923434385
17 11 57.170949923434385
17 12 57.170949923434385
17 13 57.170949923434385
17 14 57.170949923434385
17 15 57.170949923434385
17 16 57.170949923434385
17 17 57.170949923434385
17 18 57.170949923434385
17 19 57.170949923434385
17 20 57.170949923434385
17 21 57.170949923434385
17 22 57.170949923434385
17 23 57.170949923434385
17 24 57.170949923434385
17 25 57.170949923434385
18 1 57.20780711270873
18 2 57.20780711270873
18 3 57.20780711270873
18 4 57.20780711270873
18 5 57.20780711270873
18 6 57.20780711270873
18 7 57.20780711270873
18 8 57.20780711270873
18 9 57.20780711270873
18 10 57.20780711270873
18 11 57.20780711270873
18 12 57.20780711270873
18 13 57.20780711270873
18 14 57.20780711270873
18 15 57.20780711270873
18 16 57.20780711270873
18 17 57.20780711270873
18 18 57.20780711270873
18 19 57.20780711270873
18 20 57.20780711270873
18 21 57.20780711270873
18 22 57.20780711270873
18 23 57.20780711270873
18 24 57.20780711270873
18 25 57.20780711270873
19 1 57.23848522693769
19 2 57.23848522693769
19 3 57.23848522693769
19 4 57.23848522693769
19 5 57.23848522693769
19 6 57.23848522693769
19 7 57.23848522693769
19 8 57.23848522693769
19 9 57.23848522693769
19 10 57.23848522693769
19 11 57.23848522693769
19 12 57.23848522693769
19 13 57.23848522693769
19 14 57.23848522693769
19 15 57.23848522693769
19 16 57.23848522693769
19 17 57.23848522693769
19 18 57.23848522693769
19 19 57.23848522693769
19 20 57.23848522693769
19 21 57.23848522693769
19 22 57.23848522693769
19 23 57.23848522693769
19 24 57.23848522693769
19 25 57.23848522693769
20 1 57.263217440993344
20 2 57.263217440993344
20 3 57.263217440993344
20 4 57.263217440993344
20 5 57.263217440993344
20 6 57.263217440993344
20 7 57.263217440993344
20 8 57.263217440993344
20 9 57.263217440993344
20 10 57.263217440993344
20 11 57.263217440993344
20 12 57.263217440993344
20 13 57.263217440993344
20 14 57.263217440993344
20 15 57.263217440993344
20 16 57.263217440993344
20 17 57.263217440993344
20 18 57.263217440993344
20 19 57.263217440993344
20 20 57.263217440993344
20 21 57.263217440993344
20 22 57.263217440993344
20 23 57.263217440993344
20 24 57.263217440993344
20 25 57.263217440993344
21 1 57.28613652537316
21 2 57.28613652537316
21 3 57.28613652537316
21 4 57.28613652537316
21 5 57.28613652537316
21 6 57.28613652537316
21 7 57.28613652537316
21 8 57.28613652537316
21 9 57.28613652537316
21 10 57.28613652537316
21 11 57.28613652537316
21 12 57.28613652537316
21 13 57.28613652537316
21 14 57.28613652537316
21 15 57.28613652537316
21 16 57.28613652537316
21 17 57.28613652537316
21 18 57.28613652537316
21 19 57.28613652537316
21 20 57.28613652537316
21 21 57.28613652537316
21 22 57.28613652537316
21 23 57.28613652537316
21 24 57.28613652537316
21 25 57.28613652537316
22 1 57.30627167717083
22 2 57.30627167717083
22 3 57.30627167717083
22 4 57.30627167717083
22 5 57.30627167717083
22 6 57.30627167717083
22 7 57.30627167717083
22 8 57.30627167717083
22 9 57.30627167717083
22 10 57.30627167717083
22 11 57.30627167717083
22 12 57.30627167717083
22 13 57.30627167717083
22 14 57.30627167717083
22 15 57.30627167717083
22 16 57.30627167717083
22 17 57.30627167717083
22 18 57.30627167717083
22 19 57.30627167717083
22 20 57.30627167717083
22 21 57.30627167717083
22 22 57.30627167717083
22 23 57.30627167717083
22 24 57.30627167717083
22 25 57.30627167717083
23 1 57.325839301561125
23 2 57.325839301561125
23 3 57.325839301561125
23 4 57.325839301561125
23 5 57.325839301561125
23 6 57.325839301561125
23 7 57.325839301561125
23 8 57.325839301561125
23 9 57.325839301561125
23 10 57.325839301561125
23 11 57.325839301561125
23 12 57.325839301561125
23 13 57.325839301561125
23 14 57.325839301561125
23 15 57.325839301561125
23 16 57.325839301561125
23 17 57.325839301561125
23 18 57.325839301561125
23 19 57.325839301561125
23 20 57.325839301561125
23 21 57.325839301561125
23 22 57.325839301561125
23 23 57.325839301561125
23 24 57.325839301561125
23 25 57.325839301561125
24 1 57.344161544757135
24 2 57.344161544757135
24 3 57.344161544757135
24 4 57.344161544757135
24 5 57.344161544757135
24 6 57.344161544757135
24 7 57.344161544757135
24 8 57.344161544757135
24 9 57.344161544757135
24 10 57.344161544757135
24 11 57.344161544757135
24 12 57.344161544757135
24 13 57.344161544757135
24 14 57.344161544757135
24 15 57.344161544757135
24 16 57.344161544757135
24 17 57.344161544757135
24 18 57.344161544757135
24 19 57.344161544757135
24 20 57.344161544757135
24 21 57.344161544757135
24 22 57.344161544757135
24 23 57.344161544757135
24 24 57.344161544757135
24 25 57.344161544757135
25 1 57.360859222548676
25 2 57.360859222548676
25 3 57.360859222548676
25 4 57.360859222548676
25 5 57.360859222548676
25 6 57.360859222548676
25 7 57.360859222548676
25 8 57.360859222548676
25 9 57.360859222548676
25 10 57.360859222548676
25 11 57.360859222548676
25 12 57.360859222548676
25 13 57.360859222548676
25 14 57.360859222548676
25 15 57.360859222548676
25 16 57.360859222548676
25 17 57.360859222548676
25 18 57.360859222548676
25 19 57.360859222548676
25 20 57.360859222548676
25 21 57.360859222548676
25 22 57.360859222548676
25 23 57.360859222548676
25 24 57.360859222548676
25 25 57.360859222548676
26 1 57.3768478457339
26 2 57.3768478457339
26 3 57.3768478457339
26 4 57.3768478457339
26 5 57.3768478457339
26 6 57.3768478457339
26 7 57.3768478457339
26 8 57.3768478457339
26 9 57.3768478457339
26 10 57.3768478457339
26 11 57.3768478457339
26 12 57.3768478457339
26 13 57.3768478457339
26 14 57.3768478457339
26 15 57.3768478457339
26 16 57.3768478457339
26 17 57.3768478457339
26 18 57.3768478457339
26 19 57.3768478457339
26 20 57.3768478457339
26 21 57.3768478457339
26 22 57.3768478457339
26 23 57.3768478457339
26 24 57.3768478457339
26 25 57.3768478457339
27 1 57.391960536569975
27 2 57.391960536569975
27 3 57.391960536569975
27 4 57.391960536569975
27 5 57.391960536569975
27 6 57.391960536569975
27 7 57.391960536569975
27 8 57.391960536569975
27 9 57.391960536569975
27 10 57.391960536569975
27 11 57.391960536569975
27 12 57.391960536569975
27 13 57.391960536569975
27 14 57.391960536569975
27 15 57.391960536569975
27 16 57.391960536569975
27 17 57.391960536569975
27 18 57.391960536569975
27 19 57.391960536569975
27 20 57.391960536569975
27 21 57.391960536569975
27 22 57.391960536569975
27 23 57.391960536569975
27 24 57.391960536569975
27 25 57.391960536569975
28 1 57.40714736152948
28 2 57.40714736152948
28 3 57.40714736152948
28 4 57.40714736152948
28 5 57.40714736152948
28 6 57.40714736152948
28 7 57.40714736152948
28 8 57.40714736152948
28 9 57.40714736152948
28 10 57.40714736152948
28 11 57.40714736152948
28 12 57.40714736152948
28 13 57.40714736152948
28 14 57.40714736152948
28 15 57.40714736152948
28 16 57.40714736152948
28 17 57.40714736152948
28 18 57.40714736152948
28 19 57.40714736152948
28 20 57.40714736152948
28 21 57.40714736152948
28 22 57.40714736152948
28 23 57.40714736152948
28 24 57.40714736152948
28 25 57.40714736152948
29 1 57.421391453699506
29 2 57.421391453699506
29 3 57.421391453699506
29 4 57.421391453699506
29 5 57.421391453699506
29 6 57.421391453699506
29 7 57.421391453699506
29 8 57.421391453699506
29 9 57.421391453699506
29 10 57.421391453699506
29 11 57.421391453699506
29 12 57.421391453699506
29 13 57.421391453699506
29 14 57.421391453699506
29 15 57.421391453699506
29 16 57.421391453699506
29 17 57.421391453699506
29 18 57.421391453699506
29 19 57.421391453699506
29 20 57.421391453699506
29 21 57.421391453699506
29 22 57.421391453699506
29 23 57.421391453699506
29 24 57.421391453699506
29 25 57.421391453699506
30 1 57.43415585039481
30 2 57.43415585039481
30 3 57.43415585039481
30 4 57.43415585039481
30 5 57.43415585039481
30 6 57.43415585039481
30 7 57.43415585039481
30 8 57.43415585039481
30 9 57.43415585039481
30 10 57.43415585039481
30 11 57.43415585039481
30 12 57.43415585039481
30 13 57.43415585039481
30 14 57.43415585039481
30 15 57.43415585039481
30 16 57.43415585039481
30 17 57.43415585039481
30 18 57.43415585039481
30 19 57.43415585039481
30 20 57.43415585039481
30 21 57.43415585039481
30 22 57.43415585039481
30 23 57.43415585039481
30 24 57.43415585039481
30 25 57.43415585039481
31 1 57.44676829175013
31 2 57.44676829175013
31 3 57.44676829175013
31 4 57.44676829175013
31 5 57.44676829175013
31 6 57.44676829175013
31 7 57.44676829175013
31 8 57.44676829175013
31 9 57.44676829175013
31 10 57.44676829175013
31 11 57.44676829175013
31 12 57.44676829175013
31 13 57.44676829175013
31 14 57.44676829175013
31 15 57.44676829175013
31 16 57.44676829175013
31 17 57.44676829175013
31 18 57.44676829175013
31 19 57.44676829175013
31 20 57.44676829175013
31 21 57.44676829175013
31 22 57.44676829175013
31 23 57.44676829175013
31 24 57.44676829175013
31 25 57.44676829175013
32 1 57.4591265602142
32 2 57.4591265602142
32 3 57.4591265602142
32 4 57.4591265602142
32 5 57.4591265602142
32 6 57.4591265602142
32 7 57.4591265602142
32 8 57.4591265602142
32 9 57.4591265602142
32 10 57.4591265602142
32 11 57.4591265602142
32 12 57.4591265602142
32 13 57.4591265602142
32 14 57.4591265602142
32 15 57.4591265602142
32 16 57.4591265602142
32 17 57.4591265602142
32 18 57.4591265602142
32 19 57.4591265602142
32 20 57.4591265602142
32 21 57.4591265602142
32 22 57.4591265602142
32 23 57.4591265602142
32 24 57.4591265602142
32 25 57.4591265602142
33 1 57.47084349323781
33 2 57.47084349323781
33 3 57.47084349323781
33 4 57.47084349323781
33 5 57.47084349323781
33 6 57.47084349323781
33 7 57.47084349323781
33 8 57.47084349323781
33 9 57.47084349323781
33 10 57.47084349323781
33 11 57.47084349323781
33 12 57.47084349323781
33 13 57.47084349323781
33 14 57.47084349323781
33 15 57.47084349323781
33 16 57.47084349323781
33 17 57.47084349323781
33 18 57.47084349323781
33 19 57.47084349323781
33 20 57.47084349323781
33 21 57.47084349323781
33 22 57.47084349323781
33 23 57.47084349323781
33 24 57.47084349323781
33 25 57.47084349323781
34 1 57.48276726270207
34 2 57.48276726270207
34 3 57.48276726270207
34 4 57.48276726270207
34 5 57.48276726270207
34 6 57.48276726270207
34 7 57.48276726270207
34 8 57.48276726270207
34 9 57.48276726270207
34 10 57.48276726270207
34 11 57.48276726270207
34 12 57.48276726270207
34 13 57.48276726270207
34 14 57.48276726270207
34 15 57.48276726270207
34 16 57.48276726270207
34 17 57.48276726270207
34 18 57.48276726270207
34 19 57.48276726270207
34 20 57.48276726270207
34 21 57.48276726270207
34 22 57.48276726270207
34 23 57.48276726270207
34 24 57.48276726270207
34 25 57.48276726270207
35 1 57.49500452519607
35 2 57.49500452519607
35 3 57.49500452519607
35 4 57.49500452519607
35 5 57.49500452519607
35 6 57.49500452519607
35 7 57.49500452519607
35 8 57.49500452519607
35 9 57.49500452519607
35 10 57.49500452519607
35 11 57.49500452519607
35 12 57.49500452519607
35 13 57.49500452519607
35 14 57.49500452519607
35 15 57.49500452519607
35 16 57.49500452519607
35 17 57.49500452519607
35 18 57.49500452519607
35 19 57.49500452519607
35 20 57.49500452519607
35 21 57.49500452519607
35 22 57.49500452519607
35 23 57.49500452519607
35 24 57.49500452519607
35 25 57.49500452519607
36 1 57.505783244833125
36 2 57.505783244833125
36 3 57.505783244833125
36 4 57.505783244833125
36 5 57.505783244833125
36 6 57.505783244833125
36 7 57.505783244833125
36 8 57.505783244833125
36 9 57.505783244833125
36 10 57.505783244833125
36 11 57.505783244833125
36 12 57.505783244833125
36 13 57.505783244833125
36 14 57.505783244833125
36 15 57.505783244833125
36 16 57.505783244833125
36 17 57.505783244833125
36 18 57.505783244833125
36 19 57.505783244833125
36 20 57.505783244833125
36 21 57.505783244833125
36 22 57.505783244833125
36 23 57.505783244833125
36 24 57.505783244833125
36 25 57.505783244833125
37 1 57.517938759746805
37 2 57.517938759746805
37 3 57.517938759746805
37 4 57.517938759746805
37 5 57.517938759746805
37 6 57.517938759746805
37 7 57.517938759746805
37 8 57.517938759746805
37 9 57.517938759746805
37 10 57.517938759746805
37 11 57.517938759746805
37 12 57.517938759746805
37 13 57.517938759746805
37 14 57.517938759746805
37 15 57.517938759746805
37 16 57.517938759746805
37 17 57.517938759746805
37 18 57.517938759746805
37 19 57.517938759746805
37 20 57.517938759746805
37 21 57.517938759746805
37 22 57.517938759746805
37 23 57.517938759746805
37 24 57.517938759746805
37 25 57.517938759746805
38 1 57.5299501226615
38 2 57.5299501226615
38 3 57.5299501226615
38 4 57.5299501226615
38 5 57.5299501226615
38 6 57.5299501226615
38 7 57.5299501226615
38 8 57.5299501226615
38 9 57.5299501226615
38 10 57.5299501226615
38 11 57.5299501226615
38 12 57.5299501226615
38 13 57.5299501226615
38 14 57.5299501226615
38 15 57.5299501226615
38 16 57.5299501226615
38 17 57.5299501226615
38 18 57.5299501226615
38 19 57.5299501226615
38 20 57.5299501226615
38 21 57.5299501226615
38 22 57.5299501226615
38 23 57.5299501226615
38 24 57.5299501226615
38 25 57.5299501226615
39 1 57.54150410271006
39 2 57.54150410271006
39 3 57.54150410271006
39 4 57.54150410271006
39 5 57.54150410271006
39 6 57.54150410271006
39 7 57.54150410271006
39 8 57.54150410271006
39 9 57.54150410271006
39 10 57.54150410271006
39 11 57.54150410271006
39 12 57.54150410271006
39 13 57.54150410271006
39 14 57.54150410271006
39 15 57.54150410271006
39 16 57.54150410271006
39 17 57.54150410271006
39 18 57.54150410271006
39 19 57.54150410271006
39 20 57.54150410271006
39 21 57.54150410271006
39 22 57.54150410271006
39 23 57.54150410271006
39 24 57.54150410271006
39 25 57.54150410271006
40 1 57.55414666534461
40 2 57.55414666534461
40 3 57.55414666534461
40 4 57.55414666534461
40 5 57.55414666534461
40 6 57.55414666534461
40 7 57.55414666534461
40 8 57.55414666534461
40 9 57.55414666534461
40 10 57.55414666534461
40 11 57.55414666534461
40 12 57.55414666534461
40 13 57.55414666534461
40 14 57.55414666534461
40 15 57.55414666534461
40 16 57.55414666534461
40 17 57.55414666534461
40 18 57.55414666534461
40 19 57.55414666534461
40 20 57.55414666534461
40 21 57.55414666534461
40 22 57.55414666534461
40 23 57.55414666534461
40 24 57.55414666534461
40 25 57.55414666534461
41 1 57.56701971518409
41 2 57.56701971518409
41 3 57.56701971518409
41 4 57.56701971518409
41 5 57.56701971518409
41 6 57.56701971518409
41 7 57.56701971518409
41 8 57.56701971518409
41 9 57.56701971518409
41 10 57.56701971518409
41 11 57.56701971518409
41 12 57.56701971518409
41 13 57.56701971518409
41 14 57.56701971518409
41 15 57.56701971518409
41 16 57.56701971518409
41 17 57.56701971518409
41 18 57.56701971518409
41 19 57.56701971518409
41 20 57.56701971518409
41 21 57.56701971518409
41 22 57.56701971518409
41 23 57.56701971518409
41 24 57.56701971518409
41 25 57.56701971518409
42 1 57.57998948157541
42 2 57.57998948157541
42 3 57.57998948157541
42 4 57.57998948157541
42 5 57.57998948157541
42 6 57.57998948157541
42 7 57.57998948157541
42 8 57.57998948157541
42 9 57.57998948157541
42 10 57.57998948157541
42 11 57.57998948157541
42 12 57.57998948157541
42 13 57.57998948157541
42 14 57.57998948157541
42 15 57.57998948157541
42 16 57.57998948157541
42 17 57.57998948157541
42 18 57.57998948157541
42 19 57.57998948157541
42 20 57.57998948157541
42 21 57.57998948157541
42 22 57.57998948157541
42 23 57.57998948157541
42 24 57.57998948157541
42 25 57.57998948157541
43 1 57.594102027041856
43 2 57.594102027041856
43 3 57.594102027041856
43 4 57.594102027041856
43 5 57.594102027041856
43 6 57.594102027041856
43 7 57.594102027041856
43 8 57.594102027041856
43 9 57.594102027041856
43 10 57.594102027041856
43 11 57.594102027041856
43 12 57.594102027041856
43 13 57.594102027041856
43 14 57.594102027041856
43 15 57.594102027041856
43 16 57.594102027041856
43 17 57.594102027041856
43 18 57.594102027041856
43 19 57.594102027041856
43 20 57.594102027041856
43 21 57.594102027041856
43 22 57.594102027041856
43 23 57.594102027041856
43 24 57.594102027041856
43 25 57.594102027041856
44 1 57.60827158816746
44 2 57.60827158816746
44 3 57.60827158816746
44 4 57.60827158816746
44 5 57.60827158816746
44 6 57.60827158816746
44 7 57.60827158816746
44 8 57.60827158816746
44 9 57.60827158816746
44 10 57.60827158816746
44 11 57.60827158816746
44 12 57.60827158816746
44 13 57.60827158816746
44 14 57.60827158816746
44 15 57.60827158816746
44 16 57.60827158816746
44 17 57.60827158816746
44 18 57.60827158816746
44 19 57.60827158816746
44 20 57.60827158816746
44 21 57.60827158816746
44 22 57.60827158816746
44 23 57.60827158816746
44 24 57.60827158816746
44 25 57.60827158816746
45 1 57.6229222042419
45 2 57.6229222042419
45 3 57.6229222042419
45 4 57.6229222042419
45 5 57.6229222042419
45 6 57.6229222042419
45 7 57.6229222042419
45 8 57.6229222042419
45 9 57.6229222042419
45 10 57.6229222042419
45 11 57.6229222042419
45 12 57.6229222042419
45 13 57.6229222042419
45 14 57.6229222042419
45 15 57.6229222042419
45 16 57.6229222042419
45 17 57.6229222042419
45 18 57.6229222042419
45 19 57.6229222042419
45 20 57.6229222042419
45 21 57.6229222042419
45 22 57.6229222042419
45 23 57.6229222042419
45 24 57.6229222042419
45 25 57.6229222042419
46 1 57.63895210827147
46 2 57.63895210827147
46 3 57.63895210827147
46 4 57.63895210827147
46 5 57.63895210827147
46 6 57.63895210827147
46 7 57.63895210827147
46 8 57.63895210827147
46 9 57.63895210827147
46 10 57.63895210827147
46 11 57.63895210827147
46 12 57.63895210827147
46 13 57.63895210827147
46 14 57.63895210827147
46 15 57.63895210827147
46 16 57.63895210827147
46 17 57.63895210827147
46 18 57.63895210827147
46 19 57.63895210827147
46 20 57.63895210827147
46 21 57.63895210827147
46 22 57.63895210827147
46 23 57.63895210827147
46 24 57.63895210827147
46 25 57.63895210827147
47 1 57.65605244954165
47 2 57.65605244954165
47 3 57.65605244954165
47 4 57.65605244954165
47 5 57.65605244954165
47 6 57.65605244954165
47 7 57.65605244954165
47 8 57.65605244954165
47 9 57.65605244954165
47 10 57.65605244954165
47 11 57.65605244954165
47 12 57.65605244954165
47 13 57.65605244954165
47 14 57.65605244954165
47 15 57.65605244954165
47 16 57.65605244954165
47 17 57.65605244954165
47 18 57.65605244954165
47 19 57.65605244954165
47 20 57.65605244954165
47 21 57.65605244954165
47 22 57.65605244954165
47 23 57.65605244954165
47 24 57.65605244954165
47 25 57.65605244954165
48 1 57.67405275736755
48 2 57.67405275736755
48 3 57.67405275736755
48 4 57.67405275736755
48 5 57.67405275736755
48 6 57.67405275736755
48 7 57.67405275736755
48 8 57.67405275736755
48 9 57.67405275736755
48 10 57.67405275736755
48 11 57.67405275736755
48 12 57.67405275736755
48 13 57.67405275736755
48 14 57.67405275736755
48 15 57.67405275736755
48 16 57.67405275736755
48 17 57.67405275736755
48 18 57.67405275736755
48 19 57.67405275736755
48 20 57.67405275736755
48 21 57.67405275736755
48 22 57.67405275736755
48 23 57.67405275736755
48 24 57.67405275736755
48 25 57.67405275736755
49 1 57.69487788488281
49 2 57.69487788488281
49 3 57.69487788488281
49 4 57.69487788488281
49 5 57.69487788488281
49 6 57.69487788488281
49 7 57.69487788488281
49 8 57.69487788488281
49 9 57.69487788488281
49 10 57.69487788488281
49 11 57.69487788488281
49 12 57.69487788488281
49 13 57.69487788488281
49 14 57.69487788488281
49 15 57.69487788488281
49 16 57.69487788488281
49 17 57.69487788488281
49 18 57.69487788488281
49 19 57.69487788488281
49 20 57.69487788488281
49 21 57.69487788488281
49 22 57.69487788488281
49 23 57.69487788488281
49 24 57.69487788488281
49 25 57.69487788488281
50 1 57.71553759226786
50 2 57.71553759226786
50 3 57.71553759226786
50 4 57.71553759226786
50 5 57.71553759226786
50 6 57.71553759226786
50 7 57.71553759226786
50 8 57.71553759226786
50 9 57.71553759226786
50 10 57.71553759226786
50 11 57.71553759226786
50 12 57.71553759226786
50 13 57.71553759226786
50 14 57.71553759226786
50 15 57.71553759226786
50 16 57.71553759226786
50 17 57.71553759226786
50 18 57.71553759226786
50 19 57.71553759226786
50 20 57.71553759226786
50 21 57.71553759226786
50 22 57.71553759226786
50 23 57.71553759226786
50 24 57.71553759226786
50 25 57.71553759226786
51 1 57.73950404581316
51 2 57.73950404581316
51 3 57.73950404581316
51 4 57.73950404581316
51 5 57.73950404581316
51 6 57.73950404581316
51 7 57.73950404581316
51 8 57.73950404581316
51 9 57.73950404581316
51 10 57.73950404581316
51 11 57.73950404581316
51 12 57.73950404581316
51 13 57.73950404581316
51 14 57.73950404581316
51 15 57.73950404581316
51 16 57.73950404581316
51 17 57.73950404581316
51 18 57.73950404581316
51 19 57.73950404581316
51 20 57.73950404581316
51 21 57.73950404581316
51 22 57.73950404581316
51 23 57.73950404581316
51 24 57.73950404581316
51 25 57.73950404581316
52 1 57.76404358296518
52 2 57.76404358296518
52 3 57.76404358296518
52 4 57.76404358296518
52 5 57.76404358296518
52 6 57.76404358296518
52 7 57.76404358296518
52 8 57.76404358296518
52 9 57.76404358296518
52 10 57.76404358296518
52 11 57.76404358296518
52 12 57.76404358296518
52 13 57.76404358296518
52 14 57.76404358296518
52 15 57.76404358296518
52 16 57.76404358296518
52 17 57.76404358296518
52 18 57.76404358296518
52 19 57.76404358296518
52 20 57.76404358296518
52 21 57.76404358296518
52 22 57.76404358296518
52 23 57.76404358296518
52 24 57.76404358296518
52 25 57.76404358296518
53 1 57.79281756785196
53 2 57.79281756785196
53 3 57.79281756785196
53 4 57.79281756785196
53 5 57.79281756785196
53 6 57.79281756785196
53 7 57.79281756785196
53 8 57.79281756785196
53 9 57.79281756785196
53 10 57.79281756785196
53 11 57.79281756785196
53 12 57.79281756785196
53 13 57.79281756785196
53 14 57.79281756785196
53 15 57.79281756785196
53 16 57.79281756785196
53 17 57.79281756785196
53 18 57.79281756785196
53 19 57.79281756785196
53 20 57.79281756785196
53 21 57.79281756785196
53 22 57.79281756785196
53 23 57.79281756785196
53 24 57.79281756785196
53 25 57.79281756785196
54 1 57.829067946783454
54 2 57.829067946783454
54 3 57.829067946783454
54 4 57.829067946783454
54 5 57.829067946783454
54 6 57.829067946783454
54 7 57.829067946783454
54 8 57.829067946783454
54 9 57.829067946783454
54 10 57.829067946783454
54 11 57.829067946783454
54 12 57.829067946783454
54 13 57.829067946783454
54 14 57.829067946783454
54 15 57.829067946783454
54 16 57.829067946783454
54 17 57.829067946783454
54 18 57.829067946783454
54 19 57.829067946783454
54 20 57.829067946783454
54 21 57.829067946783454
54 22 57.829067946783454
54 23 57.829067946783454
54 24 57.829067946783454
54 25 57.829067946783454
55 1 57.86918523636608
55 2 57.86918523636608
55 3 57.86918523636608
55 4 57.86918523636608
55 5 57.86918523636608
55 6 57.86918523636608
55 7 57.86918523636608
55 8 57.86918523636608
55 9 57.86918523636608
55 10 57.86918523636608
55 11 57.86918523636608
55 12 57.86918523636608
55 13 57.86918523636608
55 14 57.86918523636608
55 15 57.86918523636608
55 16 57.86918523636608
55 17 57.86918523636608
55 18 57.86918523636608
55 19 57.86918523636608
55 20 57.86918523636608
55 21 57.86918523636608
55 22 57.86918523636608
55 23 57.86918523636608
55 24 57.86918523636608
55 25 57.86918523636608
56 1 57.91572288580728
56 2 57.91572288580728
56 3 57.91572288580728
56 4 57.91572288580728
56 5 57.91572288580728
56 6 57.91572288580728
56 7 57.91572288580728
56 8 57.91572288580728
56 9 57.91572288580728
56 10 57.91572288580728
56 11 57.91572288580728
56 12 57.91572288580728
56 13 57.91572288580728
56 14 57.91572288580728
56 15 57.91572288580728
56 16 57.91572288580728
56 17 57.91572288580728
56 18 57.91572288580728
56 19 57.91572288580728
56 20 57.91572288580728
56 21 57.91572288580728
56 22 57.91572288580728
56 23 57.91572288580728
56 24 57.91572288580728
56 25 57.91572288580728
57 1 57.97693049468839
57 2 57.97693049468839
57 3 57.97693049468839
57 4 57.97693049468839
57 5 57.97693049468839
57 6 57.97693049468839
57 7 57.97693049468839
57 8 57.97693049468839
57 9 57.97693049468839
57 10 57.97693049468839
57 11 57.97693049468839
57 12 57.97693049468839
57 13 57.97693049468839
57 14 57.97693049468839
57 15 57.97693049468839
57 16 57.97693049468839
57 17 57.97693049468839
57 18 57.97693049468839
57 19 57.97693049468839
57 20 57.97693049468839
57 21 57.97693049468839
57 22 57.97693049468839
57 23 57.97693049468839
57 24 57.97693049468839
57 25 57.97693049468839
58 1 58.051586216440654
58 2 58.051586216440654
58 3 58.051586216440654
58 4 58.051586216440654
58 5 58.051586216440654
58 6 58.051586216440654
58 7 58.051586216440654
58 8 58.051586216440654
58 9 58.051586216440654
58 10 58.051586216440654
58 11 58.051586216440654
58 12 58.051586216440654
58 13 58.051586216440654
58 14 58.051586216440654
58 15 58.051586216440654
58 16 58.051586216440654
58 17 58.051586216440654
58 18 58.051586216440654
58 19 58.051586216440654
58 20 58.051586216440654
58 21 58.051586216440654
58 22 58.051586216440654
58 23 58.051586216440654
58 24 58.051586216440654
58 25 58.051586216440654
59 1 58.1431767429946
59 2 58.1431767429946
59 3 58.1431767429946
59 4 58.1431767429946
59 5 58.1431767429946
59 6 58.1431767429946
59 7 58.1431767429946
59 8 58.1431767429946
59 9 58.1431767429946
59 10 58.1431767429946
59 11 58.1431767429946
59 12 58.1431767429946
59 13 58.1431767429946
59 14 58.1431767429946
59 15 58.1431767429946
59 16 58.1431767429946
59 17 58.1431767429946
59 18 58.1431767429946
59 19 58.1431767429946
59 20 58.1431767429946
59 21 58.1431767429946
59 22 58.1431767429946
59 23 58.1431767429946
59 24 58.1431767429946
59 25 58.1431767429946
60 1 58.26984770495996
60 2 58.26984770495996
60 3 58.26984770495996
60 4 58.26984770495996
60 5 58.26984770495996
60 6 58.26984770495996
60 7 58.26984770495996
60 8 58.26984770495996
60 9 58.26984770495996
60 10 58.26984770495996
60 11 58.26984770495996
60 12 58.26984770495996
60 13 58.26984770495996
60 14 58.26984770495996
60 15 58.26984770495996
60 16 58.26984770495996
60 17 58.26984770495996
60 18 58.26984770495996
60 19 58.26984770495996
60 20 58.26984770495996
60 21 58.26984770495996
60 22 58.26984770495996
60 23 58.26984770495996
60 24 58.26984770495996
60 25 58.26984770495996
61 1 58.45138662610465
61 2 58.45138662610465
61 3 58.45138662610465
61 4 58.45138662610465
61 5 58.45138662610465
61 6 58.45138662610465
61 7 58.45138662610465
61 8 58.45138662610465
61 9 58.45138662610465
61 10 58.45138662610465
61 11 58.45138662610465
61 12 58.45138662610465
61 13 58.45138662610465
61 14 58.45138662610465
61 15 58.45138662610465
61 16 58.45138662610465
61 17 58.45138662610465
61 18 58.45138662610465
61 19 58.45138662610465
61 20 58.45138662610465
61 21 58.45138662610465
61 22 58.45138662610465
61 23 58.45138662610465
61 24 58.45138662610465
61 25 58.45138662610465
62 1 58.74809231369495
62 2 58.74809231369495
62 3 58.74809231369495
62 4 58.74809231369495
62 5 58.74809231369495
62 6 58.74809231369495
62 7 58.74809231369495
62 8 58.74809231369495
62 9 58.74809231369495
62 10 58.74809231369495
62 11 58.74809231369495
62 12 58.74809231369495
62 13 58.74809231369495
62 14 58.74809231369495
62 15 58.74809231369495
62 16 58.74809231369495
62 17 58.74809231369495
62 18 58.74809231369495
62 19 58.74809231369495
62 20 58.74809231369495
62 21 58.74809231369495
62 22 58.74809231369495
62 23 58.74809231369495
62 24 58.74809231369495
62 25 58.74809231369495
63 1 59.24037028743422
63 2 59.24037028743422
63 3 59.24037028743422
63 4 59.24037028743422
63 5 59.24037028743422
63 6 59.24037028743422
63 7 59.24037028743422
63 8 59.24037028743422
63 9 59.24037028743422
63 10 59.24037028743422
63 11 59.24037028743422
63 12 59.24037028743422
63 13 59.24037028743422
63 14 59.24037028743422
63 15 59.24037028743422
63 16 59.24037028743422
63 17 59.24037028743422
63 18 59.24037028743422
63 19 59.24037028743422
63 20 59.24037028743422
63 21 59.24037028743422
63 22 59.24037028743422
63 23 59.24037028743422
63 24 59.24037028743422
63 25 59.24037028743422
64 1 60.105200608447035
64 2 60.105200608447035
64 3 60.105200608447035
64 4 60.105200608447035
64 5 60.105200608447035
64 6 60.105200608447035
64 7 60.105200608447035
64 8 60.105200608447035
64 9 60.105200608447035
64 10 60.105200608447035
64 11 60.105200608447035
64 12 60.105200608447035
64 13 60.105200608447035
64 14 60.105200608447035
64 15 60.105200608447035
64 16 60.105200608447035
64 17 60.105200608447035
64 18 60.105200608447035
64 19 60.105200608447035
64 20 60.105200608447035
64 21 60.105200608447035
64 22 60.105200608447035
64 23 60.105200608447035
64 24 60.105200608447035
64 25 60.105200608447035
65 1 61.351124706623665
65 2 61.351124706623665
65 3 61.351124706623665
65 4 61.351124706623665
65 5 61.351124706623665
65 6 61.351124706623665
65 7 61.351124706623665
65 8 61.351124706623665
65 9 61.351124706623665
65 10 61.351124706623665
65 11 61.351124706623665
65 12 61.351124706623665
65 13 61.351124706623665
65 14 61.351124706623665
65 15 61.351124706623665
65 16 61.351124706623665
65 17 61.351124706623665
65 18 61.351124706623665
65 19 61.351124706623665
65 20 61.351124706623665
65 21 61.351124706623665
65 22 61.351124706623665
65 23 61.351124706623665
65 24 61.351124706623665
65 25 61.351124706623665
66 1 62.83423503030257
66 2 62.83423503030257
66 3 62.83423503030257
66 4 62.83423503030257
66 5 62.83423503030257
66 6 62.83423503030257
66 7 62.83423503030257
66 8 62.83423503030257
66 9 62.83423503030257
66 10 62.83423503030257
66 11 62.83423503030257
66 12 62.83423503030257
66 13 62.83423503030257
66 14 62.83423503030257
66 15 62.83423503030257
66 16 62.83423503030257
66 17 62.83423503030257
66 18 62.83423503030257
66 19 62.83423503030257
66 20 62.83423503030257
66 21 62.83423503030257
66 22 62.83423503030257
66 23 62.83423503030257
66 24 62.83423503030257
66 25 62.83423503030257
67 1 64.43688456233258
67 2 64.43688456233258
67 3 64.43688456233258
67 4 64.43688456233258
67 5 64.43688456233258
67 6 64.43688456233258
67 7 64.43688456233258
67 8 64.43688456233258
67 9 64.43688456233258
67 10 64.43688456233258
67 11 64.43688456233258
67 12 64.43688456233258
67 13 64.43688456233258
67 14 64.43688456233258
67 15 64.43688456233258
67 16 64.43688456233258
67 17 64.43688456233258
67 18 64.43688456233258
67 19 64.43688456233258
67 20 64.43688456233258
67 21 64.43688456233258
67 22 64.43688456233258
67 23 64.43688456233258
67 24 64.43688456233258
67 25 64.43688456233258
68 1 66.02327479261103
68 2 66.02327479261103
68 3 66.02327479261103
68 4 66.02327479261103
68 5 66.02327479261103
68 6 66.02327479261103
68 7 66.02327479261103
68 8 66.02327479261103
68 9 66.02327479261103
68 10 66.02327479261103
68 11 66.02327479261103
68 12 66.02327479261103
68 13 66.02327479261103
68 14 66.02327479261103
68 15 66.02327479261103
68 16 66.02327479261103
68 17 66.02327479261103
68 18 66.02327479261103
68 19 66.02327479261103
68 20 66.02327479261103
68 21 66.02327479261103
68 22 66.02327479261103
68 23 66.02327479261103
68 24 66.02327479261103
68 25 66.02327479261103
69 1 67.74334484344477
69 2 67.74334484344477
69 3 67.74334484344477
69 4 67.74334484344477
69 5 67.74334484344477
69 6 67.74334484344477
69 7 67.74334484344477
69 8 67.74334484344477
69 9 67.74334484344477
69 10 67.74334484344477
69 11 67.74334484344477
69 12 67.74334484344477
69 13 67.74334484344477
69 14 67.74334484344477
69 15 67.74334484344477
69 16 67.74334484344477
69 17 67.74334484344477
69 18 67.74334484344477
69 19 67.74334484344477
69 20 67.74334484344477
69 21 67.74334484344477
69 22 67.74334484344477
69 23 67.74334484344477
69 24 67.74334484344477
69 25 67.74334484344477
70 1 69.25681554752735
70 2 69.25681554752735
70 3 69.25681554752735
70 4 69.25681554752735
70 5 69.25681554752735
70 6 69.25681554752735
70 7 69.25681554752735
70 8 69.25681554752735
70 9 69.25681554752735
70 10 69.25681554752735
70 11 69.25681554752735
70 12 69.25681554752735
70 13 69.25681554752735
70 14 69.25681554752735
70 15 69.25681554752735
70 16 69.25681554752735
70 17 69.25681554752735
70 18 69.25681554752735
70 19 69.25681554752735
70 20 69.25681554752735
70 21 69.25681554752735
70 22 69.25681554752735
70 23 69.25681554752735
70 24 69.25681554752735
70 25 69.25681554752735
71 1 70.8319125026345
71 2 70.8319125026345
71 3 70.8319125026345
71 4 70.8319125026345
71 5 70.8319125026345
71 6 70.8319125026345
71 7 70.8319125026345
71 8 70.8319125026345
71 9 70.8319125026345
71 10 70.8319125026345
71 11 70.8319125026345
71 12 70.8319125026345
71 13 70.8319125026345
71 14 70.8319125026345
71 15 70.8319125026345
71 16 70.8319125026345
71 17 70.8319125026345
71 18 70.8319125026345
71 19 70.8319125026345
71 20 70.8319125026345
71 21 70.8319125026345
71 22 70.8319125026345
71 23 70.8319125026345
71 24 70.8319125026345
71 25 70.8319125026345
72 1 72.39775782744744
72 2 72.39775782744744
72 3 72.39775782744744
72 4 72.39775782744744
72 5 72.39775782744744
72 6 72.39775782744744
72 7 72.39775782744744
72 8 72.39775782744744
72 9 72.39775782744744
72 10 72.39775782744744
72 11 72.39775782744744
72 12 72.39775782744744
72 13 72.39775782744744
72 14 72.39775782744744
72 15 72.39775782744744
72 16 72.39775782744744
72 17 72.39775782744744
72 18 72.39775782744744
72 19 72.39775782744744
72 20 72.39775782744744
72 21 72.39775782744744
72 22 72.39775782744744
72 23 72.39775782744744
72 24 72.39775782744744
72 25 72.39775782744744
73 1 73.89234744276516
73 2 73.89234744276516
73 3 73.89234744276516
73 4 73.89234744276516
73 5 73.89234744276516
73 6 73.89234744276516
73 7 73.89234744276516
73 8 73.89234744276516
73 9 73.89234744276516
73 10 73.89234744276516
73 11 73.89234744276516
73 12 73.89234744276516
73 13 73.89234744276516
73 14 73.89234744276516
73 15 73.89234744276516
73 16 73.89234744276516
73 17 73.89234744276516
73 18 73.89234744276516
73 19 73.89234744276516
73 20 73.89234744276516
73 21 73.89234744276516
73 22 73.89234744276516
73 23 73.89234744276516
73 24 73.89234744276516
73 25 73.89234744276516
74 1 75.44592771098043
74 2 75.44592771098043
74 3 75.44592771098043
74 4 75.44592771098043
74 5 75.44592771098043
74 6 75.44592771098043
74 7 75.44592771098043
74 8 75.44592771098043
74 9 75.44592771098043
74 10 75.44592771098043
74 11 75.44592771098043
74 12 75.44592771098043
74 13 75.44592771098043
74 14 75.44592771098043
74 15 75.44592771098043
74 16 75.44592771098043
74 17 75.44592771098043
74 18 75.44592771098043
74 19 75.44592771098043
74 20 75.44592771098043
74 21 75.44592771098043
74 22 75.44592771098043
74 23 75.44592771098043
74 24 75.44592771098043
74 25 75.44592771098043
75 1 76.83463634711144
75 2 76.83463634711144
75 3 76.83463634711144
75 4 76.83463634711144
75 5 76.83463634711144
75 6 76.83463634711144
75 7 76.83463634711144
75 8 76.83463634711144
75 9 76.83463634711144
75 10 76.83463634711144
75 11 76.83463634711144
75 12 76.83463634711144
75 13 76.83463634711144
75 14 76.83463634711144
75 15 76.83463634711144
75 16 76.83463634711144
75 17 76.83463634711144
75 18 76.83463634711144
75 19 76.83463634711144
75 20 76.83463634711144
75 21 76.83463634711144
75 22 76.83463634711144
75 23 76.83463634711144
75 24 76.83463634711144
75 25 76.83463634711144
76 1 78.19340611343543
76 2 78.19340611343543
76 3 78.19340611343543
76 4 78.19340611343543
76 5 78.19340611343543
76 6 78.19340611343543
76 7 78.19340611343543
76 8 78.19340611343543
76 9 78.19340611343543
76 10 78.19340611343543
76 11 78.19340611343543
76 12 78.19340611343543
76 13 78.19340611343543
76 14 78.19340611343543
76 15 78.19340611343543
76 16 78.19340611343543
76 17 78.19340611343543
76 18 78.19340611343543
76 19 78.19340611343543
76 20 78.19340611343543
76 21 78.19340611343543
76 22 78.19340611343543
76 23 78.19340611343543
76 24 78.19340611343543
76 25 78.19340611343543
77 1 79.50177657731432
77 2 79.50177657731432
77 3 79.50177657731432
77 4 79.50177657731432
77 5 79.50177657731432
77 6 79.50177657731432
77 7 79.50177657731432
77 8 79.50177657731432
77 9 79.50177657731432
77 10 79.50177657731432
77 11 79.50177657731432
77 12 79.50177657731432
77 13 79.50177657731432
77 14 79.50177657731432
77 15 79.50177657731432
77 16 79.50177657731432
77 17 79.50177657731432
77 18 79.50177657731432
77 19 79.50177657731432
77 20 79.50177657731432
77 21 79.50177657731432
77 22 79.50177657731432
77 23 79.50177657731432
77 24 79.50177657731432
77 25 79.50177657731432
78 1 80.71690875991048
78 2 80.71690875991048
78 3 80.71690875991048
78 4 80.71690875991048
78 5 80.71690875991048
78 6 80.71690875991048
78 7 80.71690875991048
78 8 80.71690875991048
78 9 80.71690875991048
78 10 80.71690875991048
78 11 80.71690875991048
78 12 80.71690875991048
78 13 80.71690875991048
78 14 80.71690875991048
78 15 80.71690875991048
78 16 80.71690875991048
78 17 80.71690875991048
78 18 80.71690875991048
78 19 80.71690875991048
78 20 80.71690875991048
78 21 80.71690875991048
78 22 80.71690875991048
78 23 80.71690875991048
78 24 80.71690875991048
78 25 80.71690875991048
79 1 81.92730846925718
79 2 81.92730846925718
79 3 81.92730846925718
79 4 81.92730846925718
79 5 81.92730846925718
79 6 81.92730846925718
79 7 81.92730846925718
79 8 81.92730846925718
79 9 81.92730846925718
79 10 81.92730846925718
79 11 81.92730846925718
79 12 81.92730846925718
79 13 81.92730846925718
79 14 81.92730846925718
79 15 81.92730846925718
79 16 81.92730846925718
79 17 81.92730846925718
79 18 81.92730846925718
79 19 81.92730846925718
79 20 81.92730846925718
79 21 81.92730846925718
79 22 81.92730846925718
79 23 81.92730846925718
79 24 81.92730846925718
79 25 81.92730846925718
80 1 83.1468815073891
80 2 83.1468815073891
80 3 83.1468815073891
80 4 83.1468815073891
80 5 83.1468815073891
80 6 83.1468815073891
80 7 83.1468815073891
80 8 83.1468815073891
80 9 83.1468815073891
80 10 83.1468815073891
80 11 83.1468815073891
80 12 83.1468815073891
80 13 83.1468815073891
80 14 83.1468815073891
80 15 83.1468815073891
80 16 83.1468815073891
80 17 83.1468815073891
80 18 83.1468815073891
80 19 83.1468815073891
80 20 83.1468815073891
80 21 83.1468815073891
80 22 83.1468815073891
80 23 83.1468815073891
80 24 83.1468815073891
80 25 83.1468815073891
81 1 84.28122236030157
81 2 84.28122236030157
81 3 84.28122236030157
81 4 84.28122236030157
81 5 84.28122236030157
81 6 84.28122236030157
81 7 84.28122236030157
81 8 84.28122236030157
81 9 84.28122236030157
81 10 84.28122236030157
81 11 84.28122236030157
81 12 84.28122236030157
81 13 84.28122236030157
81 14 84.28122236030157
81 15 84.28122236030157
81 16 84.28122236030157
81 17 84.28122236030157
81 18 84.28122236030157
81 19 84.28122236030157
81 20 84.28122236030157
81 21 84.28122236030157
81 22 84.28122236030157
81 23 84.28122236030157
81 24 84.28122236030157
81 25 84.28122236030157
82 1 85.49172901594086
82 2 85.49172901594086
82 3 85.49172901594086
82 4 85.49172901594086
82 5 85.49172901594086
82 6 85.49172901594086
82 7 85.49172901594086
82 8 85.49172901594086
82 9 85.49172901594086
82 10 85.49172901594086
82 11 85.49172901594086
82 12 85.49172901594086
82 13 85.49172901594086
82 14 85.49172901594086
82 15 85.49172901594086
82 16 85.49172901594086
82 17 85.49172901594086
82 18 85.49172901594086
82 19 85.49172901594086
82 20 85.49172901594086
82 21 85.49172901594086
82 22 85.49172901594086
82 23 85.49172901594086
82 24 85.49172901594086
82 25 85.49172901594086
83 1 86.6016426404825
83 2 86.6016426404825
83 3 86.6016426404825
83 4 86.6016426404825
83 5 86.6016426404825
83 6 86.6016426404825
83 7 86.6016426404825
83 8 86.6016426404825
83 9 86.6016426404825
83 10 86.6016426404825
83 11 86.6016426404825
83 12 86.6016426404825
83 13 86.6016426404825
83 14 86.6016426404825
83 15 86.6016426404825
83 16 86.6016426404825
83 17 86.6016426404825
83 18 86.6016426404825
83 19 86.6016426404825
83 20 86.6016426404825
83 21 86.6016426404825
83 22 86.6016426404825
83 23 86.6016426404825
83 24 86.6016426404825
83 25 86.6016426404825
84 1 87.6813139093899
84 2 87.6813139093899
84 3 87.6813139093899
84 4 87.6813139093899
84 5 87.6813139093899
84 6 87.6813139093899
84 7 87.6813139093899
84 8 87.6813139093899
84 9 87.6813139093899
84 10 87.6813139093899
84 11 87.6813139093899
84 12 87.6813139093899
84 13 87.6813139093899
84 14 87.6813139093899
84 15 87.6813139093899
84 16 87.6813139093899
84 17 87.6813139093899
84 18 87.6813139093899
84 19 87.6813139093899
84 20 87.6813139093899
84 21 87.6813139093899
84 22 87.6813139093899
84 23 87.6813139093899
84 24 87.6813139093899
84 25 87.6813139093899
85 1 88.8164971934651
85 2 88.8164971934651
85 3 88.8164971934651
85 4 88.8164971934651
85 5 88.8164971934651
85 6 88.8164971934651
85 7 88.8164971934651
85 8 88.8164971934651
85 9 88.8164971934651
85 10 88.8164971934651
85 11 88.8164971934651
85 12 88.8164971934651
85 13 88.8164971934651
85 14 88.8164971934651
85 15 88.8164971934651
85 16 88.8164971934651
85 17 88.8164971934651
85 18 88.8164971934651
85 19 88.8164971934651
85 20 88.8164971934651
85 21 88.8164971934651
85 22 88.8164971934651
85 23 88.8164971934651
85 24 88.8164971934651
85 25 88.8164971934651
86 1 89.92361414412788
86 2 89.92361414412788
86 3 89.92361414412788
86 4 89.92361414412788
86 5 89.92361414412788
86 6 89.92361414412788
86 7 89.92361414412788
86 8 89.92361414412788
86 9 89.92361414412788
86 10 89.92361414412788
86 11 89.92361414412788
86 12 89.92361414412788
86 13 89.92361414412788
86 14 89.92361414412788
86 15 89.92361414412788
86 16 89.92361414412788
86 17 89.92361414412788
86 18 89.92361414412788
86 19 89.92361414412788
86 20 89.92361414412788
86 21 89.92361414412788
86 22 89.92361414412788
86 23 89.92361414412788
86 24 89.92361414412788
86 25 89.92361414412788
87 1 91.01677261372639
87 2 91.01677261372639
87 3 91.01677261372639
87 4 91.01677261372639
87 5 91.01677261372639
87 6 91.01677261372639
87 7 91.01677261372639
87 8 91.01677261372639
87 9 91.01677261372639
87 10 91.01677261372639
87 11 91.01677261372639
87 12 91.01677261372639
87 13 91.01677261372639
87 14 91.01677261372639
87 15 91.01677261372639
87 16 91.01677261372639
87 17 91.01677261372639
87 18 91.01677261372639
87 19 91.01677261372639
87 20 91.01677261372639
87 21 91.01677261372639
87 22 91.01677261372639
87 23 91.01677261372639
87 24 91.01677261372639
87 25 91.01677261372639
88 1 92.00284982919158
88 2 92.00284982919158
88 3 92.00284982919158
88 4 92.00284982919158
88 5 92.00284982919158
88 6 92.00284982919158
88 7 92.00284982919158
88 8 92.00284982919158
88 9 92.00284982919158
88 10 92.00284982919158
88 11 92.00284982919158
88 12 92.00284982919158
88 13 92.00284982919158
88 14 92.00284982919158
88 15 92.00284982919158
88 16 92.00284982919158
88 17 92.00284982919158
88 18 92.00284982919158
88 19 92.00284982919158
88 20 92.00284982919158
88 21 92.00284982919158
88 22 92.00284982919158
88 23 92.00284982919158
88 24 92.00284982919158
88 25 92.00284982919158
89 1 93.04731327927135
89 2 93.04731327927135
89 3 93.04731327927135
89 4 93.04731327927135
89 5 93.04731327927135
89 6 93.04731327927135
89 7 93.04731327927135
89 8 93.04731327927135
89 9 93.04731327927135
89 10 93.04731327927135
89 11 93.04731327927135
89 12 93.04731327927135
89 13 93.04731327927135
89 14 93.04731327927135
89 15 93.04731327927135
89 16 93.04731327927135
89 17 93.04731327927135
89 18 93.04731327927135
89 19 93.04731327927135
89 20 93.04731327927135
89 21 93.04731327927135
89 22 93.04731327927135
89 23 93.04731327927135
89 24 93.04731327927135
89 25 93.04731327927135
90 1 94.08345060448113
90 2 94.08345060448113
90 3 94.08345060448113
90 4 94.08345060448113
90 5 94.08345060448113
90 6 94.08345060448113
90 7 94.08345060448113
90 8 94.08345060448113
90 9 94.08345060448113
90 10 94.08345060448113
90 11 94.08345060448113
90 12 94.08345060448113
90 13 94.08345060448113
90 14 94.08345060448113
90 15 94.08345060448113
90 16 94.08345060448113
90 17 94.08345060448113
90 18 94.08345060448113
90 19 94.08345060448113
90 20 94.08345060448113
90 21 94.08345060448113
90 22 94.08345060448113
90 23 94.08345060448113
90 24 94.08345060448113
90 25 94.08345060448113
91 1 95.087457366961
91 2 95.087457366961
91 3 95.087457366961
91 4 95.087457366961
91 5 95.087457366961
91 6 95.087457366961
91 7 95.087457366961
91 8 95.087457366961
91 9 95.087457366961
91 10 95.087457366961
91 11 95.087457366961
91 12 95.087457366961
91 13 95.087457366961
91 14 95.087457366961
91 15 95.087457366961
91 16 95.087457366961
91 17 95.087457366961
91 18 95.087457366961
91 19 95.087457366961
91 20 95.087457366961
91 21 95.087457366961
91 22 95.087457366961
91 23 95.087457366961
91 24 95.087457366961
91 25 95.087457366961
92 1 96.06739171480521
92 2 96.06739171480521
92 3 96.06739171480521
92 4 96.06739171480521
92 5 96.06739171480521
92 6 96.06739171480521
92 7 96.06739171480521
92 8 96.06739171480521
92 9 96.06739171480521
92 10 96.06739171480521
92 11 96.06739171480521
92 12 96.06739171480521
92 13 96.06739171480521
92 14 96.06739171480521
92 15 96.06739171480521
92 16 96.06739171480521
92 17 96.06739171480521
92 18 96.06739171480521
92 19 96.06739171480521
92 20 96.06739171480521
92 21 96.06739171480521
92 22 96.06739171480521
92 23 96.06739171480521
92 24 96.06739171480521
92 25 96.06739171480521
93 1 97.05343821044687
93 2 97.05343821044687
93 3 97.05343821044687
93 4 97.05343821044687
93 5 97.05343821044687
93 6 97.05343821044687
93 7 97.05343821044687
93 8 97.05343821044687
93 9 97.05343821044687
93 10 97.05343821044687
93 11 97.05343821044687
93 12 97.05343821044687
93 13 97.05343821044687
93 14 97.05343821044687
93 15 97.05343821044687
93 16 97.05343821044687
93 17 97.05343821044687
93 18 97.05343821044687
93 19 97.05343821044687
93 20 97.05343821044687
93 21 97.05343821044687
93 22 97.05343821044687
93 23 97.05343821044687
93 24 97.05343821044687
93 25 97.05343821044687
94 1 97.96412840045372
94 2 97.96412840045372
94 3 97.96412840045372
94 4 97.96412840045372
94 5 97.96412840045372
94 6 97.96412840045372
94 7 97.96412840045372
94 8 97.96412840045372
94 9 97.96412840045372
94 10 97.96412840045372
94 11 97.96412840045372
94 12 97.96412840045372
94 13 97.96412840045372
94 14 97.96412840045372
94 15 97.96412840045372
94 16 97.96412840045372
94 17 97.96412840045372
94 18 97.96412840045372
94 19 97.96412840045372
94 20 97.96412840045372
94 21 97.96412840045372
94 22 97.96412840045372
94 23 97.96412840045372
94 24 97.96412840045372
94 25 97.96412840045372
95 1 98.91897539357016
95 2 98.91897539357016
95 3 98.91897539357016
95 4 98.91897539357016
95 5 98.91897539357016
95 6 98.91897539357016
95 7 98.91897539357016
95 8 98.91897539357016
95 9 98.91897539357016
95 10 98.91897539357016
95 11 98.91897539357016
95 12 98.91897539357016
95 13 98.91897539357016
95 14 98.91897539357016
95 15 98.91897539357016
95 16 98.91897539357016
95 17 98.91897539357016
95 18 98.91897539357016
95 19 98.91897539357016
95 20 98.91897539357016
95 21 98.91897539357016
95 22 98.91897539357016
95 23 98.91897539357016
95 24 98.91897539357016
95 25 98.91897539357016
96 1 99.88144397589052
96 2 99.88144397589052
96 3 99.88144397589052
96 4 99.88144397589052
96 5 99.88144397589052
96 6 99.88144397589052
96 7 99.88144397589052
96 8 99.88144397589052
96 9 99.88144397589052
96 10 99.88144397589052
96 11 99.88144397589052
96 12 99.88144397589052
96 13 99.88144397589052
96 14 99.88144397589052
96 15 99.88144397589052
96 16 99.88144397589052
96 17 99.88144397589052
96 18 99.88144397589052
96 19 99.88144397589052
96 20 99.88144397589052
96 21 99.88144397589052
96 22 99.88144397589052
96 23 99.88144397589052
96 24 99.88144397589052
96 25 99.88144397589052
97 1 100.89563067356133
97 2 100.89563067356133
97 3 100.89563067356133
97 4 100.89563067356133
97 5 100.89563067356133
97 6 100.89563067356133
97 7 100.89563067356133
97 8 100.89563067356133
97 9 100.89563067356133
97 10 100.89563067356133
97 11 100.89563067356133
97 12 100.89563067356133
97 13 100.89563067356133
97 14 100.89563067356133
97 15 100.89563067356133
97 16 100.89563067356133
97 17 100.89563067356133
97 18 100.89563067356133
97 19 100.89563067356133
97 20 100.89563067356133
97 21 100.89563067356133
97 22 100.89563067356133
97 23 100.89563067356133
97 24 100.89563067356133
97 25 100.89563067356133
98 1 101.79317027263069
98 2 101.79317027263069
98 3 101.79317027263069
98 4 101.79317027263069
98 5 101.79317027263069
98 6 101.79317027263069
98 7 101.79317027263069
98 8 101.79317027263069
98 9 101.79317027263069
98 10 101.79317027263069
98 11 101.79317027263069
98 12 101.79317027263069
98 13 101.79317027263069
98 14 101.79317027263069
98 15 101.79317027263069
98 16 101.79317027263069
98 17 101.79317027263069
98 18 101.79317027263069
98 19 101.79317027263069
98 20 101.79317027263069
98 21 101.79317027263069
98 22 101.79317027263069
98 23 101.79317027263069
98 24 101.79317027263069
98 25 101.79317027263069
99 1 102.79822377834935
99 2 102.79822377834935
99 3 102.79822377834935
99 4 102.79822377834935
99 5 102.79822377834935
99 6 102.79822377834935
99 7 102.79822377834935
99 8 102.79822377834935
99 9 102.79822377834935
99 10 102.79822377834935
99 11 102.79822377834935
99 12 102.79822377834935
99 13 102.79822377834935
99 14 102.79822377834935
99 15 102.79822377834935
99 16 102.79822377834935
99 17 102.79822377834935
99 18 102.79822377834935
99 19 102.79822377834935
99 20 102.79822377834935
99 21 102.79822377834935
99 22 102.79822377834935
99 23 102.79822377834935
99 24 102.79822377834935
99 25 102.79822377834935
100 1 103.80026801272219
100 2 103.80026801272219
100 3 103.80026801272219
100 4 103.80026801272219
100 5 103.80026801272219
100 6 103.80026801272219
100 7 103.80026801272219
100 8 103.80026801272219
100 9 103.80026801272219
100 10 103.80026801272219
100 11 103.80026801272219
100 12 103.80026801272219
100 13 103.80026801272219
100 14 103.80026801272219
100 15 103.80026801272219
100 16 103.80026801272219
100 17 103.80026801272219
100 18 103.80026801272219
100 19 103.80026801272219
100 20 103.80026801272219
100 21 103.80026801272219
100 22 103.80026801272219
100 23 103.80026801272219
100 24 103.80026801272219
100 25 103.80026801272219
101 1 104.80412421885221
101 2 104.80412421885221
101 3 104.80412421885221
101 4 104.80412421885221
101 5 104.80412421885221
101 6 104.80412421885221
101 7 104.80412421885221
101 8 104.80412421885221
101 9 104.80412421885221
101 10 104.80412421885221
101 11 104.80412421885221
101 12 104.80412421885221
101 13 104.80412421885221
101 14 104.80412421885221
101 15 104.80412421885221
101 16 104.80412421885221
101 17 104.80412421885221
101 18 104.80412421885221
101 19 104.80412421885221
101 20 104.80412421885221
101 21 104.80412421885221
101 22 104.80412421885221
101 23 104.80412421885221
101 24 104.80412421885221
101 25 104.80412421885221
102 1 105.89422887449571
102 2 105.89422887449571
102 3 105.89422887449571
102 4 105.89422887449571
102 5 105.89422887449571
102 6 105.89422887449571
102 7 105.89422887449571
102 8 105.89422887449571
102 9 105.89422887449571
102 10 105.89422887449571
102 11 105.89422887449571
102 12 105.89422887449571
102 13 105.89422887449571
102 14 105.89422887449571
102 15 105.89422887449571
102 16 105.89422887449571
102 17 105.89422887449571
102 18 105.89422887449571
102 19 105.89422887449571
102 20 105.89422887449571
102 21 105.89422887449571
102 22 105.89422887449571
102 23 105.89422887449571
102 24 105.89422887449571
102 25 105.89422887449571
103 1 106.9441982355928
103 2 106.9441982355928
103 3 106.9441982355928
103 4 106.9441982355928
103 5 106.9441982355928
103 6 106.9441982355928
103 7 106.9441982355928
103 8 106.9441982355928
103 9 106.9441982355928
103 10 106.9441982355928
103 11 106.9441982355928
103 12 106.9441982355928
103 13 106.9441982355928
103 14 106.9441982355928
103 15 106.9441982355928
103 16 106.9441982355928
103 17 106.9441982355928
103 18 106.9441982355928
103 19 106.9441982355928
103 20 106.9441982355928
103 21 106.9441982355928
103 22 106.9441982355928
103 23 106.9441982355928
103 24 106.9441982355928
103 25 106.9441982355928
104 1 107.95582634727445
104 2 107.95582634727445
104 3 107.95582634727445
104 4 107.95582634727445
104 5 107.95582634727445
104 6 107.95582634727445
104 7 107.95582634727445
104 8 107.95582634727445
104 9 107.95582634727445
104 10 107.95582634727445
104 11 107.95582634727445
104 12 107.95582634727445
104 13 107.95582634727445
104 14 107.95582634727445
104 15 107.95582634727445
104 16 107.95582634727445
104 17 107.95582634727445
104 18 107.95582634727445
104 19 107.95582634727445
104 20 107.95582634727445
104 21 107.95582634727445
104 22 107.95582634727445
104 23 107.95582634727445
104 24 107.95582634727445
104 25 107.95582634727445
105 1 109.03804303749271
105 2 109.03804303749271
105 3 109.03804303749271
105 4 109.03804303749271
105 5 109.03804303749271
105 6 109.03804303749271
105 7 109.03804303749271
105 8 109.03804303749271
105 9 109.03804303749271
105 10 109.03804303749271
105 11 109.03804303749271
105 12 109.03804303749271
105 13 109.03804303749271
105 14 109.03804303749271
105 15 109.03804303749271
105 16 109.03804303749271
105 17 109.03804303749271
105 18 109.03804303749271
105 19 109.03804303749271
105 20 109.03804303749271
105 21 109.03804303749271
105 22 109.03804303749271
105 23 109.03804303749271
105 24 109.03804303749271
105 25 109.03804303749271
106 1 110.11059111062454
106 2 110.11059111062454
106 3 110.11059111062454
106 4 110.11059111062454
106 5 110.11059111062454
106 6 110.11059111062454
106 7 110.11059111062454
106 8 110.11059111062454
106 9 110.11059111062454
106 10 110.11059111062454
106 11 110.11059111062454
106 12 110.11059111062454
106 13 110.11059111062454
106 14 110.11059111062454
106 15 110.11059111062454
106 16 110.11059111062454
106 17 110.11059111062454
106 18 110.11059111062454
106 19 110.11059111062454
106 20 110.11059111062454
106 21 110.11059111062454
106 22 110.11059111062454
106 23 110.11059111062454
106 24 110.11059111062454
106 25 110.11059111062454
107 1 111.25747607037133
107 2 111.25747607037133
107 3 111.25747607037133
107 4 111.25747607037133
107 5 111.25747607037133
107 6 111.25747607037133
107 7 111.25747607037133
107 8 111.25747607037133
107 9 111.25747607037133
107 10 111.25747607037133
107 11 111.25747607037133
107 12 111.25747607037133
107 13 111.25747607037133
107 14 111.25747607037133
107 15 111.25747607037133
107 16 111.25747607037133
107 17 111.25747607037133
107 18 111.25747607037133
107 19 111.25747607037133
107 20 111.25747607037133
107 21 111.25747607037133
107 22 111.25747607037133
107 23 111.25747607037133
107 24 111.25747607037133
107 25 111.25747607037133
108 1 112.42462490653249
108 2 112.42462490653249
108 3 112.42462490653249
108 4 112.42462490653249
108 5 112.42462490653249
108 6 112.42462490653249
108 7 112.42462490653249
108 8 112.42462490653249
108 9 112.42462490653249
108 10 112.42462490653249
108 11 112.42462490653249
108 12 112.42462490653249
108 13 112.42462490653249
108 14 112.42462490653249
108 15 112.42462490653249
108 16 112.42462490653249
108 17 112.42462490653249
108 18 112.42462490653249
108 19 112.42462490653249
108 20 112.42462490653249
108 21 112.42462490653249
108 22 112.42462490653249
108 23 112.42462490653249
108 24 112.42462490653249
108 25 112.42462490653249
109 1 113.63160993094064
109 2 113.63160993094064
109 3 113.63160993094064
109 4 113.63160993094064
109 5 113.63160993094064
109 6 113.63160993094064
109 7 113.63160993094064
109 8 113.63160993094064
109 9 113.63160993094064
109 10 113.63160993094064
109 11 113.63160993094064
109 12 113.63160993094064
109 13 113.63160993094064
109 14 113.63160993094064
109 15 113.63160993094064
109 16 113.63160993094064
109 17 113.63160993094064
109 18 113.63160993094064
109 19 113.63160993094064
109 20 113.63160993094064
109 21 113.63160993094064
109 22 113.63160993094064
109 23 113.63160993094064
109 24 113.63160993094064
109 25 113.63160993094064
110 1 114.79863298255488
110 2 114.79863298255488
110 3 114.79863298255488
110 4 114.79863298255488
110 5 114.79863298255488
110 6 114.79863298255488
110 7 114.79863298255488
110 8 114.79863298255488
110 9 114.79863298255488
110 10 114.79863298255488
110 11 114.79863298255488
110 12 114.79863298255488
110 13 114.79863298255488
110 14 114.79863298255488
110 15 114.79863298255488
110 16 114.79863298255488
110 17 114.79863298255488
110 18 114.79863298255488
110 19 114.79863298255488
110 20 114.79863298255488
110 21 114.79863298255488
110 22 114.79863298255488
110 23 114.79863298255488
110 24 114.79863298255488
110 25 114.79863298255488
111 1 116.0204129772269
111 2 116.0204129772269
111 3 116.0204129772269
111 4 116.0204129772269
111 5 116.0204129772269
111 6 116.0204129772269
111 7 116.0204129772269
111 8 116.0204129772269
111 9 116.0204129772269
111 10 116.0204129772269
111 11 116.0204129772269
111 12 116.0204129772269
111 13 116.0204129772269
111 14 116.0204129772269
111 15 116.0204129772269
111 16 116.0204129772269
111 17 116.0204129772269
111 18 116.0204129772269
111 19 116.0204129772269
111 20 116.0204129772269
111 21 116.0204129772269
111 22 116.0204129772269
111 23 116.0204129772269
111 24 116.0204129772269
111 25 116.0204129772269
112 1 117.34224530343197
112 2 117.34224530343197
112 3 117.34224530343197
112 4 117.34224530343197
112 5 117.34224530343197
112 6 117.34224530343197
112 7 117.34224530343197
112 8 117.34224530343197
112 9 117.34224530343197
112 10 117.34224530343197
112 11 117.34224530343197
112 12 117.34224530343197
112 13 117.34224530343197
112 14 117.34224530343197
112 15 117.34224530343197
112 16 117.34224530343197
112 17 117.34224530343197
112 18 117.34224530343197
112 19 117.34224530343197
112 20 117.34224530343197
112 21 117.34224530343197
112 22 117.34224530343197
112 23 117.34224530343197
112 24 117.34224530343197
112 25 117.34224530343197
113 1 118.53378150294608
113 2 118.53378150294608
113 3 118.53378150294608
113 4 118.53378150294608
113 5 118.53378150294608
113 6 118.53378150294608
113 7 118.53378150294608
113 8 118.53378150294608
113 9 118.53378150294608
113 10 118.53378150294608
113 11 118.53378150294608
113 12 118.53378150294608
113 13 118.53378150294608
113 14 118.53378150294608
113 15 118.53378150294608
113 16 118.53378150294608
113 17 118.53378150294608
113 18 118.53378150294608
113 19 118.53378150294608
113 20 118.53378150294608
113 21 118.53378150294608
113 22 118.53378150294608
113 23 118.53378150294608
113 24 118.53378150294608
113 25 118.53378150294608
114 1 119.8020971281718
114 2 119.8020971281718
114 3 119.8020971281718
114 4 119.8020971281718
114 5 119.8020971281718
114 6 119.8020971281718
114 7 119.8020971281718
114 8 119.8020971281718
114 9 119.8020971281718
114 10 119.8020971281718
114 11 119.8020971281718
114 12 119.8020971281718
114 13 119.8020971281718
114 14 119.8020971281718
114 15 119.8020971281718
114 16 119.8020971281718
114 17 119.8020971281718
114 18 119.8020971281718
114 19 119.8020971281718
114 20 119.8020971281718
114 21 119.8020971281718
114 22 119.8020971281718
114 23 119.8020971281718
114 24 119.8020971281718
114 25 119.8020971281718
115 1 121.13866303585871
115 2 121.13866303585871
115 3 121.13866303585871
115 4 121.13866303585871
115 5 121.13866303585871
115 6 121.13866303585871
115 7 121.13866303585871
115 8 121.13866303585871
115 9 121.13866303585871
115 10 121.13866303585871
115 11 121.13866303585871
115 12 121.13866303585871
115 13 121.13866303585871
115 14 121.13866303585871
115 15 121.13866303585871
115 16 121.13866303585871
115 17 121.13866303585871
115 18 121.13866303585871
115 19 121.13866303585871
115 20 121.13866303585871
115 21 121.13866303585871
115 22 121.13866303585871
115 23 121.13866303585871
115 24 121.13866303585871
115 25 121.13866303585871
116 1 122.54996315454363
116 2 122.54996315454363
116 3 122.54996315454363
116 4 122.54996315454363
116 5 122.54996315454363
116 6 122.54996315454363
116 7 122.54996315454363
116 8 122.54996315454363
116 9 122.54996315454363
116 10 122.54996315454363
116 11 122.54996315454363
116 12 122.54996315454363
116 13 122.54996315454363
116 14 122.54996315454363
116 15 122.54996315454363
116 16 122.54996315454363
116 17 122.54996315454363
116 18 122.54996315454363
116 19 122.54996315454363
116 20 122.54996315454363
116 21 122.54996315454363
116 22 122.54996315454363
116 23 122.54996315454363
116 24 122.54996315454363
116 25 122.54996315454363
117 1 123.81690407884868
117 2 123.81690407884868
117 3 123.81690407884868
117 4 123.81690407884868
117 5 123.81690407884868
117 6 123.81690407884868
117 7 123.81690407884868
117 8 123.81690407884868
117 9 123.81690407884868
117 10 123.81690407884868
117 11 123.81690407884868
117 12 123.81690407884868
117 13 123.81690407884868
117 14 123.81690407884868
117 15 123.81690407884868
117 16 123.81690407884868
117 17 123.81690407884868
117 18 123.81690407884868
117 19 123.81690407884868
117 20 123.81690407884868
117 21 123.81690407884868
117 22 123.81690407884868
117 23 123.81690407884868
117 24 123.81690407884868
117 25 123.81690407884868
118 1 125.18699472680959
118 2 125.18699472680959
118 3 125.18699472680959
118 4 125.18699472680959
118 5 125.18699472680959
118 6 125.18699472680959
118 7 125.18699472680959
118 8 125.18699472680959
118 9 125.18699472680959
118 10 125.18699472680959
118 11 125.18699472680959
118 12 125.18699472680959
118 13 125.18699472680959
118 14 125.18699472680959
118 15 125.18699472680959
118 16 125.18699472680959
118 17 125.18699472680959
118 18 125.18699472680959
118 19 125.18699472680959
118 20 125.18699472680959
118 21 125.18699472680959
118 22 125.18699472680959
118 23 125.18699472680959
118 24 125.18699472680959
118 25 125.18699472680959
119 1 126.60424001163189
119 2 126.60424001163189
119 3 126.60424001163189
119 4 126.60424001163189
119 5 126.60424001163189
119 6 126.60424001163189
119 7 126.60424001163189
119 8 126.60424001163189
119 9 126.60424001163189
119 10 126.60424001163189
119 11 126.60424001163189
119 12 126.60424001163189
119 13 126.60424001163189
119 14 126.60424001163189
119 15 126.60424001163189
119 16 126.60424001163189
119 17 126.60424001163189
119 18 126.60424001163189
119 19 126.60424001163189
119 20 126.60424001163189
119 21 126.60424001163189
119 22 126.60424001163189
119 23 126.60424001163189
119 24 126.60424001163189
119 25 126.60424001163189
120 1 127.96514780858249
120 2 127.96514780858249
120 3 127.96514780858249
120 4 127.96514780858249
120 5 127.96514780858249
120 6 127.96514780858249
120 7 127.96514780858249
120 8 127.96514780858249
120 9 127.96514780858249
120 10 127.96514780858249
120 11 127.96514780858249
120 12 127.96514780858249
120 13 127.96514780858249
120 14 127.96514780858249
120 15 127.96514780858249
120 16 127.96514780858249
120 17 127.96514780858249
120 18 127.96514780858249
120 19 127.96514780858249
120 20 127.96514780858249
120 21 127.96514780858249
120 22 127.96514780858249
120 23 127.96514780858249
120 24 127.96514780858249
120 25 127.96514780858249
121 1 129.4288575322515
121 2 129.4288575322515
121 3 129.4288575322515
121 4 129.4288575322515
121 5 129.4288575322515
121 6 129.4288575322515
121 7 129.4288575322515
121 8 129.4288575322515
121 9 129.4288575322515
121 10 129.4288575322515
121 11 129.4288575322515
121 12 129.4288575322515
121 13 129.4288575322515
121 14 129.4288575322515
121 15 129.4288575322515
121 16 129.4288575322515
121 17 129.4288575322515
121 18 129.4288575322515
121 19 129.4288575322515
121 20 129.4288575322515
121 21 129.4288575322515
121 22 129.4288575322515
121 23 129.4288575322515
121 24 129.4288575322515
121 25 129.4288575322515
122 1 130.93233678792598
122 2 130.93233678792598
122 3 130.93233678792598
122 4 130.93233678792598
122 5 130.93233678792598
122 6 130.93233678792598
122 7 130.93233678792598
122 8 130.93233678792598
122 9 130.93233678792598
122 10 130.93233678792598
122 11 130.93233678792598
122 12 130.93233678792598
122 13 130.93233678792598
122 14 130.93233678792598
122 15 130.93233678792598
122 16 130.93233678792598
122 17 130.93233678792598
122 18 130.93233678792598
122 19 130.93233678792598
122 20 130.93233678792598
122 21 130.93233678792598
122 22 130.93233678792598
122 23 130.93233678792598
122 24 130.93233678792598
122 25 130.93233678792598
123 1 132.51004655285476
123 2 132.51004655285476
123 3 132.51004655285476
123 4 132.51004655285476
123 5 132.51004655285476
123 6 132.51004655285476
123 7 132.51004655285476
123 8 132.51004655285476
123 9 132.51004655285476
123 10 132.51004655285476
123 11 132.51004655285476
123 12 132.51004655285476
123 13 132.51004655285476
123 14 132.51004655285476
123 15 132.51004655285476
123 16 132.51004655285476
123 17 132.51004655285476
123 18 132.51004655285476
123 19 132.51004655285476
123 20 132.51004655285476
123 21 132.51004655285476
123 22 132.51004655285476
123 23 132.51004655285476
123 24 132.51004655285476
123 25 132.51004655285476
124 1 134.1374867343074
124 2 134.1374867343074
124 3 134.1374867343074
124 4 134.1374867343074
124 5 134.1374867343074
124 6 134.1374867343074
124 7 134.1374867343074
124 8 134.1374867343074
124 9 134.1374867343074
124 10 134.1374867343074
124 11 134.1374867343074
124 12 134.1374867343074
124 13 134.1374867343074
124 14 134.1374867343074
124 15 134.1374867343074
124 16 134.1374867343074
124 17 134.1374867343074
124 18 134.1374867343074
124 19 134.1374867343074
124 20 134.1374867343074
124 21 134.1374867343074
124 22 134.1374867343074
124 23 134.1374867343074
124 24 134.1374867343074
124 25 134.1374867343074
125 1 135.9326288069019
125 2 135.9326288069019
125 3 135.9326288069019
125 4 135.9326288069019
125 5 135.9326288069019
125 6 135.9326288069019
125 7 135.9326288069019
125 8 135.9326288069019
125 9 135.9326288069019
125 10 135.9326288069019
125 11 135.9326288069019
125 12 135.9326288069019
125 13 135.9326288069019
125 14 135.9326288069019
125 15 135.9326288069019
125 16 135.9326288069019
125 17 135.9326288069019
125 18 135.9326288069019
125 19 135.9326288069019
125 20 135.9326288069019
125 21 135.9326288069019
125 22 135.9326288069019
125 23 135.9326288069019
125 24 135.9326288069019
125 25 135.9326288069019
126 1 137.88784111028417
126 2 137.88784111028417
126 3 137.88784111028417
126 4 137.88784111028417
126 5 137.88784111028417
126 6 137.88784111028417
126 7 137.88784111028417
126 8 137.88784111028417
126 9 137.88784111028417
126 10 137.88784111028417
126 11 137.88784111028417
126 12 137.88784111028417
126 13 137.88784111028417
126 14 137.88784111028417
126 15 137.88784111028417
126 16 137.88784111028417
126 17 137.88784111028417
126 18 137.88784111028417
126 19 137.88784111028417
126 20 137.88784111028417
126 21 137.88784111028417
126 22 137.88784111028417
126 23 137.88784111028417
126 24 137.88784111028417
126 25 137.88784111028417
127 1 139.97691194048733
127 2 139.97691194048733
127 3 139.97691194048733
127 4 139.97691194048733
127 5 139.97691194048733
127 6 139.97691194048733
127 7 139.97691194048733
127 8 139.97691194048733
127 9 139.97691194048733
127 10 139.97691194048733
127 11 139.97691194048733
127 12 139.97691194048733
127 13 139.97691194048733
127 14 139.97691194048733
127 15 139.97691194048733
127 16 139.97691194048733
127 17 139.97691194048733
127 18 139.97691194048733
127 19 139.97691194048733
127 20 139.97691194048733
127 21 139.97691194048733
127 22 139.97691194048733
127 23 139.97691194048733
127 24 139.97691194048733
127 25 139.97691194048733
128 1 142.57416567450542
128 2 142.57416567450542
128 3 142.57416567450542
128 4 142.57416567450542
128 5 142.57416567450542
128 6 142.57416567450542
128 7 142.57416567450542
128 8 142.57416567450542
128 9 142.57416567450542
128 10 142.57416567450542
128 11 142.57416567450542
128 12 142.57416567450542
128 13 142.57416567450542
128 14 142.57416567450542
128 15 142.57416567450542
128 16 142.57416567450542
128 17 142.57416567450542
128 18 142.57416567450542
128 19 142.57416567450542
128 20 142.57416567450542
128 21 142.57416567450542
128 22 142.57416567450542
128 23 142.57416567450542
128 24 142.57416567450542
128 25 142.57416567450542
129 1 146.1197703152124
129 2 146.1197703152124
129 3 146.1197703152124
129 4 146.1197703152124
129 5 146.1197703152124
129 6 146.1197703152124
129 7 146.1197703152124
129 8 146.1197703152124
129 9 146.1197703152124
129 10 146.1197703152124
129 11 146.1197703152124
129 12 146.1197703152124
129 13 146.1197703152124
129 14 146.1197703152124
129 15 146.1197703152124
129 16 146.1197703152124
129 17 146.1197703152124
129 18 146.1197703152124
129 19 146.1197703152124
129 20 146.1197703152124
129 21 146.1197703152124
129 22 146.1197703152124
129 23 146.1197703152124
129 24 146.1197703152124
129 25 146.1197703152124
130 1 168.06349252095663
130 2 168.06349252095663
130 3 168.06349252095663
130 4 168.06349252095663
130 5 168.06349252095663
130 6 168.06349252095663
130 7 168.06349252095663
130 8 168.06349252095663
130 9 168.06349252095663
130 10 168.06349252095663
130 11 168.06349252095663
130 12 168.06349252095663
130 13 168.06349252095663
130 14 168.06349252095663
130 15 168.06349252095663
130 16 168.06349252095663
130 17 168.06349252095663
130 18 168.06349252095663
130 19 168.06349252095663
130 20 168.06349252095663
130 21 168.06349252095663
130 22 168.06349252095663
130 23 168.06349252095663
130 24 168.06349252095663
130 25 168.06349252095663
