1 1 -45.098548554100006
1 2 -45.11144581704262
1 3 -45.14916464864378
1 4 -45.21804164687119
1 5 -45.325522729363435
1 6 -45.48012320594384
1 7 -45.69121552079013
1 8 -45.968550940805635
1 9 -46.32141243350858
1 10 -46.75731953227207
1 11 -47.28028933514802
1 12 -47.88882259811972
1 13 -48.57401863953153
1 14 -49.31844816350841
1 15 -50.09647466470199
1 16 -50.87645186119439
1 17 -51.6246170223272
1 18 -52.309785753606654
1 19 -52.90754247391454
1 20 -53.402796544143996
1 21 -53.79024378368201
1 22 -54.07303454009885
1 23 -54.2604142976341
1 24 -54.365149227585576
1 25 -54.40130937189804
2 1 -43.406073507306864
2 2 -43.42056183131324
2 3 -43.46301680957968
2 4 -43.54085166574996
2 5 -43.66311357076984
2 6 -43.84070958622044
2 7 -44.086563716032266
2 8 -44.41561656317594
2 9 -44.84453023305392
2 10 -45.390904940360535
2 11 -46.071769147390114
2 12 -46.901113811217996
2 13 -47.88637300827125
2 14 -49.0240882676886
2 15 -50.29556053518359
2 16 -51.663953676208614
2 17 -53.074671503761735
2 18 -54.46034529775136
2 19 -55.750196937100355
2 20 -56.88145565913147
2 21 -57.80920641292146
2 22 -58.511575072458996
2 23 -58.98925406494118
2 24 -59.260648050425864
2 25 -59.35508315905642
3 1 -41.85338109009053
3 2 -41.864146560454074
3 3 -41.895738175181584
3 4 -41.953841235661095
3 5 -42.04559578538522
3 6 -42.179949078912216
3 7 -42.368067204063266
3 8 -42.62379015351233
3 9 -42.96408623969759
3 10 -43.40941068009439
3 11 -43.983788156177226
3 12 -44.714310205302645
3 13 -45.62956872162946
3 14 -46.756380234912776
3 15 -48.11412194828326
3 16 -49.706360940176566
3 17 -51.51056515093519
3 18 -53.46869404063953
3 19 -55.48371162876015
3 20 -57.42756696837506
3 21 -59.16259550524447
3 22 -60.57086879674978
3 23 -61.57971458379951
3 24 -62.172531169173546
3 25 -62.38226329029842
4 1 -40.747782425523
4 2 -40.75211532181178
4 3 -40.76483450759467
4 4 -40.78826514080009
4 5 -40.82537090491825
4 6 -40.87993927399499
4 7 -40.95682050811859
4 8 -41.06223281295418
4 9 -41.204144905328825
4 10 -41.39274050539542
4 11 -41.640950699163625
4 12 -41.96499805678881
4 13 -42.38481120110301
4 14 -42.92401142310549
4 15 -43.60891398089069
4 16 -44.46563059596005
4 17 -45.51404321417669
4 18 -46.75759051597035
4 19 -48.1693606256031
4 20 -49.67880142596738
4 21 -51.168464646079684
4 22 -52.491358687625656
4 23 -53.509745953927734
4 24 -54.13829683314391
4 25 -54.36630218710011
5 1 -39.4486157472683
5 2 -39.44096760156779
5 3 -39.41847436903867
5 4 -39.37697519021266
5 5 -39.311112245436895
5 6 -39.21394616449255
5 7 -39.07643421880276
5 8 -38.88671890056373
5 9 -38.62915483290803
5 10 -38.28297697451018
5 11 -37.82048481367803
5 12 -37.20459435532058
5 13 -36.385617517161876
5 14 -35.29723137244562
5 15 -33.851946832842366
5 16 -31.93729509155084
5 17 -29.416009968476246
5 18 -26.137512382956476
5 19 -21.974161979346988
5 20 -16.90011788486375
5 21 -11.118184483646665
5 22 -5.184387142216446
5 23 0.010757135829107999
5 24 3.5388257904075924
5 25 4.8864607792067325
6 1 -38.020518170464065
6 2 -37.99393794891278
6 3 -37.91578749990881
6 4 -37.77160037770258
6 5 -37.54273377756339
6 6 -37.20501672738982
6 7 -36.72690948414999
6 8 -36.06698288077963
6 9 -35.17045082998755
6 10 -33.96438932045159
6 11 -32.35115335625668
6 12 -30.199381180989818
6 13 -27.33192711689932
6 14 -23.510294533768615
6 15 -18.416151744176965
6 16 -11.63344015774467
6 17 -2.6417061504978903
6 18 9.153715793772916
6 19 24.30343027186676
6 20 43.030311518207114
6 21 64.73066883949427
6 22 87.4111674464753
6 23 107.61854592901726
6 24 121.53219014349128
6 25 126.88795001603644
7 1 -36.64260985726116
7 2 -36.591916097599004
7 3 -36.442972104337656
7 4 -36.16854868820297
7 5 -35.73395409595517
7 6 -35.09487894660929
7 7 -34.19462286099341
7 8 -32.96056475279716
7 9 -31.29975763720682
7 10 -29.093615238660654
7 11 -26.191886538232893
7 12 -22.40662153974054
7 13 -17.50784261718827
7 14 -11.224471969009828
7 15 -3.257036445987082
7 16 6.687364009761477
7 17 18.82410605263874
7 18 33.173184820947284
7 19 49.40235747746042
7 20 66.68296066823423
7 21 83.6652766545437
7 22 98.68691162648938
7 23 110.21292035383338
7 24 117.31044062609026
7 25 119.88205088787043
8 1 -35.260139736825714
8 2 -35.17942248147004
8 3 -34.94261012817449
8 4 -34.50761361619518
8 5 -33.822202303801184
8 6 -32.821965651281836
8 7 -31.428213796181385
8 8 -29.546133442977805
8 9 -27.06379176646361
8 10 -23.852997529413145
8 11 -19.773588934630713
8 12 -14.683333695333994
8 13 -8.456008914912264
8 14 -1.009753656759221
8 15 7.6545213201450295
8 16 17.409947202344085
8 17 27.968498548889013
8 18 38.87310421788928
8 19 49.53533641711788
8 20 59.322450375591295
8 21 67.67281903495804
8 22 74.19936125890862
8 23 78.74307226934432
8 24 81.36351315426565
8 25 82.2819524661794
9 1 -34.24213427315625
9 2 -34.135544283056866
9 3 -33.82333645573528
9 4 -33.25181712642785
9 5 -32.35642905667199
9 6 -31.060927380481814
9 7 -29.27748702114116
9 8 -26.90849802769657
9 9 -23.851082258148892
9 10 -20.005557042244895
9 11 -15.288961890959374
9 12 -9.654017751998662
9 13 -3.1121529328898254
9 14 4.2435559557360145
9 15 12.222791990032778
9 16 20.538620140826527
9 17 28.830899854782587
9 18 36.71186610302106
9 19 43.82359957958292
9 20 49.89056701900577
9 21 54.75173257539567
9 22 58.36547587334149
9 23 60.79117894160816
9 24 62.15795709844403
9 25 62.63157068354995
10 1 -33.586966021688696
10 2 -33.46201656871892
10 3 -33.09652298091127
10 4 -32.42934255494964
10 5 -31.388950600354832
10 6 -29.89407233532566
10 7 -27.856076183983372
10 8 -25.184022933800684
10 9 -21.793300010818818
10 10 -17.618455610853943
10 11 -12.629934259448468
10 12 -6.8527492679172735
10 13 -0.38292515826640366
10 14 6.604318067935599
10 15 13.860700825615375
10 16 21.088311802834138
10 17 27.977356003939533
10 18 34.249051284363055
10 19 39.69173187791912
10 20 44.180845370675854
10 21 47.680023590493
10 22 50.22695514031318
10 23 51.91127517002165
10 24 52.85152828265397
10 25 53.17587939311312
11 1 -33.17963386848574
11 2 -33.04258659277528
11 3 -32.64208847181788
11 4 -31.912476917759193
11 5 -30.77849746842995
11 6 -29.15713440461963
11 7 -26.961736129470346
11 8 -24.109282142613996
11 9 -20.53140685414955
11 10 -16.1890647239691
11 11 -11.089343583715896
11 12 -5.301049007478093
11 13 1.036031718020634
11 14 7.713611251518222
11 15 14.472346505711633
11 16 21.032703306023226
11 17 27.132278104589805
11 18 32.559560687599145
11 19 37.1754349611006
11 20 40.91866036735359
11 21 43.79725113585572
11 22 45.87127351497753
11 23 47.23316495988932
11 24 47.99009998966334
11 25 48.250662692622484
12 1 -32.87446356286476
12 2 -32.728005176154646
12 3 -32.3003392137158
12 4 -31.522511697755654
12 5 -30.316856475259332
12 6 -28.599873590702128
12 7 -26.287780915880663
12 8 -23.30545647688224
12 9 -19.59900660815535
12 10 -15.151143714704082
12 11 -9.99694031172472
12 12 -4.2357637522370295
12 13 1.965755727623231
12 14 8.383835637512911
12 15 14.761295543090746
12 16 20.84050664692998
12 17 26.39712624314475
12 18 31.265703086740217
12 19 35.35157589197498
12 20 38.62866271543522
12 21 41.12697621647739
12 22 42.91538905844987
12 23 44.08448692007845
12 24 44.73247798910029
12 25 44.95524313166454
13 1 -32.66055619319577
13 2 -32.50732186245255
13 3 -32.060130599653505
13 4 -31.24778444191562
13 5 -29.991151551262334
13 6 -28.20685417389573
13 7 -25.813871530472046
13 8 -22.74362802905856
13 9 -18.953459844895168
13 10 -14.442093197674863
13 11 -9.264070768182972
13 12 -3.5385515650912973
13 13 2.5523431923586974
13 14 8.778476669428004
13 15 14.888598168829711
13 16 20.64317383476081
13 17 25.844497010761938
13 18 30.356517726073243
13 19 34.110985038749675
13 20 37.1012952052994
13 21 39.36855804211002
13 22 40.98501934469118
13 23 42.038770306063384
13 24 42.6218302586311
13 25 42.82210913046531
14 1 -32.4892237019657
14 2 -32.3304545569375
14 3 -31.867336999602845
14 4 -31.026920096455704
14 5 -29.72904519212058
14 6 -27.890725710218376
14 7 -25.433614946464886
14 8 -22.294977712754033
14 9 -18.441741204635758
14 10 -13.885794317786347
14 11 -8.697009418842425
14 12 -3.0092507726557853
14 13 2.9849892057627905
14 14 9.052990671417371
14 15 14.950450862968923
14 16 20.453411384094565
14 17 25.38503704037605
14 18 29.630978683045658
14 19 33.14152866784026
14 20 35.92306378137028
14 21 38.02352043377201
14 22 39.51659661755267
14 23 40.487923133096615
14 24 41.02470231543713
14 25 41.20897314098063
15 1 -32.34836813839863
15 2 -32.18497655582079
15 3 -31.70857396343584
15 4 -30.84480149811103
15 5 -29.51276143708997
15 6 -27.629993714302024
15 7 -25.12066547453875
15 8 -21.92723662555429
15 9 -18.024888050511723
15 10 -13.436492095985031
15 11 -8.244260511091523
15 12 -2.593307321408563
15 13 3.3167123095741804
15 14 9.252517640460425
15 15 14.976769528013543
15 16 20.278791957419354
15 17 24.998431244679786
15 18 29.037924463492804
15 19 32.36119240625345
15 20 34.98374574468194
15 21 36.95797598707395
15 22 38.35810962054064
15 23 39.26754109978304
15 24 39.76963249386571
15 25 39.94191602876097
16 1 -32.22753479575831
16 2 -32.06012560094726
16 3 -31.572188234510048
16 4 -30.688182160594273
16 5 -29.32665549379569
16 6 -27.405752773500396
16 7 -24.852028420610253
16 8 -21.612678433196496
16 9 -17.67021086489494
16 10 -13.056999605990507
16 11 -7.86560340959797
16 12 -2.250145544787085
16 13 3.5845488358978463
16 14 9.405771300783037
16 15 14.98293420778386
16 16 20.116971324404965
16 17 24.661617749047505
16 18 28.532439551479353
16 19 31.703962007919706
16 20 34.19853900379393
16 21 36.07166315733289
16 22 37.39761838619231
16 23 38.25777155118296
16 24 38.7322870395179
16 25 38.89504775500343
17 1 -32.13271355964308
17 2 -31.962117651963414
17 3 -31.465039098280226
17 4 -30.565028190281865
17 5 -29.18025212822946
17 6 -27.229431752400785
17 7 -24.64114595721603
17 8 -21.366485614893875
17 9 -17.393857717559435
17 10 -12.763123578715925
17 11 -7.574782517423617
17 12 -1.9895958940761262
17 13 3.784177233375844
17 14 9.514919281733325
17 15 14.977780875577835
17 16 19.982884424802236
17 17 24.394558032116155
17 18 28.138252538620012
17 19 31.196152627100375
17 20 33.59539652312684
17 21 35.39349708398143
17 22 36.66456510970102
17 23 37.48832536357096
17 24 37.94249928325758
17 25 38.09823932621678
18 1 -32.04378909340571
18 2 -31.87017735112349
18 3 -31.36445440246873
18 4 -30.449333240610237
18 5 -29.042668554549003
18 6 -27.06380502624062
18 7 -24.443342028882903
18 8 -21.136163676115167
18 9 -17.13632072562019
18 10 -12.490707581293925
18 11 -7.307111062807018
18 12 -1.752163058993658
18 13 3.9631479684827347
18 14 9.608712346879557
18 15 14.965372572484272
18 16 19.85189279296852
18 17 24.142272494739505
18 18 27.770780510470956
18 19 30.72628293599325
18 20 33.03997253272075
18 21 34.77095913618287
18 22 35.99303963418995
18 23 36.78436944022573
18 24 37.2204337757738
18 25 37.36992631867518
19 1 -31.969371687749458
19 2 -31.79321570793071
19 3 -31.2802051787922
19 4 -30.35236434994581
19 5 -28.927320670719123
19 6 -26.925004169853732
19 7 -24.277796427838645
19 8 -20.94385919780164
19 9 -16.922044474806857
19 10 -12.265132136910452
19 11 -7.08687936070206
19 12 -1.558561697987214
19 13 4.106908074427196
19 14 9.681025002978483
19 15 14.949600768518206
19 16 19.738627804782258
19 17 23.929994139107652
19 18 27.465017473359385
19 19 30.337799206484593
19 20 32.582624835393894
19 21 34.25973810316792
19 22 35.44257333914354
19 23 36.20795701300784
19 24 36.62954447712613
19 25 36.77404468126911
20 1 -31.909112664454497
20 2 -31.730882824359306
20 3 -31.211935493481974
20 4 -30.273745524247833
20 5 -28.833779850958997
20 6 -26.81248544725315
20 7 -24.143748358320543
20 8 -20.78845244135747
20 9 -16.749386760899306
20 10 -12.084091766568529
20 11 -6.911068015733308
20 12 -1.4051689568215138
20 13 4.219371058926936
20 14 9.735564883460066
20 15 14.93337140138855
20 16 19.644621961930504
20 17 23.75745082170247
20 18 27.21866655539393
20 19 30.02638179389683
20 20 32.21719749750409
20 21 33.852150507225986
20 22 35.004321709815315
20 23 35.74945424487358
20 24 36.15974975314978
20 25 36.30035714066052
21 1 -31.853060487286374
21 2 -31.67289053786502
21 3 -31.148392121582674
21 4 -30.200535948916198
21 5 -28.74665893007198
21 6 -26.707723897163497
21 7 -24.019065817048965
21 8 -20.644154652109084
21 9 -16.589479244924544
21 10 -11.917000718969607
21 11 -6.749555105777395
21 12 -1.2651760294943546
21 13 4.320860211848331
21 14 9.783146537581365
21 15 14.915589373126265
21 16 19.5554325201183
21 17 23.596504152165068
21 18 26.99054897748862
21 19 29.73923420100278
21 20 31.881170509906383
21 21 33.47803851617952
21 22 34.60254655115993
21 23 35.32942622129695
21 24 35.72954956178491
21 25 35.86665108367963
22 1 -31.80364979737662
22 2 -31.62176077109685
22 3 -31.092345993100114
22 4 -30.135937440722422
22 5 -28.66977311024157
22 6 -26.615298883938788
22 7 -23.90916666325055
22 8 -20.51716882054483
22 9 -16.44908418407057
22 10 -11.770762363849611
22 11 -6.60879740305147
22 12 -1.1439071545559854
22 13 4.407861313729133
22 14 9.822623203435047
22 15 14.89783030435636
22 16 19.475477641284918
22 17 23.454318218032103
22 18 26.790313100575638
22 19 29.488126199903807
22 20 31.588029723870243
22 21 33.152200960021084
22 22 34.252987616530234
22 23 34.96422780568057
22 24 35.35563961436494
22 25 35.48973937525543
23 1 -31.755482320314822
23 2 -31.571909466072313
23 3 -31.037681242036424
23 4 -30.072907183619243
23 5 -28.59474327002188
23 6 -26.52513209834507
23 7 -23.802045274727437
23 8 -20.393577275324507
23 9 -16.31273869455183
23 10 -11.629160258776624
23 11 -6.473040005695125
23 12 -1.0276043946810107
23 13 4.490479557578198
23 14 9.858923572091477
23 15 14.87868962921342
23 16 19.396382625891416
23 17 23.315470251961838
23 18 26.595904001907382
23 19 29.245149484669515
23 20 31.305003440659807
23 21 32.838066871356965
23 22 33.9163090738353
23 23 34.61269647097629
23 24 34.995838577166325
23 25 35.12708941453514
24 1 -31.710247107228103
24 2 -31.525085713157353
24 3 -30.98631835966812
24 4 -30.01366269209509
24 5 -28.52421082251261
24 6 -26.440395266664556
24 7 -23.70145935276782
24 8 -20.277693433658868
24 9 -16.185164172183498
24 10 -11.497043028158098
24 11 -6.346857602382817
24 12 -0.9200926454184215
24 13 4.566119176661959
24 14 9.891086570418503
24 15 14.859112439128845
24 16 19.321108284384128
24 17 23.184891215279507
24 18 26.414054091219825
24 19 29.01858917060566
24 20 31.04164266791641
24 21 32.54616186966816
24 22 33.603738279789106
24 23 34.28651983176055
24 24 34.662089625062464
24 25 34.790732301814295
25 1 -31.66891059175625
25 2 -31.48229143894201
25 3 -30.939360303856628
25 4 -29.959480904599953
25 5 -28.459698299268087
25 6 -26.362912737496558
25 7 -23.60955712645644
25 8 -20.171956869154553
25 9 -16.068988285566565
25 10 -11.377048463940541
25 11 -6.232659765678896
25 12 -0.8232876440725068
25 13 4.63360712169131
25 14 9.918872500095421
25 15 14.839898763440479
25 16 19.251511375536627
25 17 23.065435237344218
25 18 26.24850214175816
25 19 28.812927112340674
25 20 30.80302242934411
25 21 32.282010166838354
25 22 33.32111891765171
25 23 33.99174933473426
25 24 34.360558964916265
25 25 34.486873628161156
26 1 -31.629229343009904
26 2 -31.441205282427735
26 3 -30.894262825911113
26 4 -29.90742977623074
26 5 -28.39771632060131
26 6 -26.288489870999218
26 7 -23.521349994520325
26 8 -20.070600935354424
26 9 -15.957830705069217
26 10 -11.262522838479955
26 11 -6.124030560932083
26 12 -0.7316460000412099
26 13 4.696941443986514
26 14 9.944126811324809
26 15 14.820292356116987
26 16 19.183999653526243
26 17 22.950664608370165
26 18 26.090149784798502
26 19 28.61672857090119
26 20 30.575774430418228
26 21 32.03073748432474
26 22 33.0524831116018
26 23 33.71169563917816
26 24 34.0741552284664
26 25 34.19828347166451
27 1 -31.591632179664856
27 2 -31.4022719931931
27 3 -30.851515977022967
27 4 -29.85807719769286
27 5 -28.338942229696517
27 6 -26.217937653021124
27 7 -23.437790791758
27 8 -19.97470342299539
27 9 -15.852845362194504
27 10 -11.154614519025998
27 11 -6.0220057365654736
27 12 -0.6459742327722983
27 13 4.755651012810303
27 14 9.96679163727613
27 15 14.800688060949467
27 16 19.11942117731739
27 17 22.84184932212212
27 18 25.94063671467891
27 19 28.431940515200633
27 20 30.3620887747877
27 21 31.794716760805905
27 22 32.800333154872256
27 23 33.448944854940656
27 24 33.80551071785036
27 25 33.9276099697921
28 1 -31.553762782639353
28 2 -31.363051859792083
28 3 -30.80844195070127
28 4 -29.808332649764946
28 5 -28.279696134459076
28 6 -26.146837872336047
28 7 -23.353643143555708
28 8 -19.878247026176695
28 9 -15.747431571697707
28 10 -11.046519489491246
28 11 -5.920125699936382
28 12 -0.560813932740923
28 13 4.813521027746784
28 14 9.988396366224658
28 15 14.779952257618078
28 16 19.053792816630605
28 17 22.73218975729675
28 18 25.79056139094646
28 19 28.246898444916795
28 20 30.148442042904453
28 21 31.55898478677589
28 22 32.548664496702614
28 23 33.18680729845963
28 24 33.5375545932877
28 25 33.657651024666464
29 1 -31.518164302069763
29 2 -31.32617911383648
29 3 -30.767934763267647
29 4 -29.761539470269327
29 5 -28.223960570143422
29 6 -26.079968813211984
29 7 -23.274558182253262
29 8 -19.787701078725597
29 9 -15.6486453595036
29 10 -10.945452606029646
29 11 -5.825162825366094
29 12 -0.481790790851352
29 13 4.866774400397147
29 14 10.007601127474219
29 15 14.759572782442648
29 16 18.99158454340848
29 17 22.629067319756317
29 18 25.649967111698004
29 19 28.07394118235259
29 20 29.94904603318818
29 21 31.339196564190882
29 22 32.31417202754266
29 23 32.94266028513994
29 24 33.288043227181134
29 25 33.40629344650082
30 1 -31.486198286252225
30 2 -31.293065109333458
30 3 -30.73154753852371
30 4 -29.71949492119661
30 5 -28.173877501928462
30 6 -26.01989640174271
30 7 -23.20355785900972
30 8 -19.706500436248735
30 9 -15.560194208850158
30 10 -10.855150859688273
30 11 -5.74055625236015
30 12 -0.4116777444143621
30 13 4.91365573914217
30 14 10.023946582886902
30 15 14.740554453688967
30 16 18.93531168359328
30 17 22.53644509788107
30 18 25.524120549005982
30 19 27.91944568970277
30 20 29.771174789064794
30 21 31.143312240192078
30 22 32.10530759232986
30 23 32.72527715103516
30 24 33.065928130496616
30 25 33.18254999281098
31 1 -31.45455205863726
31 2 -31.26027887459488
31 3 -30.6955118359312
31 4 -29.677846629276573
31 5 -28.12426321420597
31 6 -25.960400563325877
31 7 -23.133282607259808
31 8 -19.626212465085242
31 9 -15.47286731275264
31 10 -10.766175239297105
31 11 -5.65741645532403
31 12 -0.3430514062914623
31 13 4.959201239860544
31 14 10.039300705115835
31 15 14.721069090887557
31 16 18.87922893006387
31 17 22.444736842232494
31 18 25.399910393286092
31 19 27.76725105390781
31 20 29.596172707551922
31 21 30.950750092696257
31 22 31.90009956821846
31 23 32.51177322875256
31 24 32.84781716514782
31 25 32.962853847226896
32 1 -31.42348510564636
32 2 -31.228089383908678
32 3 -30.660123644261336
32 4 -29.63693713066589
32 5 -28.075526020011157
32 6 -25.901970597136014
32 7 -23.064308927842806
32 8 -19.54749265989329
32 9 -15.387372213993261
32 10 -10.67923848810369
32 11 -5.57639824544951
32 12 -0.27643774819475697
32 13 5.0030810308396685
32 14 10.05358243159642
32 15 14.701315446698713
32 16 18.823822275718474
32 17 22.354702447981513
32 18 25.27834195196236
32 19 27.6185706745865
32 20 29.42542068103816
32 21 30.763018722794477
32 22 31.700147866742924
32 23 32.30380803535657
32 24 32.635402849248464
32 25 32.74890886628302
33 1 -31.393977018326346
33 2 -31.197511960511854
33 3 -30.62650001955077
33 4 -29.59805875846432
33 5 -28.02920594488808
33 6 -25.846451620675268
33 7 -22.998810933721643
33 8 -19.47281446472279
33 9 -15.30638252978161
33 10 -10.59704125980408
33 11 -5.499994924692291
33 12 -0.21385746401640443
33 13 5.044001893910639
33 14 10.066430234915984
33 15 14.68198949258687
33 16 18.770883339848762
33 17 22.26918775514787
33 18 25.163213574540794
33 19 27.47801657217479
33 20 29.26418974973857
33 21 30.585894162488508
33 22 31.511590936372166
33 23 32.10775721314045
33 24 32.435192360321494
33 25 32.54726745499275
34 1 -31.363894802464237
34 2 -31.166336462063846
34 3 -30.592211014937188
34 4 -29.558402271438887
34 5 -27.981956273011928
34 6 -25.789831859143884
34 7 -22.93205414942261
34 8 -19.396776413371477
34 9 -15.224034548457055
34 10 -10.513623951974372
34 11 -5.422655563653444
34 12 -0.15074927167038343
34 13 5.084965685615443
34 14 10.07881715631098
34 15 14.661731978394755
34 16 18.716609819844052
34 17 22.182017386461876
34 18 25.046188399971008
34 19 27.335393100474978
34 20 29.100770720861547
34 21 30.406502659989314
34 22 31.320716750981372
34 23 31.909358980268063
34 24 32.23261867022238
34 25 32.3432575657328
35 1 -31.332965954276297
35 2 -31.13428024816571
35 3 -30.556945199291565
35 4 -29.51760688612361
35 5 -27.933347073571845
35 6 -25.731597333436344
35 7 -22.863435795224838
35 8 -19.318697672560244
35 9 -15.13959936319917
35 10 -10.428259009095768
35 11 -5.343718337974585
35 12 -0.08658763668115413
35 13 5.126295807966789
35 14 10.090813273902045
35 15 14.640329477047008
35 16 18.66049727920072
35 17 22.0924085775514
35 18 24.926233123561396
35 19 27.189453401224252
35 20 28.933743980957725
35 21 30.22329230591926
35 22 31.125878484597187
35 23 31.706904397697787
35 24 32.02593839690041
35 25 32.13512397363863
36 1 -31.305676801825797
36 2 -31.105993601612433
36 3 -30.525819516801434
36 4 -29.48159308790266
36 5 -27.890433251912953
36 6 -25.68019824994926
36 7 -22.80290760932852
36 8 -19.249891882992962
36 9 -15.065295632737099
36 10 -10.353277306168497
36 11 -5.274557071637575
36 12 -0.030582195913332656
36 13 5.1621052098970335
36 14 10.100782374755408
36 15 14.620969672136598
36 16 18.61073304021114
36 17 22.01336245951353
36 18 24.82070180708817
36 19 27.061273096560186
36 20 28.787201686411386
36 21 30.062668251723835
36 22 30.955142084546686
36 23 31.529546755675444
36 24 31.844907948301746
36 25 31.952830486949924
37 1 -31.274849586956282
37 2 -31.07403640587418
37 3 -30.490647141288974
37 4 -29.440888422504344
37 5 -27.84192760981331
37 6 -25.622115779062025
37 7 -22.734549786345916
37 8 -19.17226203708489
37 9 -14.981579752661865
37 10 -10.268955553571047
37 11 -5.19697703144474
37 12 0.03200454969149084
37 13 5.201822351225546
37 14 10.111358237328211
37 15 14.598572170015942
37 16 18.554237408437068
37 17 21.924093310775575
37 18 24.701836991117858
37 19 26.917131534516287
37 20 28.622587856559377
37 21 29.882365804692753
37 22 30.76357929735946
37 23 31.33061366269613
37 24 31.64188741658354
37 25 31.748404472588046
38 1 -31.244333557118907
38 2 -31.042398491361695
38 3 -30.455818070060023
38 4 -29.400572035208516
38 5 -27.793882462095468
38 6 -25.564599680242573
38 7 -22.666901499704778
38 8 -19.095518069011504
38 9 -14.898941631234186
38 10 -10.185884270622337
38 11 -5.120751949063627
38 12 0.09325246404954282
38 13 5.240376738038776
38 14 10.121119223188902
38 15 14.575858661165842
38 16 18.49802842705001
38 17 21.835757425539107
38 18 24.584538160252908
38 19 26.775129221856353
38 20 28.460598080537057
38 21 29.705070661718793
38 22 30.575304912306787
38 23 31.13515561292886
38 24 31.44244632483942
38 25 31.547593940810835
39 1 -31.214928640648438
39 2 -31.0119094154363
39 3 -30.422246082522435
39 4 -29.361702316886536
39 5 -27.74755935687477
39 6 -25.50915938923046
39 7 -22.601735466207277
39 8 -19.02166582975192
39 9 -14.819532746628186
39 10 -10.10621422968225
39 11 -5.047839704837153
39 12 0.15160798441836928
39 13 5.276816144861665
39 14 10.129866303712749
39 15 14.553470723342008
39 16 18.44360693658299
39 17 21.750673449275876
39 18 24.471856427187724
39 19 26.638938675475348
39 20 28.305405510949235
39 21 29.53533808838727
39 22 30.39514765180482
39 23 30.948179961086797
39 24 31.251690974368422
39 25 31.35553919649038
40 1 -31.18269620490692
40 2 -30.978485038788207
40 3 -30.385433374073692
40 4 -29.319070966821002
40 5 -27.696751236065932
40 6 -25.448367744175844
40 7 -22.53032563944312
40 8 -18.94082329522908
40 9 -14.73273794550572
40 10 -10.019308651990848
40 11 -4.968521372238249
40 12 0.21483175256598266
40 13 5.3159643111156845
40 14 10.138721082375937
40 15 14.5283745305026
40 16 18.3836690224717
40 17 21.657453895802387
40 18 24.348731399186796
40 19 26.490372356448702
40 20 28.13629588067862
40 21 29.35052091396685
40 22 30.19907476778495
40 23 30.74474781215099
40 24 31.044180192814736
40 25 31.146626398837284
41 1 -31.1498150018873
41 2 -30.944384088773578
41 3 -30.347866208546403
41 4 -29.275555685416343
41 5 -27.644887543920365
41 6 -25.386331063397947
41 7 -22.457503652651088
41 8 -18.858474887881187
41 9 -14.644467053698945
41 10 -9.93111311996395
41 11 -4.888257431448499
41 12 0.27853135226664816
41 13 5.3550509018259405
41 14 10.146973680298144
41 15 14.502185413395134
41 16 18.322228874626223
41 17 21.562413839251573
41 18 24.223552226214366
41 19 26.33958819178893
41 20 27.96485799040075
41 21 29.16330346545097
41 22 30.000556364152196
41 23 30.53884335517302
41 24 30.83418319220956
41 25 30.93522275316729
42 1 -31.116624533249446
42 2 -30.909958482456023
42 3 -30.30993185097608
42 4 -29.231604636387534
42 5 -27.59250248099334
42 6 -25.323689436718382
42 7 -22.3840235414869
42 8 -18.775477768165768
42 9 -14.555645078325638
42 10 -9.84255932861575
42 11 -4.807904029607747
42 12 0.3420184149351562
42 13 5.393642823347191
42 14 10.154515059488283
42 15 14.475159275135775
42 16 18.25991781818683
42 17 21.466543542085542
42 18 24.09763169985705
42 19 26.188173230552543
42 20 27.79290020503252
42 21 28.975663218895402
42 22 29.801691032541736
42 23 30.33264433790815
42 24 30.62392157849353
42 25 30.723564939579393
43 1 -31.080438858915294
43 2 -30.872421709344437
43 3 -30.268558295903468
43 4 -29.183656999454733
43 5 -27.535351790922306
43 6 -25.25537087430303
43 7 -22.303944285338044
43 8 -18.68513663566842
43 9 -14.459129090883131
43 10 -9.746554659620475
43 11 -4.72105960289504
43 12 0.41031080942862724
43 13 5.434739564608439
43 14 10.161846327870215
43 15 14.445031310434745
43 16 18.191659779138565
43 17 21.36210201102581
43 18 23.960848666597478
43 19 26.02399095153345
43 20 27.6066644439104
43 21 28.772605512669593
43 22 29.586599665613832
43 23 30.10969410689639
43 24 30.39661885447421
43 25 30.494766555212
44 1 -31.0440330177721
44 2 -30.8346517985646
44 3 -30.2269162471133
44 4 -29.135385717744892
44 5 -27.477813308745937
44 6 -25.186612047872934
44 7 -22.22341273411152
44 8 -18.59440142840947
44 9 -14.36236648481306
44 10 -9.65053585170705
44 11 -4.634485472297357
44 12 0.4780518250722566
44 13 5.475067066826955
44 14 10.16829791131737
44 15 14.414036435308898
44 16 18.122657862784248
44 17 21.25711754317609
44 18 23.823762481485208
44 19 25.85974873964565
44 20 27.4205892790567
44 21 28.569890681221604
44 22 29.371988753455536
44 23 29.88731733257424
44 24 30.169942148800217
44 25 30.26661242328996
45 1 -31.006313511378995
45 2 -30.795513959560783
45 3 -30.183753816815983
45 4 -29.085338853654182
45 5 -27.41815643692803
45 6 -25.115346830942208
45 7 -22.140013723258424
45 8 -18.500558959185877
45 9 -14.26247498267942
45 10 -9.551656411289002
45 11 -4.545630472245335
45 12 0.5472206073363622
45 13 5.51578243577879
45 14 10.174018950173288
45 15 14.381215364427849
45 16 18.05083177216193
45 17 21.148451128841142
45 18 23.68229116273839
45 19 25.69056779215433
45 20 27.229155738504808
45 21 28.361512083568766
45 22 29.151503111921944
45 23 29.658931339844006
45 24 29.93718283823717
45 25 30.032350647700675
46 1 -30.964952710045793
46 2 -30.75259198658422
46 3 -30.136403811087362
46 4 -29.030421155655983
46 5 -27.352691443280293
46 6 -25.0371732172074
46 7 -22.048610455802407
46 8 -18.397855135831254
46 9 -14.15336739896399
46 10 -9.443939465746888
46 11 -4.449181556729741
46 12 0.6218852471253151
46 13 5.559193222920977
46 14 10.179182908123352
46 15 14.34441647252219
46 16 17.971696663492335
46 17 21.02942876587282
46 18 23.527821409036587
46 19 25.50620322922217
46 20 27.020812607187953
46 21 28.134925935707216
46 22 28.911890880703044
46 23 29.41082269788468
46 24 29.684372144132414
46 25 29.77792475025984
47 1 -30.92072645874686
47 2 -30.70668953145651
47 3 -30.085749244692384
47 4 -28.97165307198097
47 5 -27.282634599891104
47 6 -24.953551614289598
47 7 -21.950931160470233
47 8 -18.288268294023496
47 9 -14.037198508642073
47 10 -9.329580649057702
47 11 -4.34718611472946
47 12 0.7003650866950782
47 13 5.604198733001553
47 14 10.183442241257646
47 15 14.304154008128366
47 16 17.88666402739666
47 17 20.902327799010738
47 18 23.363414248307073
47 19 25.310386215568442
47 20 26.799834135327885
47 21 27.89482278032754
47 22 28.658141417706062
47 23 29.148176352529998
47 24 29.41680348075551
47 25 29.50866544220903
48 1 -30.87405774010685
48 2 -30.6582443014045
48 3 -30.03227001812614
48 4 -28.909588173640714
48 5 -27.208645843304502
48 6 -24.865277110278406
48 7 -21.84792315482923
48 8 -18.172893525976825
48 9 -13.915175632590667
48 10 -9.209827496629424
48 11 -4.240826328498544
48 12 0.7816694809349398
48 13 5.650126303949624
48 14 10.186547511319377
48 15 14.260670014003571
48 16 17.796492462646896
48 17 20.768408406653347
48 18 23.190785696129645
48 19 25.10522361283939
48 20 26.568644495248886
48 21 27.64387030304277
48 22 28.393097334573806
48 23 28.87394946612363
48 24 29.137497554676017
48 25 29.227615282578157
49 1 -30.819918906510676
49 2 -30.602034596466005
49 3 -29.97019545912613
49 4 -28.837522784041735
49 5 -27.12273353851309
49 6 -24.762829883349124
49 7 -21.728515365812786
49 8 -18.039396471110408
49 9 -13.774349036210758
49 10 -9.072093246869176
49 11 -4.1190682559221905
49 12 0.8740623445201124
49 13 5.701421567000264
49 14 10.188397709588086
49 15 14.208978264954302
49 16 17.69134816212715
49 17 20.613329727133614
49 18 22.991631317006842
49 19 24.869095477937595
49 20 26.302980881054577
49 21 27.35580423181392
49 22 28.089069920519613
49 23 28.55952625513181
49 24 28.817326202102336
49 25 28.905470209968293
50 1 -30.766055882682465
50 2 -30.546100539541314
50 3 -29.908399612027
50 4 -28.765754196513306
50 5 -27.03717381903218
50 6 -24.660860912959496
50 7 -21.609814346843685
50 8 -17.90695385415555
50 9 -13.635022093479543
50 10 -8.9363284835727
50 11 -3.9996574024507097
50 12 0.9639508381781553
50 13 5.750372196440674
50 14 10.188410348088249
50 15 14.156260778027045
50 16 17.58619825423781
50 17 20.459355803610897
50 18 22.79467235327632
50 19 24.636150250649884
50 20 26.041333327352387
50 21 27.072411106990362
50 22 27.790196134954023
50 23 28.250575275227316
50 24 28.502805089264697
50 25 28.589036800087428
51 1 -30.70338043949792
51 2 -30.481001700077755
51 3 -29.83644616386338
51 4 -28.682155337015526
51 5 -26.937509838418638
51 6 -24.542157050966743
51 7 -21.47182235792339
51 8 -17.75332106426392
51 9 -13.47389056777023
51 10 -8.779945968406022
51 11 -3.8628687241492603
51 12 1.066018646378355
51 13 5.804758633877338
51 14 10.186183359835308
51 15 14.09335441366299
51 16 17.463210143897957
51 17 20.280611430045454
51 18 22.56697319375426
51 19 24.367554392568255
51 20 25.740171823336784
51 21 26.74660697421247
51 22 27.44686407755862
51 23 27.89583995817355
51 24 28.14176886411304
51 25 28.225837752721898
52 1 -30.638995019459568
52 2 -30.41411152354919
52 3 -29.76247638318064
52 4 -28.59617660862764
52 5 -26.83500896474716
52 6 -24.420159785237953
52 7 -21.330217448175304
52 8 -17.596042589162593
52 9 -13.309481746611176
52 10 -8.62108539156987
52 11 -3.7247541649438802
52 12 1.1680719550300336
52 13 5.857797498664465
52 14 10.181447270501593
52 15 14.027043185242004
52 16 17.336206520311706
52 17 20.097490509612662
52 18 22.334723912469013
52 19 24.094356952788214
52 20 25.434424607195712
52 21 26.416261010767858
52 22 27.099037536108987
52 23 27.53664799108418
52 24 27.776299236343434
52 25 27.85821366435676
53 1 -30.563229528123692
53 2 -30.335378636951873
53 3 -29.67536306238874
53 4 -28.4948725360262
53 5 -26.71423970732391
53 6 -24.2765333956965
53 7 -21.16379119484179
53 8 -17.41168811832608
53 9 -13.117479549284058
53 10 -8.43647108178912
53 11 -3.56533338749996
53 12 1.2845754012457788
53 13 5.916608224373581
53 14 10.172785007006983
53 15 13.946908500774006
53 16 17.18596939767413
53 17 19.882691206728495
53 18 22.06358074371483
53 19 23.776367005174553
53 20 25.079266021163043
53 21 26.033052220872342
53 22 26.69591524693818
53 23 27.120587065125832
53 24 27.35309455767711
53 25 27.432557753984426
54 1 -30.467367335922454
54 2 -30.23573081583637
54 3 -29.565034774169185
54 4 -28.366498048981235
54 5 -26.56120442317133
54 6 -24.094716564652067
54 7 -20.95355960549165
54 8 -17.17957924076734
54 9 -12.87684349922853
54 10 -8.206494627031157
54 11 -3.3684049313984485
54 12 1.4265047822581813
54 13 5.985564931103971
54 14 10.157194755432068
54 15 13.84241378223777
54 16 16.99478608913656
54 17 19.612047266874853
54 18 21.723851341496104
54 19 23.379365423259678
54 20 24.636925981316345
54 21 25.556553227047118
54 22 26.195194662533503
54 23 26.604141154037027
54 24 26.82797043453068
54 25 26.904456555999968
55 1 -30.360753059856034
55 2 -30.124865028441754
55 3 -29.442188695889172
55 4 -28.223462399000034
55 5 -26.390703644032
55 6 -23.892397493104898
55 7 -20.720220450411286
55 8 -16.922977989379692
55 9 -12.612262460100782
55 10 -7.9554604246598375
55 11 -3.155605095074949
55 12 1.5772952161980436
55 13 6.055296084577033
55 14 10.134014341343244
55 15 13.722353430420819
55 16 16.78089795712257
55 17 19.3126210081604
55 18 21.35037610161553
55 19 22.944709645199616
55 20 24.153961975428015
55 21 25.037261898410893
55 22 25.650178982787953
55 23 26.04243962094336
55 24 26.257065631244796
55 25 26.33039537331479
56 1 -30.236395513528937
56 2 -29.995492783756575
56 3 -29.298705641064686
56 4 -28.056271907864602
56 5 -26.19143290065488
56 6 -23.65628325278403
56 7 -20.44871917444163
56 8 -16.62578184203658
56 9 -12.307751816539728
56 10 -7.668954085099353
56 11 -2.9155750965250515
56 12 1.7439885858510566
56 13 6.127670517647641
56 14 10.099555445175142
56 15 13.577533385247257
56 16 16.52999184331706
56 17 18.965581184704146
56 18 20.920510545613848
56 19 22.446665584156026
56 20 23.602236001320055
56 21 24.44525190917629
56 22 25.029685126374098
56 23 25.403488323233724
56 24 25.607940014341526
56 25 25.677781334622857
57 1 -30.071749480366652
57 2 -29.824113758437036
57 3 -29.108415339697725
57 4 -27.834333803384315
57 5 -25.926961737407563
57 6 -23.343510818178714
57 7 -20.090455706285162
57 8 -16.235912608701884
57 9 -11.91148170520299
57 10 -7.300071886127079
57 11 -2.611160468812771
57 12 1.949855057815237
57 13 6.209229079115534
57 14 10.04231304166196
57 15 13.378513624502808
57 16 16.195913694187023
57 17 18.509997891893285
57 18 20.360840178860713
57 19 21.80169593912723
57 20 22.890330921107026
57 21 23.683242476763752
57 22 24.232310896037102
57 23 24.583225000430865
57 24 24.775068515279646
57 25 24.840588393822824
58 1 -29.869310102294907
58 2 -29.613246416740015
58 3 -28.873932882587646
58 4 -27.56053609681436
58 5 -25.600801174357258
58 6 -22.95876935807934
58 7 -19.651986570714023
58 8 -15.762405679673167
58 9 -11.435187598091641
58 10 -6.862800872838433
58 11 -2.2573973555042377
58 12 2.1805786143585224
58 13 6.288324285906791
58 14 9.955016523529013
58 15 13.123572760770099
58 16 15.783019970997387
58 17 17.956245209580047
58 18 19.687255051551766
58 19 21.030435151580892
58 20 22.04273505135508
58 21 22.778677928566427
58 22 23.28762229150158
58 23 23.612603986657607
58 24 23.790175205472003
58 25 23.85080525885539
59 1 -29.61863488066083
59 2 -29.351899868795194
59 3 -28.582778076795048
59 4 -27.220086837891923
59 5 -25.195461852082328
59 6 -22.482241402921883
59 7 -19.112451599796163
59 8 -15.185417996199412
59 9 -10.862413956942094
59 10 -6.346135611225964
59 11 -1.8499851567104937
59 12 2.433488244091975
59 13 6.355883800563643
59 14 9.823263414656179
59 15 12.794205296822414
59 16 15.269840484100596
59 17 17.280816843487024
59 18 18.87490578294302
59 19 20.107175482151394
59 20 21.03320557170859
59 21 21.704988974326845
59 22 22.168855800192482
59 23 22.46475146334864
59 24 22.62633055626386
59 25 22.681484123565586
60 1 -29.268057698037392
60 2 -28.985943326058646
60 3 -28.17404975518913
60 4 -26.741290806751714
60 5 -24.62594564348115
60 6 -21.815953236320283
60 7 -18.36493647438541
60 8 -14.396716509512675
60 9 -10.093529151477847
60 10 -5.66921446944046
60 11 -1.3352349454172936
60 12 2.7297380532382327
60 13 6.398496114756006
60 14 9.599894061463415
60 15 12.312316347283513
60 16 14.551279220191036
60 17 16.355966655533578
60 18 17.777683286126557
60 19 18.871386873423226
60 20 19.69025457476769
60 21 20.282676976259953
60 22 20.690952396581988
60 23 20.951049463106223
60 24 21.092969289409
60 25 21.141394388512634
61 1 -28.758806255960735
61 2 -28.45334134234272
61 3 -27.57694664156981
61 4 -26.040064543920195
61 5 -23.793359975929558
61 6 -20.84939809138426
61 7 -17.29567150059357
61 8 -13.291257204282507
61 9 -9.044744974492055
61 10 -4.779276691214638
61 11 -0.696400252873795
61 12 3.0500023450910967
61 13 6.364350854704931
61 14 9.206074248584866
61 15 11.577878559919556
61 16 13.511388939330772
61 17 15.054150344075822
61 18 16.259777065979197
61 19 17.18146295002416
61 20 17.868274036393935
61 21 18.36342576254391
61 22 18.70382314077335
61 23 18.920320150668896
61 24 19.038332842413244
61 25 19.078581525729245
62 1 -27.914487555472146
62 2 -27.567321482543523
62 3 -26.57713080487754
62 4 -24.86134579491198
62 5 -22.399373345595166
62 6 -19.25381154799654
62 7 -15.57330943769706
62 8 -11.571404632352955
62 9 -7.486800061979052
62 10 -3.539765886974844
62 11 0.10011208065192163
62 12 3.327302025706883
62 13 6.096641813639886
62 14 8.409692531894446
62 15 10.298398417734848
62 16 11.81074161502569
62 17 13.000257535533178
62 18 13.919412463836148
62 19 14.616020569510457
62 20 15.131727638379477
62 21 15.501746029418964
62 22 15.755260827636882
62 23 15.916137102998523
62 24 16.003712548604636
62 25 16.033561375647547
63 1 -26.51548812209928
63 2 -26.088358740522878
63 3 -24.88541452507958
63 4 -22.85316380718099
63 5 -20.047308528069976
63 6 -16.639211561320757
63 7 -12.883457096184488
63 8 -9.05822707396267
63 9 -5.405617547576732
63 10 -2.095108812931725
63 11 0.7836762909976782
63 12 3.207437708500596
63 13 5.197627579906956
63 14 6.800134375851947
63 15 8.070265638371831
63 16 9.063401100555582
63 17 9.830078347889893
63 18 10.41399373373561
63 19 10.851684915313527
63 20 11.173059791648965
63 21 11.4022694776665
63 22 11.558651899059564
63 23 11.65761330886643
63 24 11.71139458338162
63 25 11.72971069277547
64 1 -24.39443390511211
64 2 -23.784983221817768
64 3 -22.126486279536447
64 4 -19.504722179498362
64 5 -16.214522663751595
64 6 -12.657297811163831
64 7 -9.20291294730681
64 8 -6.100555235824061
64 9 -3.46502315836114
64 10 -1.3103009927162708
64 11 0.40664057339164894
64 12 1.7518614559752606
64 13 2.794241942928665
64 14 3.595869698224449
64 15 4.208769955385212
64 16 4.674818917850276
64 17 5.026970969510921
64 18 5.290843426916189
64 19 5.486232430501165
64 20 5.628405997949911
64 21 5.729146480431111
64 22 5.797565797694979
64 23 5.840732436670462
64 24 5.864149514048864
64 25 5.872117918854026
65 1 -24.754026405475027
65 2 -23.662593846692054
65 3 -20.946290901310732
65 4 -17.282607130658572
65 5 -13.522466258536982
65 6 -10.230227231562207
65 7 -7.601209958597567
65 8 -5.603813162301966
65 9 -4.122374519059858
65 10 -3.0337167770174136
65 11 -2.234685258790587
65 12 -1.6466683172489172
65 13 -1.2121678910259635
65 14 -0.8898114725923004
65 15 -0.6499409117525431
65 16 -0.4712327962981855
65 17 -0.3382564413859956
65 18 -0.23975287623947927
65 19 -0.16743264693155271
65 20 -0.11513634625261061
65 21 -0.07824591239494826
65 22 -0.05326894637625025
65 23 -0.037542773314195685
65 24 -0.02902187286530017
65 25 -0.02612379523385867
66 1 -40.19966392072104
66 2 -37.1331286331731
66 3 -30.560566313129375
66 4 -23.514378753994507
66 5 -17.82284775786787
66 6 -13.760761273100234
66 7 -10.987988946912019
66 8 -9.109210676506372
66 9 -7.825280191324622
66 10 -6.935239293647915
66 11 -6.308707140904244
66 12 -5.861318867450024
66 13 -5.5378987540147575
66 14 -5.30177679242893
66 15 -5.128144142216209
66 16 -4.999914590398613
66 17 -4.905118136556399
66 18 -4.835234250546333
66 19 -4.7841079515491955
66 20 -4.747232779816721
66 21 -4.721268514652233
66 22 -4.703711589735026
66 23 -4.692666456226027
66 24 -4.686684728958098
66 25 -4.684650524862164
67 1 -66.55291304543766
67 2 -60.645977828300026
67 3 -48.59962617255781
67 4 -36.53991449360934
67 5 -27.38548897717084
67 6 -21.14758219181379
67 7 -17.022913244402453
67 8 -14.287158477404299
67 9 -12.444281691036162
67 10 -11.179260793327028
67 11 -10.294823255487044
67 12 -9.666307971813742
67 13 -9.213515188124383
67 14 -8.883766942707714
67 15 -8.641729366358177
67 16 -8.463222679478843
67 17 -8.331388992532712
67 18 -8.234272638275042
67 19 -8.163261703247127
67 20 -8.112064730334605
67 21 -8.076026442838787
67 22 -8.051662279952936
67 23 -8.03633669297414
67 24 -8.028037491612958
67 25 -8.025215381116457
68 1 -75.2124593577475
68 2 -69.88089718130931
68 3 -58.285633773260635
68 4 -45.59374187861268
68 5 -35.13875991123326
68 6 -27.563019735910544
68 7 -22.336258031394706
68 8 -18.768722830643167
68 9 -16.31853519826806
68 10 -14.614183469469157
68 11 -13.411546464321189
68 12 -12.551316973494469
68 13 -11.928691109934505
68 14 -11.473722265711912
68 15 -11.138942876582957
68 16 -10.891586478798013
68 17 -10.708658372427099
68 18 -10.57376879161955
68 19 -10.47506622019623
68 20 -10.40386656051011
68 21 -10.353729149083795
68 22 -10.319824263897162
68 23 -10.29849377060485
68 24 -10.286941689691858
68 25 -10.283013430734249
69 1 -74.09069002886946
69 2 -70.21714147710344
69 3 -61.18937465393209
69 4 -50.23456888340509
69 5 -40.23062400800802
69 6 -32.345959392012475
69 7 -26.55846948763591
69 8 -22.431681335987193
69 9 -19.50963747029709
69 10 -17.433227639773776
69 11 -15.94580795080338
69 12 -14.870361324093384
69 13 -14.0858870973955
69 14 -13.509391899122035
69 15 -13.083418980885444
69 16 -12.767713250735818
69 17 -12.533706399226913
69 18 -12.360861106597675
69 19 -12.2342286034723
69 20 -12.14279924109281
69 21 -12.07837507509413
69 22 -12.034789566097631
69 23 -12.007360772506468
69 24 -11.992503511235123
69 25 -11.987451067698782
70 1 -71.6375990497516
70 2 -68.64966647703714
70 3 -61.396651898091264
70 4 -52.00845343343207
70 5 -42.81471360966922
70 6 -35.10852871952266
70 7 -29.171788809205932
70 8 -24.78417719865851
70 9 -21.59601421486479
70 10 -19.288059358080996
70 11 -17.61256840598132
70 12 -16.3893922837275
70 13 -15.49085985856917
70 14 -14.82712724908447
70 15 -14.334821474371813
70 16 -13.968921594702381
70 17 -13.697140778306151
70 18 -13.496082396975272
70 19 -13.3486114364392
70 20 -13.24204786729625
70 21 -13.166914929422862
70 22 -13.116063562524213
70 23 -13.084053656806258
70 24 -13.066712225027079
70 25 -13.06081465019834
71 1 -69.37032970048178
71 2 -66.96854024337463
71 3 -60.9724789632466
71 4 -52.84285941693759
71 5 -44.44829954698293
71 6 -37.05562413335641
71 7 -31.12333833923185
71 8 -26.599035623800336
71 9 -23.23376260655218
71 10 -20.755472606485203
71 11 -18.933658622644966
71 12 -17.591420842456916
71 13 -16.598766138482727
71 14 -15.861851721858075
71 15 -15.31324605351616
71 16 -14.904382466788226
71 17 -14.600069234862405
71 18 -14.37460292798356
71 19 -14.209044669979976
71 20 -14.089313669229732
71 21 -14.004847838071672
71 22 -13.947656732192092
71 23 -13.911646565245821
71 24 -13.892134951428721
71 25 -13.885498914157324
72 1 -67.61783973092417
72 2 -65.59157012051618
72 3 -60.436577349986244
72 4 -53.2190254835075
72 5 -45.47587871404886
72 6 -38.39853173938197
72 7 -32.535058847138394
72 8 -27.948137525073793
72 9 -24.46947559386975
72 10 -21.870296385787164
72 11 -19.939002895196957
72 12 -18.504771992906043
72 13 -17.437833710841776
72 14 -16.64231006766086
72 15 -16.048144479229865
72 16 -15.604251578958038
72 17 -15.27326877286411
72 18 -15.02771325364027
72 19 -14.847224661096483
72 20 -14.71660156756793
72 21 -14.624403998386375
72 22 -14.56195536479377
72 23 -14.522625541023075
72 24 -14.501312255175076
72 25 -14.494063038200796
73 1 -66.35988945047994
73 2 -64.57595741307132
73 3 -59.97919770691076
73 4 -53.39895630020781
73 5 -46.14545164579055
73 6 -39.33270676572785
73 7 -33.55096151865548
73 8 -28.938225685316528
73 9 -25.386055856344345
73 10 -22.700966247236668
73 11 -20.688410253631464
73 12 -19.184106433728427
73 13 -18.05961747197739
73 14 -17.218153245081297
73 15 -16.58797861557845
73 16 -16.116233673430344
73 17 -15.76395310197775
73 18 -15.502303534792013
73 19 -15.309825951556526
73 20 -15.17044180986179
73 21 -15.07201776022477
73 22 -15.005331654142784
73 23 -14.963324792456064
73 24 -14.94055813346748
73 25 -14.932814203265533
74 1 -65.39973681989139
74 2 -63.79238183446987
74 3 -59.61017320896572
74 4 -53.519917715916364
74 5 -46.66133751598502
74 6 -40.07633184724098
74 7 -34.3756134005868
74 8 -29.75156909246
74 9 -26.143711906577764
74 10 -23.388922962979667
74 11 -21.30833236689006
74 12 -19.744248650122575
74 13 -18.5700476234319
74 14 -17.688554966034214
74 15 -17.02681056007174
74 16 -16.53053726618934
74 17 -16.159438676953112
74 18 -15.8835345565932
74 19 -15.68041950465002
74 20 -15.533251982553532
74 21 -15.429291226952168
74 22 -15.358834698044499
74 23 -15.314444870780553
74 24 -15.29038417279186
74 25 -15.282199714795343
75 1 -64.78530491512561
75 2 -63.29258891619985
75 3 -59.38299352779693
75 4 -53.62250399613962
75 5 -47.03797383008944
75 6 -40.6168688886279
75 7 -34.97777894615699
75 8 -30.347918331128962
75 9 -26.700233671368274
75 10 -23.893935255958915
75 11 -21.76220913223653
75 12 -20.152700034095705
75 13 -18.940434864854534
75 14 -18.028124197110518
75 15 -17.341976461923817
75 16 -16.826686675112768
75 17 -16.440966757171907
75 18 -16.1539690973134
75 19 -15.942565606698443
75 20 -15.789328207909758
75 21 -15.68104696527609
75 22 -15.60764697598821
75 23 -15.561396309745843
75 24 -15.53632493670076
75 25 -15.527796388888458
76 1 -64.37060019222434
76 2 -62.96248230237262
76 3 -59.25569656157955
76 4 -53.74402851532514
76 5 -47.369818349358766
76 6 -41.07632119755194
76 7 -35.485056756114645
76 8 -30.84882665137256
76 9 -27.166749876027612
76 10 -24.316182207936453
76 11 -22.140390263900798
76 12 -20.491601235348327
76 13 -19.246320644338375
76 14 -18.307212929274705
76 15 -17.599804304653784
76 16 -17.067921742549693
76 17 -16.66942931349648
76 18 -16.372732407458916
76 19 -16.154077493908677
76 20 -15.995527112802026
76 21 -15.88346282968264
76 22 -15.807484912075326
76 23 -15.759604235618644
76 24 -15.73364747326189
76 25 -15.724817476066857
77 1 -64.12315678341345
77 2 -62.77751423847853
77 3 -59.2212433611155
77 4 -53.89569711382191
77 5 -47.6798688013335
77 6 -41.4820590253466
77 7 -35.92449621169748
77 8 -31.27912305749044
77 9 -27.56556515823465
77 10 -24.67577032818511
77 11 -22.461252421054876
77 12 -20.778025322763057
77 13 -19.50381283788323
77 14 -18.541218417481883
77 15 -17.815168423611837
77 16 -17.268731702832568
77 17 -16.859032037390733
77 18 -16.5538220178549
77 19 -16.32880097488439
77 20 -16.16558541177888
77 21 -16.050198904461308
77 22 -15.971956865109718
77 23 -15.922644506200477
77 24 -15.895910052399154
77 25 -15.886815268474747
78 1 -74.38103141527796
78 2 -72.93910691421335
78 3 -69.11692366653506
78 4 -63.36188967053618
78 5 -56.59688953106406
78 6 -49.799579696321494
78 7 -43.65986566341548
78 8 -38.49521920484973
78 9 -34.344964003095555
78 10 -31.101979966708008
78 11 -28.60884558122174
78 12 -26.709206244945992
78 13 -25.268495034278505
78 14 -24.178589113939566
78 15 -23.35563912803551
78 16 -22.735777822031636
78 17 -22.270747112315913
78 18 -21.92416169229473
78 19 -21.66855063398084
78 20 -21.483101739214312
78 21 -21.351974204993336
78 22 -21.263047550515626
78 23 -21.206996677304705
78 24 -21.176607528526
78 25 -21.16626924093189
79 1 -71.6250300043675
79 2 -70.27817370704423
79 3 -66.69905294494569
79 4 -61.28538137881505
79 5 -54.88352938148922
79 6 -48.40922591775096
79 7 -42.524846311140514
79 8 -37.54797789813717
79 9 -33.53060314557806
79 10 -30.380209747265926
79 11 -27.951519812069467
79 12 -26.0970380544221
79 13 -24.68829293363909
79 14 -23.621258859259232
79 15 -22.814829333909803
79 16 -22.2069853420578
79 17 -21.750729583833554
79 18 -21.41054983321058
79 19 -21.1595895296849
79 20 -20.977475742611293
79 21 -20.848686571678314
79 22 -20.761336377812448
79 23 -20.70627527937503
79 24 -20.676421512850453
79 25 -20.666265174916585
80 1 -52.527812162696335
80 2 -51.520619208209204
80 3 -48.838430417045856
80 4 -44.765663487365856
80 5 -39.9248150555281
80 6 -35.0017854721121
80 7 -30.503236850054538
80 8 -26.6804265350451
80 9 -23.582477679127376
80 10 -21.145463216474695
80 11 -19.262132648796815
80 12 -17.821369417969127
80 13 -16.72533458766351
80 14 -15.894255539115568
80 15 -15.26563597307442
80 16 -14.7915211628279
80 17 -14.435477801430933
80 18 -14.169922446990308
80 19 -13.973963760896456
80 20 -13.831735789655522
80 21 -13.73113974565866
80 22 -13.662904826434938
80 23 -13.619890331824715
80 24 -13.596567290931304
80 25 -13.588632595291783
81 1 -51.71229781986951
81 2 -50.72742618794332
81 3 -48.10026757175577
81 4 -44.09875241524339
81 5 -39.323185585179544
81 6 -34.44478903115604
81 7 -29.967715372966335
81 8 -26.148572933254297
81 9 -23.043717142763814
81 10 -20.59502701997799
81 11 -18.698895128486097
81 12 -17.246108922900046
81 13 -16.139630628182484
81 14 -15.29988434238828
81 15 -14.664279694789304
81 16 -14.184651819816319
81 17 -13.824329853107006
81 18 -13.555505916041003
81 19 -13.35709286765241
81 20 -13.213060946231337
81 21 -13.111177534257306
81 22 -13.042063983948896
81 23 -12.998493369881091
81 24 -12.974868073482698
81 25 -12.966830440240326
82 1 -51.12961047552881
82 2 -50.160848112912674
82 3 -47.57268597587743
82 4 -43.61942148443358
82 5 -38.88373960349866
82 6 -34.0260838499336
82 7 -29.550147089953075
82 8 -25.71835896940122
82 9 -22.593939100924683
82 10 -20.123923353491236
82 11 -18.207694663234218
82 12 -16.73738909920561
82 13 -15.616330451217967
82 14 -14.764803540060266
82 15 -14.119871383813962
82 16 -13.63297047374091
82 17 -13.267051856862112
82 18 -12.99397822707433
82 19 -12.792387876920504
82 20 -12.646027833856264
82 21 -12.54248658507754
82 22 -12.472243238667641
82 23 -12.42795822558372
82 24 -12.403944868898913
82 25 -12.39577510889408
83 1 -50.782920374193296
83 2 -49.8239205619733
83 3 -47.2587261041646
83 4 -43.33177429127955
83 5 -38.6136058358388
83 6 -33.75797769412168
83 7 -29.26955318237818
83 8 -25.416085721068388
83 9 -22.266456578124952
83 10 -19.771707223762565
83 11 -17.833360455531732
83 12 -16.34434470784656
83 13 -15.208003897203874
83 14 -14.344280747641317
83 15 -13.689773037475966
83 16 -13.195449604174165
83 17 -12.823843244412604
83 18 -12.546463765984775
83 19 -12.34166111771469
83 20 -12.1929509727112
83 21 -12.087738075227657
83 22 -12.0163563809069
83 23 -11.97135191646122
83 24 -11.946947868763754
83 25 -11.938645103200939
84 1 -50.568630622787296
84 2 -49.61581168629654
84 3 -47.064521406011494
84 4 -43.15142620847862
84 5 -38.43798192034743
84 6 -33.573571757203595
84 7 -29.06466910407856
84 8 -25.184110059080112
84 9 -22.005789762881474
84 10 -19.48412293238752
84 11 -17.522298341567474
84 12 -16.013721911643575
84 13 -14.861560547519726
84 14 -13.98529479157064
84 15 -13.320984680421208
84 16 -12.819087521158972
84 17 -12.441691056653879
84 18 -12.159935605326456
84 19 -11.951872311745142
84 20 -11.800778777706139
84 21 -11.693871602257447
84 22 -11.621336640936027
84 23 -11.57560349871303
84 24 -11.550803814586839
84 25 -11.54236636951852
85 1 -50.436126386669244
85 2 -49.48723655583917
85 3 -46.94405868473985
85 4 -43.0365791544203
85 5 -38.31889237436815
85 6 -33.43744577454258
85 7 -28.90122543315568
85 8 -24.988244764593677
85 9 -21.777209864546872
85 10 -19.225630562548865
85 11 -17.23810801892599
85 12 -15.708324142346083
85 13 -14.539117658299144
85 14 -13.64939617383189
85 15 -12.974601456847786
85 16 -12.464620710233266
85 17 -12.081053823999861
85 18 -11.79464014666046
85 19 -11.583108686253421
85 20 -11.429481541659246
85 21 -11.320774039214854
85 22 -11.247013971213482
85 23 -11.200506903142317
85 24 -11.175287060886188
85 25 -11.166706595632649
86 1 -50.37061547503058
86 2 -49.423707649974155
86 3 -46.88378904640111
86 4 -42.97548174852786
86 5 -38.247350825401014
86 6 -33.344187356143955
86 7 -28.77780640197361
86 8 -24.83106175594303
86 9 -21.586944895730824
86 10 -19.005615115193674
86 11 -16.992790447556317
86 12 -15.442260484901936
86 13 -14.256451523719237
86 14 -13.353662574507961
86 15 -12.668706998426833
86 16 -12.150903934037167
86 17 -11.761372477995009
86 18 -11.470459490356856
86 19 -11.255580075218802
86 20 -11.099508135695327
86 21 -10.989063918596818
86 22 -10.914122266775236
86 23 -10.866868864332844
86 24 -10.841243874262165
86 25 -10.832525502902046
87 1 -50.34748165801972
87 2 -49.40122758735801
87 3 -46.86127950981479
87 4 -42.94784609111226
87 5 -38.205262976851
87 6 -33.277544411337786
87 7 -28.679508789940606
87 8 -24.698559391376282
87 9 -21.421563011295042
87 10 -18.81099406267166
87 11 -16.773474536582444
87 12 -15.20278770651536
87 13 -14.000896753567313
87 14 -13.085476554241955
87 15 -12.390713841280684
87 16 -11.86536877262426
87 17 -11.47009089467208
87 18 -11.174845567554534
87 19 -10.956743744135585
87 20 -10.79831937344447
87 21 -10.686204399536846
87 22 -10.61012620047684
87 23 -10.562154977356597
87 24 -10.5361403395464
87 25 -10.527289341248057
88 1 -50.34981329306015
88 2 -49.403331950357966
88 3 -46.86134482446505
88 4 -42.940689773885076
88 5 -38.18271108951569
88 6 -33.231266938602076
88 7 -28.603972563322408
88 8 -24.592126843829718
88 9 -21.285815077073224
88 10 -18.64937952857612
88 11 -16.590121008692755
88 12 -15.001747258599822
88 13 -13.785775756531436
88 14 -12.859313049534924
88 15 -12.155985913118837
88 16 -11.624059587203101
88 17 -11.223770090859052
88 18 -10.924747934741022
88 19 -10.70383771854893
88 20 -10.543363591452998
88 21 -10.429793046752714
88 22 -10.352724785151734
88 23 -10.304128300522361
88 24 -10.277774271544983
88 25 -10.268807754479269
89 1 -50.36707001669789
89 2 -49.41972470114192
89 3 -46.874065024378794
89 4 -42.94387822426001
89 5 -38.168018842630076
89 6 -33.19060136914508
89 7 -28.532228447849928
89 8 -24.48810507871654
89 9 -21.151462449355115
89 10 -18.488422504858004
89 11 -16.406889314365298
89 12 -14.800437996775752
89 13 -13.570099337749825
89 14 -12.63238263670593
89 15 -11.92033434128878
89 16 -11.381710336087737
89 17 -10.976322782839798
89 18 -10.67345987117148
89 19 -10.449694383528227
89 20 -10.287136630038995
89 21 -10.172086636777399
89 22 -10.094012152792475
89 23 -10.044780234798
89 24 -10.01808130417454
89 25 -10.008997394338827
90 1 -50.39241159353407
90 2 -49.443741461654405
90 3 -46.8933243337582
90 4 -42.95236221979081
90 5 -38.15779646137071
90 6 -33.15431811967801
90 7 -28.46547281889774
90 8 -24.390117745553447
90 9 -21.024358697221363
90 10 -18.335905062458743
90 11 -16.233161496717685
90 12 -14.609532593131146
90 13 -13.36556164640878
90 14 -12.41717728515622
90 15 -11.696868084710486
90 16 -11.151903112072327
90 17 -10.741690810381147
90 18 -10.435194029203249
90 19 -10.208727602619401
90 20 -10.044199125694476
90 21 -9.92774998968064
90 22 -9.848723967941602
90 23 -9.798891177395975
90 24 -9.771866112837976
90 25 -9.762671199418358
91 1 -50.41998147270008
91 2 -49.4697026021691
91 3 -46.91392045642382
91 4 -42.96168457286396
91 5 -38.14851207815283
91 6 -33.119882074842415
91 7 -28.402142143178455
91 8 -24.2974815654028
91 9 -20.90457643876311
91 10 -18.19252442096889
91 11 -16.070137178762945
91 12 -14.430627397762395
91 13 -13.174068387856249
91 14 -12.21584178587299
91 15 -11.48791543527345
91 16 -10.937106153269388
91 17 -10.522448394554829
91 18 -10.212604179352036
91 19 -9.983650124877242
91 20 -9.817306782914406
91 21 -9.69956926753462
91 22 -9.619667088057028
91 23 -9.569281046798974
91 24 -9.54195570268019
91 25 -9.532658586531898
92 1 -50.44651208291064
92 2 -49.49443809596759
92 3 -46.93291383827505
92 4 -42.9691728526627
92 5 -38.137677555661604
92 6 -33.084839827711725
92 7 -28.33967629342989
92 8 -24.207439221003458
92 9 -20.789125331423623
92 10 -18.0550601423995
92 11 -15.914389553288824
92 12 -14.260120778919601
92 13 -12.991875032321415
92 14 -12.024517523896735
92 15 -11.289528190092302
92 16 -10.73330180589366
92 17 -10.314524660278732
92 18 -10.001579155130285
92 19 -9.770320724974274
92 20 -9.60229638545679
92 21 -9.483365611788912
92 22 -9.402652002620146
92 23 -9.351753600313026
92 24 -9.324150175170704
92 25 -9.314758412569722
93 1 -50.47055934718231
93 2 -49.51651652125695
93 3 -46.948864839576046
93 4 -42.97325473649703
93 5 -38.12336539172049
93 6 -33.046670200569125
93 7 -28.27479465081565
93 8 -24.11589308348354
93 9 -20.67312458946837
93 10 -17.917936311571825
93 11 -15.759756389996639
93 12 -14.091372388503085
93 13 -12.811960032797069
93 14 -11.83588369977423
93 15 -11.094153291789798
93 16 -10.532758448548943
93 17 -10.110051962447379
93 18 -9.794148776290044
93 19 -9.56069296534626
93 20 -9.391065830795279
93 21 -9.270997387578724
93 22 -9.189510185644517
93 23 -9.138123328511462
93 24 -9.110254802071807
93 25 -9.10077281144981
94 1 -50.48902998578671
94 2 -49.53306440840677
94 3 -46.95954248282098
94 4 -42.97284164415575
94 5 -38.10612636777826
94 6 -33.007933407093525
94 7 -28.21222378811968
94 8 -24.029680111313777
94 9 -20.56531659809909
94 10 -17.79152453890657
94 11 -15.617950768504615
94 12 -13.9371718533877
94 13 -12.647962024293928
94 14 -11.664240399384779
94 15 -10.916601438289412
94 16 -10.350677831062631
94 17 -9.924529106669791
94 18 -9.60603531418414
94 19 -9.370655067139587
94 20 -9.19962434791957
94 21 -9.07855969660992
94 22 -8.99639512164007
94 23 -8.944580575742462
94 24 -8.916479931655035
94 25 -8.906918939663493
95 1 -50.503583135412136
95 2 -49.54552528601155
95 3 -46.9657075991938
95 4 -42.96734344728553
95 5 -38.083240443893715
95 6 -32.96311501937819
95 7 -28.143298273593008
95 8 -23.93697595367742
95 9 -20.45097233615408
95 10 -17.658582803111425
95 11 -15.469645470577976
95 12 -13.776509851000156
95 13 -12.477540377283953
95 14 -11.486207202747545
95 15 -10.732688112962672
95 16 -10.162258834967103
95 17 -9.732686150694857
95 18 -9.41161590790825
95 19 -9.174321957415728
95 20 -9.001895595810018
95 21 -8.879840431304595
95 22 -8.7970023826816
95 23 -8.744762621284739
95 24 -8.716431205452354
95 25 -8.70679167070667
96 1 -50.51263705065853
96 2 -49.55241551460251
96 3 -46.96616452832611
96 4 -42.95607977288251
96 5 -38.054771347340576
96 6 -32.91319551098124
96 7 -28.06999065876233
96 8 -23.840722199610788
96 9 -20.333909965182308
96 10 -17.523679768368037
96 11 -15.320027690695666
96 12 -13.615070290952419
96 13 -12.306770923309935
96 14 -11.3081653924194
96 15 -10.549030456156054
96 16 -9.974299267619301
96 17 -9.54145816242255
96 18 -9.217928893298243
96 19 -8.978808666779631
96 20 -8.805050532862703
96 21 -8.68205024062561
96 22 -8.598569603171171
96 23 -8.54592413705085
96 24 -8.517372541777485
96 25 -8.507658069867839
97 1 -50.5156740713942
97 2 -49.553133652500854
97 3 -46.96005732700955
97 4 -42.93771729442449
97 5 -38.018666616042644
97 6 -32.85520909221144
97 7 -27.98832737401365
97 8 -23.73594928765415
97 9 -20.20825271813877
97 10 -17.380158775705798
97 11 -15.161796466536458
97 12 -13.445034044083807
97 13 -12.127425317024162
97 14 -11.121567511662919
97 15 -10.356834514260512
97 16 -9.777816312614366
97 17 -9.341718814459622
97 18 -9.015739960241966
97 19 -8.774800682479032
97 20 -8.599716157311226
97 21 -8.4757746130415
97 22 -8.39165404855733
97 23 -8.338604569329762
97 24 -8.309833716219082
97 25 -8.300044621340056
98 1 -50.512650329013205
98 2 -49.548037181740156
98 3 -46.94891025271056
98 4 -42.91583741868252
98 5 -37.98143318658474
98 6 -32.79922014953501
98 7 -27.91218367230547
98 8 -23.640226917394294
98 9 -20.094893990993544
98 10 -17.251747675732318
98 11 -15.02100900687378
98 12 -13.294325039730278
98 13 -11.968898141032383
98 14 -10.956953037460098
98 15 -10.187523075536344
98 16 -9.604908957832821
98 17 -9.166080597725383
98 18 -8.838047802461748
98 19 -8.595583450620174
98 20 -8.419386984331146
98 21 -8.294656415520702
98 22 -8.209999440416397
98 23 -8.156611311422003
98 24 -8.127656676046177
98 25 -8.117805032510484
99 1 -50.50289958557414
99 2 -49.535953061064475
99 3 -46.930062670483565
99 4 -42.88511939255317
99 5 -37.93391496623259
99 6 -32.73135842032334
99 7 -27.822601336789198
99 8 -23.529639933359324
99 9 -19.965444873956894
99 10 -17.106234435076598
99 11 -14.862307164133934
99 12 -13.125061582035572
99 13 -11.791318348415725
99 14 -10.772901559008377
99 15 -9.998479997308422
99 16 -9.412045495070943
99 17 -8.970316418333608
99 18 -8.640102270755854
99 19 -8.396018425697783
99 20 -8.218641274685275
99 21 -8.09307295099827
99 22 -8.007846459741083
99 23 -7.954098790260708
99 24 -7.9249490385074095
99 25 -7.915030989315122
100 1 -50.486610551433614
100 2 -49.51733253548255
100 3 -46.90472811047062
100 4 -42.848118253049435
100 5 -37.88057122539601
100 6 -32.65839518136955
100 7 -27.728825565430977
100 8 -23.41583000549707
100 9 -19.833701869141542
100 10 -16.959252537090318
100 11 -14.70283368118901
100 12 -12.955595708849522
100 13 -11.613990577034368
100 14 -10.589459243119098
100 15 -9.810323516566498
100 16 -9.220282077179494
100 17 -8.775814969438171
100 18 -8.443542153891313
100 19 -8.197930087083428
100 20 -8.019438891657465
100 21 -7.893080147954256
100 22 -7.807316342992376
100 23 -7.753229472494656
100 24 -7.723895645381448
100 25 -7.713914948689375
101 1 -50.463940924689894
101 2 -49.49232783658455
101 3 -46.87303761804047
101 4 -42.80491376447977
101 5 -37.82138913185091
101 6 -32.580185838244795
101 7 -27.630555957336295
101 8 -23.298336091046018
101 9 -19.69905369999573
101 10 -16.81005935931377
101 11 -14.541736219034293
101 12 -12.784986185967922
101 13 -11.435903029050298
101 14 -10.405559068074911
101 15 -9.621943844977311
101 16 -9.028476088214962
101 17 -8.581408657033732
101 18 -8.247181045163924
101 19 -8.000118045294816
101 20 -7.820569243387919
101 21 -7.693460171250053
101 22 -7.607186328999488
101 23 -7.55277748629544
101 24 -7.5232689364802585
101 25 -7.513228775792511
102 1 -50.43246240270708
102 2 -49.45831878148017
102 3 -46.83182164128967
102 4 -42.7513904683622
102 5 -37.75094123614063
102 6 -32.489741638104995
102 7 -27.519159067509474
102 8 -23.166949916294463
102 9 -19.5498879113473
102 10 -16.645852618453954
102 11 -14.365239198746549
102 12 -12.598680051921482
102 13 -11.241891792906639
102 14 -10.205562353487505
102 15 -9.417336492317412
102 16 -8.820343275072842
102 17 -8.37060093209858
102 18 -8.03436281516924
102 19 -7.785807730944757
102 20 -7.605171431788424
102 21 -7.477290878137662
102 22 -7.390492644784305
102 23 -7.335752779086955
102 24 -7.306064598365583
102 25 -7.295963303756163
103 1 -50.395775957094834
103 2 -49.41920281974765
103 3 -46.78582007209012
103 4 -42.693721784863726
103 5 -37.6773649470859
103 6 -32.39751318185784
103 7 -27.407503777907063
103 8 -23.03684386432639
103 9 -19.403423663854948
103 10 -16.485581835129025
103 11 -14.19370544504843
103 12 -12.418167795647692
103 13 -11.054332972712498
103 14 -10.012533076572709
103 15 -9.220095258533165
103 16 -8.61988253295932
103 17 -8.167698037967842
103 18 -7.82962470711469
103 19 -7.579707818286459
103 20 -7.398079075503385
103 21 -7.269494522991861
103 22 -7.18221779166037
103 23 -7.1271758829826775
103 24 -7.097323800645225
103 25 -7.087166725752447
104 1 -50.35490546236174
104 2 -49.37600025265763
104 3 -46.73603590089145
104 4 -42.632861811497754
104 5 -37.60151847828438
104 6 -32.30421581195275
104 7 -27.296131671813473
104 8 -22.908377024787125
104 9 -19.25984718566635
104 10 -16.329280731239955
104 11 -14.027040448072885
104 12 -12.243250509640186
104 13 -10.872944496953403
104 14 -9.826123908910438
104 15 -9.029822179358522
104 16 -8.42665697248138
104 17 -7.972233435188239
104 18 -7.632477831815545
104 19 -7.381312796389448
104 20 -7.1987745303869035
104 21 -7.069544844851354
104 22 -6.981829647231352
104 23 -6.92651097371376
104 24 -6.8965087096275415
104 25 -6.886300524133344
105 1 -50.30561102074832
105 2 -49.32422116818765
105 3 -46.67727174134909
105 4 -42.562417498925534
105 5 -37.515383405827336
105 6 -32.19993071221608
105 7 -27.173149401057294
105 8 -22.76778435146632
105 9 -19.103736484685875
105 10 -16.160130410331718
105 11 -13.847286723588782
105 12 -12.055063637125569
105 13 -10.678150252057817
105 14 -9.626206530249414
105 15 -8.825963878166204
105 16 -8.219788379883617
105 17 -7.763082542135084
105 18 -7.421612489151229
105 19 -7.169175610850354
105 20 -6.985710648241429
105 21 -6.855823696138848
105 22 -6.767661808097746
105 23 -6.71206118788621
105 24 -6.681905933197696
105 25 -6.671645681629314
106 1 -50.25151420482717
106 2 -49.267672328593356
106 3 -46.613854401456
106 4 -42.4875837220101
106 5 -37.42531855846657
106 6 -32.092360994306055
106 7 -27.04764334685798
106 8 -22.625454168343033
106 9 -18.94662665302681
106 10 -15.990629349605861
106 11 -13.667726040037325
106 12 -11.867511873975548
106 13 -10.484342980224953
106 14 -9.427552090932977
106 15 -8.62358259001186
106 16 -8.014561336006953
106 17 -7.555698514613339
106 18 -7.212608467468739
106 19 -6.958969990878824
106 20 -6.774629606019758
106 21 -6.644121800931533
106 22 -6.555537991877397
106 23 -6.499671068333853
106 24 -6.469371314422666
106 25 -6.459061887026497
107 1 -50.18838761077922
107 2 -49.201934825166035
107 3 -46.54082793463759
107 4 -42.40251028761867
107 5 -37.32427836588353
107 6 -31.97308495687005
107 7 -26.909780021220296
107 8 -22.470227655169513
107 9 -18.776193990561083
107 10 -15.807476906730257
107 11 -13.474264488358104
107 12 -11.665871089592418
107 13 -10.276305171366156
107 14 -9.214560762216273
107 15 -8.406784524131847
107 16 -7.794857581924789
107 17 -7.333792952683016
107 18 -6.989049582100035
107 19 -6.7341849695485
107 20 -6.548951383111741
107 21 -6.417810165352894
107 22 -6.3287959232520254
107 23 -6.2726573335136
107 24 -6.242210173535877
107 25 -6.231850581525751
108 1 -50.11905923480378
108 2 -49.12996034605182
108 3 -46.461489673632556
108 4 -42.311066771665175
108 5 -37.21689248870877
108 6 -31.84760236380534
108 7 -26.765947984883177
108 8 -22.309325203278004
108 9 -18.60038851433317
108 10 -15.619234179484852
108 11 -13.275958912693733
108 12 -11.459591744940253
108 13 -10.063795311079206
108 14 -8.997229650664536
108 15 -8.18575022517706
108 16 -7.570997715444826
108 17 -7.10779260026648
108 18 -6.761442292513789
108 19 -6.505386131004668
108 20 -6.31928463740124
108 21 -6.187527994632824
108 22 -6.098095566564101
108 23 -6.041693050130056
108 24 -6.011102686688278
108 25 -6.000694360750962
109 1 -50.04250714105392
109 2 -49.05068234331599
109 3 -46.37464806554638
109 4 -42.21185378217301
109 5 -37.10148427208751
109 6 -31.713918105455157
109 7 -26.61382617197659
109 8 -22.140120393094204
109 9 -18.416315901675482
109 10 -15.422782496380243
109 11 -13.069508687097832
109 12 -11.245228790988875
109 13 -9.843255366789329
109 14 -8.77191322082717
109 15 -7.956766905421585
109 16 -7.339217611551344
109 17 -6.87389442933983
109 18 -6.52595435776504
109 19 -6.268719568991127
109 20 -6.081759679905046
109 21 -5.949394407378935
109 22 -5.859548434614374
109 23 -5.802884930587508
109 24 -5.772152961582907
109 25 -5.761696445983359
110 1 -49.96428374898695
110 2 -48.969832300627864
110 3 -46.28652912664358
110 4 -42.111899740697304
110 5 -36.986122465813324
110 6 -31.58126386337721
110 7 -26.463809933469072
110 8 -21.974079763316233
110 9 -18.236370370981156
110 10 -15.231285631558789
110 11 -12.86869746997314
110 12 -11.037055477496208
110 13 -9.62934022119186
110 14 -8.553561140210153
110 15 -7.7350103549791625
110 16 -7.114865423471438
110 17 -6.647577069267225
110 18 -6.298162306616336
110 19 -6.039834375684423
110 20 -5.85207844138969
110 21 -5.719148793824556
110 22 -5.628919367910482
110 23 -5.572013876100228
110 24 -5.541150613285723
110 25 -5.530649417646883
111 1 -49.87844562982109
111 2 -48.88125253978583
111 3 -46.19038045492178
111 4 -42.0034788342983
111 5 -36.861806029628234
111 6 -31.43919859270581
111 7 -26.304004798313905
111 8 -21.797961770945896
111 9 -18.046137760238178
111 10 -15.029352981624479
111 11 -12.657345940797944
111 12 -10.818268282441444
111 13 -9.404759067863884
111 14 -8.324505796797872
111 15 -7.502523688725102
111 16 -6.879763633586723
111 17 -6.410495912566228
111 18 -6.059596118539381
111 19 -5.800167551260607
111 20 -5.611610205160153
111 21 -5.478112423882786
111 22 -5.387497012796812
111 23 -5.330347944321463
111 24 -5.2993525285257155
111 25 -5.288806360903727
112 1 -49.78156440771648
112 2 -48.78141327371665
112 3 -46.08239358922244
112 4 -41.88233444858452
112 5 -36.7237038265903
112 6 -31.282256451180857
112 7 -26.128316691071927
112 8 -21.605099367043803
112 9 -17.83845850689448
112 10 -14.809418803643611
112 11 -12.427562641371212
112 12 -10.580719371307676
112 13 -9.161164744425331
112 14 -8.076246361251952
112 15 -7.250688376063493
112 16 -6.625204092114018
112 17 -6.1538750254765295
112 18 -5.801429031374736
112 19 -5.540854676684098
112 20 -5.351463140760224
112 21 -5.2173740386991145
112 22 -5.126356912817783
112 23 -5.068954351207581
112 24 -5.037821405362391
112 25 -5.027228436400071
113 1 -49.691091647748934
113 2 -48.68828013720873
113 3 -45.98194765203136
113 4 -41.77012138959411
113 5 -36.59639257960642
113 6 -31.138247945581337
113 7 -25.96776275216385
113 8 -21.42943918999409
113 9 -17.649801036475505
113 10 -14.610033761955531
113 11 -12.219569584662924
113 12 -10.365947297625112
113 13 -8.941119988340365
113 14 -7.852135495001421
113 15 -7.023462328362522
113 16 -6.395605675299401
113 17 -5.922482006371256
113 18 -5.568690174532142
113 19 -5.307118661384609
113 20 -5.117001226565429
113 21 -4.982397607936898
113 22 -4.8910309639046385
113 23 -4.83340785480294
113 24 -4.802155255833136
113 25 -4.791521569424229
114 1 -49.591930992572976
114 2 -48.586292959124016
114 3 -45.872204830125604
114 4 -41.64793826642914
114 5 -36.458310830885516
114 6 -30.982655856966346
114 7 -25.794884404678566
114 8 -21.24082770476223
114 9 -17.447686676642316
114 10 -14.396796029631375
114 11 -11.997419310280009
114 12 -10.136785928108154
114 13 -8.706509945852138
114 14 -7.613326237375128
114 15 -6.781437414574896
114 16 -6.151132733177353
114 17 -5.676157714312244
114 18 -5.320977759094233
114 19 -5.058377906075482
114 20 -4.867511952532119
114 21 -4.7323778246651464
114 22 -4.64065081741971
114 23 -4.582800325419266
114 24 -4.551424367459363
114 25 -4.540748702895791
115 1 -49.484662840495766
115 2 -48.47605106701309
115 3 -45.75381714733791
115 4 -41.51652380128407
115 5 -36.310311644264836
115 6 -30.81646329438231
115 7 -25.610796913088627
115 8 -21.040503395167995
115 9 -17.23346170631354
115 10 -14.171142003681407
115 11 -11.762621234124119
115 12 -9.894802605326417
115 13 -8.458947263014592
115 14 -7.361466315418854
115 15 -6.52628832187392
115 16 -5.893480532232748
115 17 -5.41661301035224
115 18 -5.060014356256665
115 19 -4.79636366658637
115 20 -4.60473290107023
115 21 -4.469056757831026
115 22 -4.376961591143742
115 23 -4.318878805107778
115 24 -4.287376826404869
115 25 -4.276658278307148
116 1 -49.36875055429363
116 2 -48.35700322295255
116 3 -45.62619388601158
116 4 -41.375225625917096
116 5 -36.151666604095766
116 6 -30.638861280853362
116 7 -25.41461471489588
116 8 -20.82751329538753
116 9 -17.006116917105473
116 10 -13.932017184316448
116 11 -11.51408520901884
116 12 -9.638879524862302
116 13 -8.197292868288782
116 14 -7.095400399359765
116 15 -6.256847346618004
116 16 -5.621471992540609
116 17 -5.142663748495743
116 18 -4.784610535886302
116 19 -4.519882605878787
116 20 -4.327467895420277
116 21 -4.191236220109293
116 22 -4.098763732997014
116 23 -4.040442881058765
116 24 -4.0088117530303204
116 25 -3.9980492571800497
117 1 -49.26272283713615
117 2 -48.248163901236275
117 3 -45.50967570501662
117 4 -41.24649251366014
117 5 -36.00748780633986
117 6 -30.47785994669784
117 7 -25.23717702315015
117 8 -20.635247107028746
117 9 -16.80121422458494
117 10 -13.716762244091322
117 11 -11.290570625867645
117 12 -9.408888261697294
117 13 -7.962280416923584
117 14 -6.856525233128258
117 15 -6.015018259772727
117 16 -5.377396448216283
117 17 -4.896890606708606
117 18 -4.537565286819876
117 19 -4.271895365846742
117 20 -4.078795203544417
117 21 -3.9420778262627834
117 22 -3.849275463886188
117 23 -3.790746487726499
117 24 -3.7590024557139357
117 25 -3.748201540504915
118 1 -49.1462899301091
118 2 -48.128693362662844
118 3 -45.38191898469609
118 4 -41.10558340453394
118 5 -35.84999422811778
118 6 -30.302357597125834
118 7 -25.04412883395797
118 8 -20.426407914311262
118 9 -16.578944951728882
118 10 -13.48350775233081
118 11 -11.04856200308723
118 12 -9.160021500612185
118 13 -7.708100423231449
118 14 -6.598260002452035
118 15 -5.753630175179698
118 16 -5.113634139464491
118 17 -4.631334551279599
118 18 -4.27066529863159
118 19 -4.004000323495581
118 20 -3.810176162907675
118 21 -3.672945803546374
118 22 -3.5797950537623255
118 23 -3.521046280274289
118 24 -3.489183013910461
118 25 -3.4783415255407903
119 1 -49.024227151238314
119 2 -48.00349113782209
119 3 -45.248162527775854
119 4 -40.95827688648416
119 5 -35.68564718965111
119 6 -30.119559379069713
119 7 -24.8434022891226
119 8 -20.209583947748868
119 9 -16.34845659301276
119 10 -13.241859482194316
119 11 -10.798030828067613
119 12 -8.902537543451166
119 13 -7.445233575481747
119 14 -6.331256489913894
119 15 -5.483465725307648
119 16 -4.841067215658251
119 17 -4.356952937441007
119 18 -3.9949242844125683
119 19 -3.7272529257006
119 20 -3.5326965890387045
119 21 -3.394947486578071
119 22 -3.3014444525375763
119 23 -3.2424734297184816
119 24 -3.2104896009514428
119 25 -3.1996070878269807
120 1 -48.90573614821104
120 2 -47.88198784207084
120 3 -45.11845966034183
120 4 -40.8156093119825
120 5 -35.52671381291996
120 6 -29.943058697578707
120 7 -24.649873640371048
120 8 -20.00079874221138
120 9 -16.126743397831007
120 10 -13.009602440922968
120 11 -10.557390270477184
120 12 -8.65534048323805
120 13 -7.192963603260224
120 14 -6.075089914299189
120 15 -5.224322716444323
120 16 -4.57966257664099
120 17 -4.09384034069392
120 18 -3.73053243583587
120 19 -3.461914135447235
120 20 -3.2666689254702512
120 21 -3.128431788619596
120 22 -3.0345973385969818
120 23 -2.975417237502196
120 24 -2.943319992985769
120 25 -2.932398887231932
121 1 -48.777161139002835
121 2 -47.750175432414565
121 3 -44.977842840404165
121 4 -40.661094220160834
121 5 -35.354799009041336
121 6 -29.752395674425
121 7 -24.441078446652547
121 8 -19.77578936299628
121 9 -15.888016724397808
121 10 -12.759702541967677
121 11 -10.29861529926326
121 12 -8.389629894585937
121 13 -6.92188990313923
121 14 -5.799898525247964
121 15 -4.945987069833186
121 16 -4.29893838272699
121 17 -3.8113126853732244
121 18 -3.446654188975309
121 19 -3.177036244552847
121 20 -2.981063877996014
121 21 -2.842311613440636
121 22 -2.7481273623055453
121 23 -2.6887265900241113
121 24 -2.65650964291596
121 25 -2.6455478055446635
122 1 -48.6441257892489
122 2 -47.61381734423333
122 3 -44.83245577885462
122 4 -40.501476070446735
122 5 -35.177400104259206
122 6 -29.555879769998647
122 7 -24.226112485119547
122 8 -19.544355423868947
122 9 -15.642672131074443
122 10 -12.503041087471846
122 11 -10.032973254277637
122 12 -8.116974918149115
122 13 -6.643815062703052
122 14 -5.517664189028583
122 15 -4.6605775733769885
122 16 -4.011117449161006
122 17 -3.521671340220819
122 18 -3.1556497449566083
122 19 -2.885023001608353
122 20 -2.6883168736501712
122 21 -2.5490448302021056
122 22 -2.4545076326313944
122 23 -2.3948842103817714
122 24 -2.3625464890456187
122 25 -2.351543555671614
123 1 -48.50372216397397
123 2 -47.469929916469134
123 3 -44.679108892175876
123 4 -40.33324028494607
123 5 -34.990595767854145
123 6 -29.349151530140055
123 7 -24.000192731347685
123 8 -19.30133526901263
123 9 -15.385227739038998
123 10 -12.233875435312111
123 11 -9.754514410084822
123 12 -7.831264026823233
123 13 -6.352502455306642
123 14 -5.222054240189738
123 15 -4.361688232545562
123 16 -3.7097380801359243
123 17 -3.218412554413227
123 18 -2.8509838595493067
123 19 -2.579315853065482
123 20 -2.3818524036533337
123 21 -2.2420439189734522
123 22 -2.1471424734659172
123 23 -2.0872892771942295
123 24 -2.054826918962943
123 25 -2.0437815754888056
124 1 -48.358276651246506
124 2 -47.32089426642536
124 3 -44.52033177456932
124 4 -40.159149790748
124 5 -34.79743933189772
124 6 -29.13557520150395
124 7 -23.766982289042033
124 8 -19.050657809104806
124 9 -15.119836331726832
124 10 -11.956540074234136
124 11 -9.467717188349631
124 12 -7.537087883394926
124 13 -6.05262939643215
124 14 -4.91781244294606
124 15 -4.054113504645415
124 16 -3.3996332152345
124 17 -2.9063983081115863
124 18 -2.537540252509355
124 19 -2.2648146046003292
124 20 -2.066581972325491
124 21 -1.92622867028176
124 22 -1.8309573015431881
124 23 -1.7708707562253887
124 24 -1.738281823514936
124 25 -1.7271934108858589
125 1 -48.19737500652932
125 2 -47.15603709518066
125 3 -44.344748541009764
125 4 -39.96672521262602
125 5 -34.58407911242621
125 6 -28.899831230725955
125 7 -23.509752000155082
125 8 -18.774341281662814
125 9 -14.82746197596747
125 10 -11.651144012994662
125 11 -9.152013641172074
125 12 -7.213350856703257
125 13 -5.72269300243126
125 14 -4.583123693683353
125 15 -3.715800141737734
125 16 -3.0585688519298735
125 17 -2.5632582076384156
125 18 -2.192846437027602
125 19 -1.9189712316139764
125 20 -1.7199026219484777
125 21 -1.5789572182749092
125 22 -1.4832838335850895
125 23 -1.4229437002465823
125 24 -1.3902172166066762
125 25 -1.3790820001503352
126 1 -48.021843823632466
126 2 -46.97620384487038
126 3 -44.15325653506496
126 4 -39.756947676209926
126 5 -34.351604180202436
126 6 -28.643128599686737
126 7 -23.22983017272657
126 8 -18.473823346900804
126 9 -14.509636707500764
126 10 -11.319297373384035
126 11 -8.809076668168286
126 12 -6.861775358265813
126 13 -5.364454238238286
126 14 -4.219778713820365
126 15 -3.3485616774410127
126 16 -2.6883759049990217
126 17 -2.190836320770731
126 18 -1.8187563475203365
126 19 -1.543646980415316
126 20 -1.3436809224511184
126 21 -1.2020999066666789
126 22 -1.1059949770814765
126 23 -1.0453826345815846
126 24 -1.0125085013073625
126 25 -1.0013230450483133
127 1 -47.83425607462275
127 2 -46.78402761884429
127 3 -43.94865221319202
127 4 -39.53287098608782
127 5 -34.103389684645265
127 6 -28.369187735121653
127 7 -22.931270274230442
127 8 -18.15345459293537
127 9 -14.170962000945849
127 10 -10.965805677835986
127 11 -8.443873681149672
127 12 -6.4874551991211185
127 13 -4.983104589651421
127 14 -3.833043943516356
127 15 -2.9577217647928395
127 16 -2.2944214768198976
127 17 -1.7945325489371702
127 18 -1.4206944442355554
127 19 -1.1442844863274355
127 20 -0.9433727288153698
127 21 -0.8011219548308234
127 22 -0.7045623100815149
127 23 -0.6436631485178638
127 24 -0.6106334427542032
127 25 -0.5993950510953439
128 1 -47.60135486480125
128 2 -46.54543521221217
128 3 -43.694653116839376
128 4 -39.25475631592434
128 5 -33.79542076853435
128 6 -28.029446382095454
128 7 -22.561167836797484
128 8 -17.75649151476075
128 9 -13.751477271423031
128 10 -10.528107911006728
128 11 -7.991790476965631
128 12 -6.024179099500967
128 13 -4.5112021851636905
128 14 -3.3545352412050566
128 15 -2.4741782231181455
128 16 -1.8070587722999343
128 17 -1.3042893696323121
128 18 -0.928295885353235
128 19 -0.6502915924901779
128 20 -0.4482206106698469
128 21 -0.3051488905322711
128 22 -0.20803190119677822
128 23 -0.14678119192025063
128 24 -0.11356080654111055
128 25 -0.10225753418109211
129 1 -47.28461700586042
129 2 -46.22095614928778
129 3 -43.349229405800195
129 4 -38.87658235950399
129 5 -33.376759112978256
129 6 -27.56776216295162
129 7 -22.058434788946922
129 8 -17.217492236874516
129 9 -13.182105530022891
129 10 -9.934197505506395
129 11 -7.378512884148008
129 12 -5.395841215966421
129 13 -3.8712626055107973
129 14 -2.705713750426393
129 15 -1.8185893458268079
129 16 -1.1463375250730616
129 17 -0.6396977811541769
129 18 -0.2608085507339241
129 19 0.01933754877677555
129 20 0.2229657211028827
129 21 0.36714017317985725
129 22 0.4650057901697552
129 23 0.5267286904013465
129 24 0.5602051892964134
129 25 0.5715956064562009
130 1 -45.381065714154985
130 2 -44.270500382566595
130 3 -41.27201870995741
130 4 -36.60160566393713
130 5 -30.85801660851667
130 6 -24.790854027516495
130 7 -19.03601783733659
130 8 -13.978819907344622
130 9 -9.762783807293127
130 10 -6.369227963603498
130 11 -3.6987799380596567
130 12 -1.6269806278318155
130 13 -0.033810434984666106
130 14 1.1842103389374512
130 15 2.1112915775904737
130 16 2.8138333136205502
130 17 3.343307262372512
130 18 3.7392765546318354
130 19 4.0320534037712505
130 20 4.244863461166035
130 21 4.395539477145804
130 22 4.497818606860491
130 23 4.562325171306247
130 24 4.597311472945869
130 25 4.609215607293482
