1  1  60.8951
1  2  60.904
1  3  60.9301
1  4  60.9777
1  5  61.0521
1  6  61.159
1  7  61.3051
1  8  61.497
1  9  61.7412
1  10  62.0428
1  11  62.4047
1  12  62.8258
1  13  63.2999
1  14  63.8151
1  15  64.3535
1  16  64.8932
1  17  65.411
1  18  65.8851
1  19  66.2988
1  20  66.6415
1  21  66.9096
1  22  67.1053
1  23  67.235
1  24  67.3075
1  25  67.3326
2  1  61.677
2  2  61.6874
2  3  61.7176
2  4  61.773
2  5  61.86
2  6  61.9864
2  7  62.1615
2  8  62.3957
2  9  62.7011
2  10  63.0901
2  11  63.5749
2  12  64.1653
2  13  64.8668
2  14  65.6769
2  15  66.5821
2  16  67.5564
2  17  68.5608
2  18  69.5474
2  19  70.4658
2  20  71.2712
2  21  71.9318
2  22  72.4319
2  23  72.772
2  24  72.9653
2  25  73.0325
3  1  62.0363
3  2  62.044
3  3  62.0665
3  4  62.1081
3  5  62.1737
3  6  62.2698
3  7  62.4044
3  8  62.5874
3  9  62.8308
3  10  63.1494
3  11  63.5604
3  12  64.083
3  13  64.7379
3  14  65.5441
3  15  66.5155
3  16  67.6547
3  17  68.9456
3  18  70.3465
3  19  71.7882
3  20  73.179
3  21  74.4204
3  22  75.428
3  23  76.1498
3  24  76.574
3  25  76.7241
4  1  62.1686
4  2  62.1715
4  3  62.1801
4  4  62.196
4  5  62.2212
4  6  62.2582
4  7  62.3103
4  8  62.3819
4  9  62.4782
4  10  62.6061
4  11  62.7746
4  12  62.9945
4  13  63.2794
4  14  63.6453
4  15  64.1101
4  16  64.6915
4  17  65.4031
4  18  66.2471
4  19  67.2052
4  20  68.2297
4  21  69.2407
4  22  70.1386
4  23  70.8298
4  24  71.2565
4  25  71.4113
5  1  62.255
5  2  62.2489
5  3  62.2309
5  4  62.1978
5  5  62.1453
5  6  62.0677
5  7  61.958
5  8  61.8067
5  9  61.6012
5  10  61.325
5  11  60.9561
5  12  60.4647
5  13  59.8114
5  14  58.9432
5  15  57.7902
5  16  56.2628
5  17  54.2515
5  18  51.6362
5  19  48.3149
5  20  44.267
5  21  39.6544
5  22  34.9205
5  23  30.7759
5  24  27.9612
5  25  26.8862
6  1  62.3301
6  2  62.3094
6  3  62.2488
6  4  62.137
6  5  61.9594
6  6  61.6975
6  7  61.3266
6  8  60.8147
6  9  60.1193
6  10  59.1838
6  11  57.9325
6  12  56.2634
6  13  54.0392
6  14  51.0748
6  15  47.1233
6  16  41.8619
6  17  34.8866
6  18  25.736
6  19  13.9824
6  20  -0.54742
6  21  -17.3859
6  22  -34.9865
6  23  -50.6695
6  24  -61.4687
6  25  -65.6256
7  1  62.4634
7  2  62.424
7  3  62.3083
7  4  62.095
7  5  61.7573
7  6  61.2607
7  7  60.5611
7  8  59.6021
7  9  58.3116
7  10  56.5972
7  11  54.3422
7  12  51.4007
7  13  47.5937
7  14  42.7106
7  15  36.5186
7  16  28.7898
7  17  19.3566
7  18  8.20325
7  19  -4.41239
7  20  -17.8464
7  21  -31.0496
7  22  -42.7292
7  23  -51.6915
7  24  -57.2105
7  25  -59.2102
8  1  62.7907
8  2  62.7275
8  3  62.5422
8  4  62.2017
8  5  61.6653
8  6  60.8825
8  7  59.7917
8  8  58.3188
8  9  56.376
8  10  53.8631
8  11  50.6703
8  12  46.6863
8  13  41.8122
8  14  35.9839
8  15  29.2019
8  16  21.5655
8  17  13.3001
8  18  4.76323
8  19  -3.58428
8  20  -11.247
8  21  -17.7852
8  22  -22.8955
8  23  -26.4533
8  24  -28.5052
8  25  -29.2243
9  1  63.3204
9  2  63.2363
9  3  62.9903
9  4  62.5398
9  5  61.834
9  6  60.8129
9  7  59.4072
9  8  57.5399
9  9  55.13
9  10  52.0988
9  11  48.3809
9  12  43.9391
9  13  38.7821
9  14  32.9835
9  15  26.693
9  16  20.1369
9  17  13.5991
9  18  7.38538
9  19  1.77793
9  20  -3.00591
9  21  -6.83906
9  22  -9.68864
9  23  -11.6014
9  24  -12.6792
9  25  -13.0527
10  1  63.9235
10  2  63.8245
10  3  63.5349
10  4  63.0062
10  5  62.1818
10  6  60.9973
10  7  59.3824
10  8  57.265
10  9  54.5781
10  10  51.2698
10  11  47.3167
10  12  42.7384
10  13  37.611
10  14  32.0734
10  15  26.3223
10  16  20.5938
10  17  15.1335
10  18  10.1623
10  19  5.84804
10  20  2.28959
10  21  -0.48421
10  22  -2.50319
10  23  -3.83838
10  24  -4.58373
10  25  -4.84084
11  1  64.4677
11  2  64.3587
11  3  64.0402
11  4  63.46
11  5  62.5582
11  6  61.2688
11  7  59.5229
11  8  57.2545
11  9  54.4091
11  10  50.9557
11  11  46.8998
11  12  42.2962
11  13  37.256
11  14  31.9447
11  15  26.5688
11  16  21.3504
11  17  16.4984
11  18  12.1811
11  19  8.50912
11  20  5.5313
11  21  3.24127
11  22  1.59129
11  23  0.50784
11  24  -0.0943384
11  25  -0.301622
12  1  64.9828
12  2  64.866
12  3  64.5249
12  4  63.9046
12  5  62.9431
12  6  61.5738
12  7  59.7298
12  8  57.3514
12  9  54.3954
12  10  50.8479
12  11  46.7371
12  12  42.142
12  13  37.1956
12  14  32.0762
12  15  26.9891
12  16  22.1397
12  17  17.7071
12  18  13.8232
12  19  10.5636
12  20  7.94924
12  21  5.95611
12  22  4.52932
12  23  3.59662
12  24  3.07965
12  25  2.90193
13  1  65.3927
13  2  65.2702
13  3  64.9128
13  4  64.2636
13  5  63.2594
13  6  61.8335
13  7  59.9211
13  8  57.4674
13  9  54.4384
13  10  50.8329
13  11  46.6945
13  12  42.1184
13  13  37.2501
13  14  32.2735
13  15  27.3896
13  16  22.7897
13  17  18.6319
13  18  15.025
13  19  12.0236
13  20  9.63311
13  21  7.82058
13  22  6.52832
13  23  5.68591
13  24  5.21978
13  25  5.05968
14  1  65.7281
14  2  65.601
14  3  65.2303
14  4  64.5575
14  5  63.5185
14  6  62.0469
14  7  60.0799
14  8  57.5674
14  9  54.4826
14  10  50.8353
14  11  46.6812
14  12  42.1275
14  13  37.3283
14  14  32.4699
14  15  27.7479
14  16  23.3416
14  17  19.3927
14  18  15.9927
14  19  13.1816
14  20  10.9542
14  21  9.27218
14  22  8.07653
14  23  7.29869
14  24  6.86884
14  25  6.72128
15  1  65.9765
15  2  65.8455
15  3  65.4636
15  4  64.7711
15  5  63.7033
15  6  62.1939
15  7  60.1823
15  8  57.6222
15  9  54.4936
15  10  50.8151
15  11  46.6522
15  12  42.1215
15  13  37.383
15  14  32.6236
15  15  28.0337
15  16  23.7822
15  17  19.9976
15  18  16.7584
15  19  14.0934
15  20  11.9903
15  21  10.4071
15  22  9.28427
15  23  8.55495
15  24  8.15231
15  25  8.01415
16  1  66.1291
16  2  65.9947
16  3  65.603
16  4  64.8935
16  5  63.8006
16  6  62.2588
16  7  60.209
16  8  57.6088
16  9  54.4442
16  10  50.741
16  11  46.5737
16  12  42.0658
16  13  37.3817
16  14  32.7084
16  15  28.2308
16  16  24.1089
16  17  20.4601
16  18  17.3522
16  19  14.8057
16  20  12.8027
16  21  11.2987
16  22  10.2341
16  23  9.54342
16  24  9.16241
16  25  9.03173
17  1  66.1704
17  2  66.0333
17  3  65.6339
17  4  64.9108
17  5  63.7982
17  6  62.2307
17  7  60.1511
17  8  57.52
17  9  54.3279
17  10  50.607
17  11  46.438
17  12  41.9499
17  13  37.3101
17  14  32.7048
17  15  28.3146
17  16  24.2922
17  17  20.7466
17  18  17.7378
17  19  15.2801
17  20  13.3518
17  21  11.9066
17  22  10.885
17  23  10.2229
17  24  9.85783
17  25  9.73266
18  1  66.1028
18  2  65.9632
18  3  65.5565
18  4  64.8205
18  5  63.6893
18  6  62.0978
18  7  59.9903
18  8  57.3305
18  9  54.1136
18  10  50.3772
18  11  46.2079
18  12  41.7399
18  13  37.1428
18  14  32.6016
18  15  28.2927
18  16  24.3618
18  17  20.9105
18  18  17.9915
18  19  15.6138
18  20  13.7525
18  21  12.3599
18  22  11.3768
18  23  10.7401
18  24  10.3893
18  25  10.2691
19  1  65.9268
19  2  65.785
19  3  65.3721
19  4  64.6253
19  5  63.4784
19  6  61.8667
19  7  59.736
19  8  57.0526
19  9  53.8153
19  10  50.0668
19  11  45.8986
19  12  41.4484
19  13  36.8877
19  14  32.4004
19  15  28.1589
19  16  24.3034
19  17  20.929
19  18  18.0829
19  19  15.7699
19  20  13.9626
19  21  12.6123
19  22  11.6599
19  23  11.0437
19  24  10.7042
19  25  10.5879
20  1  65.6731
20  2  65.5295
20  3  65.1116
20  4  64.3559
20  5  63.1962
20  6  61.5682
20  7  59.4188
20  8  56.7163
20  9  53.4631
20  10  49.7054
20  11  45.5386
20  12  41.1036
20  13  36.5728
20  14  32.1292
20  15  27.942
20  16  24.1466
20  17  20.8332
20  18  18.0447
20  19  15.7827
20  20  14.0176
20  21  12.7004
20  22  11.7721
20  23  11.1718
20  24  10.8412
20  25  10.728
21  1  65.3207
21  2  65.1755
21  3  64.7528
21  4  63.989
21  5  62.8173
21  6  61.1741
21  7  59.0073
21  8  56.2874
21  9  53.0195
21  10  49.2537
21  11  45.0889
21  12  40.6684
21  13  36.1659
21  14  31.763
21  15  27.6259
21  16  23.8857
21  17  20.6282
21  18  17.8921
21  19  15.6763
21  20  13.9496
21  21  12.6622
21  22  11.7557
21  23  11.1697
21  24  10.8471
21  25  10.7366
22  1  64.8955
22  2  64.7488
22  3  64.3219
22  4  63.5508
22  5  62.3685
22  6  60.7119
22  7  58.5298
22  8  55.7946
22  9  52.5142
22  10  48.7416
22  11  44.5789
22  12  40.1718
22  13  35.6944
22  14  31.3275
22  15  27.2342
22  16  23.5422
22  17  20.333
22  18  17.6423
22  19  15.4663
22  20  13.7725
22  21  12.5109
22  22  11.623
22  23  11.0493
22  24  10.7336
22  25  10.6254
23  1  64.358
23  2  64.2099
23  3  63.7789
23  4  63.0006
23  5  61.808
23  6  60.1383
23  7  57.9414
23  8  55.1914
23  9  51.899
23  10  48.1201
23  11  43.9598
23  12  39.566
23  13  35.1135
23  14  30.7815
23  15  26.7308
23  16  23.0852
23  17  19.9225
23  18  17.2752
23  19  15.1372
23  20  13.4749
23  21  12.2376
23  22  11.3675
23  23  10.8054
23  24  10.4962
23  25  10.3903
24  1  63.7265
24  2  63.577
24  3  63.1421
24  4  62.357
24  5  61.1548
24  6  59.4728
24  7  57.2619
24  8  54.4982
24  9  51.1946
24  10  47.4102
24  11  43.2526
24  12  38.8716
24  13  34.4425
24  14  30.1435
24  15  26.1325
24  16  22.53
24  17  19.4104
24  18  16.8031
24  19  14.7002
24  20  13.0667
24  21  11.8519
24  22  10.9979
24  23  10.4466
24  24  10.1434
24  25  10.0395
25  1  63.0304
25  2  62.8796
25  3  62.4412
25  4  61.6499
25  5  60.4387
25  6  58.7455
25  7  56.5219
25  8  53.7458
25  9  50.4322
25  10  46.6429
25  11  42.4881
25  12  38.1191
25  13  33.7116
25  14  29.4427
25  15  25.4678
25  16  21.9043
25  17  18.8235
25  18  16.2522
25  19  14.1807
25  20  12.573
25  21  11.3783
25  22  10.5389
25  23  9.99713
25  24  9.69919
25  25  9.59716
26  1  62.2479
26  2  62.096
26  3  61.6541
26  4  60.8569
26  5  59.6371
26  6  57.933
26  7  55.6974
26  8  52.9093
26  9  49.5864
26  10  45.7926
26  11  41.6407
26  12  37.2835
26  13  32.8969
26  14  28.6568
26  15  24.7163
26  16  21.1899
26  17  18.1459
26  18  15.6088
26  19  13.5669
26  20  11.9836
26  21  10.8077
26  22  9.98198
26  23  9.44921
26  24  9.15627
26  25  9.05596
27  1  61.4006
27  2  61.2476
27  3  60.8024
27  4  59.9994
27  5  58.7716
27  6  57.0572
27  7  54.8101
27  8  52.0109
27  9  48.6791
27  10  44.8814
27  11  40.7324
27  12  36.3866
27  13  32.0199
27  14  27.8071
27  15  23.8991
27  16  20.4076
27  17  17.398
27  18  14.8927
27  19  12.8784
27  20  11.3179
27  21  10.1595
27  22  9.34647
27  23  8.82205
27  24  8.53375
27  25  8.43504
28  1  60.4446
28  2  60.2904
28  3  59.8419
28  4  59.0332
28  5  57.7972
28  6  56.0725
28  7  53.8138
28  8  51.0034
28  9  47.663
28  10  43.8614
28  11  39.7157
28  12  35.3815
28  13  31.0349
28  14  26.8496
28  15  22.9742
28  16  19.5175
28  17  16.5422
28  18  14.0685
28  19  12.0816
28  20  10.5435
28  21  9.40257
28  22  8.60204
28  23  8.08585
28  24  7.80214
28  25  7.705
29  1  59.4583
29  2  59.303
29  3  58.8514
29  4  58.0373
29  5  56.7935
29  6  55.0591
29  7  52.7896
29  8  49.9688
29  9  46.6203
29  10  42.8153
29  11  38.6728
29  12  34.3497
29  13  30.0223
29  14  25.8628
29  15  22.0178
29  16  18.5935
29  17  15.6501
29  18  13.2057
29  19  11.2442
29  20  9.72686
29  21  8.60193
29  22  7.81297
29  23  7.30439
29  24  7.0249
29  25  6.92921
30  1  58.5092
30  2  58.3529
30  3  57.8985
30  4  57.0795
30  5  55.8287
30  6  54.0856
30  7  51.8064
30  8  48.9763
30  9  45.6207
30  10  41.8128
30  11  37.6734
30  12  33.3604
30  13  29.0502
30  14  24.9139
30  15  21.0961
30  16  17.7006
30  17  14.7856
30  18  12.3672
30  19  10.4282
30  20  8.92918
30  21  7.81842
30  22  7.03967
30  23  6.5378
30  24  6.26204
30  25  6.16763
31  1  57.5217
31  2  57.3645
31  3  56.9072
31  4  56.0834
31  5  54.8257
31  6  53.0739
31  7  50.7852
31  8  47.946
31  9  44.5834
31  10  40.7728
31  11  36.6366
31  12  32.3337
31  13  28.0406
31  14  23.9272
31  15  20.1362
31  16  16.7692
31  17  13.8819
31  18  11.4889
31  19  9.57183
31  20  8.09077
31  21  6.99382
31  22  6.22503
31  23  5.72969
31  24  5.45755
31  25  5.3644
32  1  56.5197
32  2  56.3615
32  3  55.9015
32  4  55.0729
32  5  53.8084
32  6  52.0481
32  7  49.75
32  8  46.9019
32  9  43.5326
32  10  39.7194
32  11  35.5865
32  12  31.2938
32  13  27.0175
32  14  22.9265
32  15  19.1618
32  16  15.8224
32  17  12.9621
32  18  10.5938
32  19  8.69798
32  20  7.23426
32  21  6.15067
32  22  5.39149
32  23  4.90247
32  24  4.63384
32  25  4.54189
33  1  55.5523
33  2  55.3932
33  3  54.9306
33  4  54.0974
33  5  52.8265
33  6  51.0581
33  7  48.7511
33  8  45.8945
33  9  42.519
33  10  38.7036
33  11  34.5739
33  12  30.2908
33  13  26.0306
33  14  21.961
33  15  18.221
33  16  14.9077
33  17  12.0728
33  18  9.72766
33  19  7.85182
33  20  6.40435
33  21  5.33327
33  22  4.5831
33  23  4.09997
33  24  3.83462
33  25  3.7438
34  1  54.566
34  2  54.4059
34  3  53.9406
34  4  53.1028
34  5  51.8252
34  6  50.0487
34  7  47.7327
34  8  44.8675
34  9  41.4857
34  10  37.668
34  11  33.5418
34  12  29.2688
34  13  25.025
34  14  20.9771
34  15  17.2622
34  16  13.9753
34  17  11.1661
34  18  8.84429
34  19  6.98854
34  20  5.55742
34  21  4.4989
34  22  3.75777
34  23  3.28058
34  24  3.01852
34  25  2.92883
35  1  53.569
35  2  53.4079
35  3  52.9399
35  4  52.0973
35  5  50.8129
35  6  49.0279
35  7  46.7026
35  8  43.8287
35  9  40.4405
35  10  36.6207
35  11  32.4981
35  12  28.2355
35  13  24.0087
35  14  19.9831
35  15  16.294
35  16  13.034
35  17  10.2509
35  18  7.95288
35  19  6.11752
35  20  4.70298
35  21  3.6572
35  22  2.92523
35  23  2.45404
35  24  2.19531
35  25  2.10677
36  1  52.7177
36  2  52.5558
36  3  52.0853
36  4  51.2385
36  5  49.9481
36  6  48.1556
36  7  45.8222
36  8  42.9407
36  9  39.5469
36  10  35.7252
36  11  31.6061
36  12  27.3527
36  13  23.1409
36  14  19.135
36  15  15.4684
36  16  12.232
36  17  9.47187
36  18  7.19455
36  19  5.37696
36  20  3.97685
36  21  2.94216
36  22  2.21816
36  23  1.75218
36  24  1.49635
36  25  1.4088
37  1  51.8031
37  2  51.6402
37  3  51.1669
37  4  50.3152
37  5  49.018
37  6  47.2172
37  7  44.8745
37  8  41.9844
37  9  38.5844
37  10  34.7609
37  11  30.6457
37  12  26.403
37  13  22.2081
37  14  18.2244
37  15  14.5832
37  16  11.3733
37  17  8.63872
37  18  6.38458
37  19  4.58684
37  20  3.20283
37  21  2.18049
37  22  1.46536
37  23  1.00519
37  24  0.752584
37  25  0.666145
38  1  50.9604
38  2  50.7965
38  3  50.3204
38  4  49.464
38  5  48.1601
38  6  46.3509
38  7  43.9991
38  8  41.1006
38  9  37.6946
38  10  33.8693
38  11  29.7581
38  12  25.526
38  13  21.3481
38  14  17.3862
38  15  13.7701
38  16  10.5862
38  17  7.87668
38  18  5.64523
38  19  3.86689
38  20  2.49859
38  21  1.4883
38  22  0.781825
38  23  0.327323
38  24  0.0778572
38  25  -0.00750166
39  1  50.2181
39  2  50.0533
39  3  49.5745
39  4  48.7135
39  5  47.4031
39  6  45.5858
39  7  43.2254
39  8  40.3187
39  9  36.907
39  10  33.0801
39  11  28.973
39  12  24.7512
39  13  20.5896
39  14  16.6488
39  15  13.0567
39  16  9.89768
39  17  7.2121
39  18  5.00227
39  19  3.24239
39  20  1.88905
39  21  0.890207
39  22  0.191944
39  23  -0.257181
39  24  -0.503666
39  25  -0.588
40  1  49.4922
40  2  49.3263
40  3  48.8446
40  4  47.9786
40  5  46.661
40  6  44.8349
40  7  42.4649
40  8  39.5495
40  9  36.1316
40  10  32.3031
40  11  28.2005
40  12  23.9902
40  13  19.8465
40  14  15.9288
40  15  12.3628
40  16  9.23088
40  17  6.57129
40  18  4.38489
40  19  2.64499
40  20  1.30781
40  21  0.321344
40  22  -0.368046
40  23  -0.811367
40  24  -1.05463
40  25  -1.13786
41  1  48.8521
41  2  48.6852
41  3  48.2005
41  4  47.3292
41  5  46.0043
41  6  44.1692
41  7  41.7895
41  8  38.8652
41  9  35.4411
41  10  31.6112
41  11  27.5134
41  12  23.3148
41  13  19.1895
41  14  15.2953
41  15  11.7559
41  16  8.65133
41  17  6.01799
41  18  3.85521
41  19  2.13543
41  20  0.814503
41  21  -0.159534
41  22  -0.840015
41  23  -1.27751
41  24  -1.51755
41  25  -1.59966
42  1  48.311
42  2  48.143
42  3  47.6553
42  4  46.7788
42  5  45.4465
42  6  43.6023
42  7  41.2128
42  8  38.2796
42  9  34.8494
42  10  31.0181
42  11  26.9253
42  12  22.7387
42  13  18.6319
42  14  14.7614
42  15  11.2487
42  16  8.17157
42  17  5.56444
42  18  3.42522
42  19  1.72547
42  20  0.420707
42  21  -0.540973
42  22  -1.2126
42  23  -1.64431
42  24  -1.88114
42  25  -1.96216
43  1  47.8393
43  2  47.6701
43  3  47.1791
43  4  46.2969
43  5  44.9565
43  6  43.1024
43  7  40.7023
43  8  37.7594
43  9  34.3226
43  10  30.4901
43  11  26.4029
43  12  22.2296
43  13  18.1431
43  14  14.2983
43  15  10.8145
43  16  7.76699
43  17  5.18814
43  18  3.07428
43  19  1.39606
43  20  0.108658
43  21  -0.839765
43  22  -1.5019
43  23  -1.92741
43  24  -2.16081
43  25  -2.24064
44  1  47.4828
44  2  47.3125
44  3  46.8181
44  4  45.9301
44  5  44.5815
44  6  42.7175
44  7  40.3067
44  8  37.3542
44  9  33.911
44  10  30.0773
44  11  25.996
44  12  21.8361
44  13  17.7701
44  14  13.9511
44  15  10.4962
44  16  7.4783
44  17  4.92757
44  18  2.83888
44  19  1.18201
44  20  -0.0881989
44  21  -1.02351
44  22  -1.67626
44  23  -2.09564
44  24  -2.32564
44  25  -2.40431
45  1  47.2281
45  2  47.0566
45  3  46.5586
45  4  45.6646
45  5  44.3076
45  6  42.4333
45  7  40.0115
45  8  37.0491
45  9  33.5993
45  10  29.7647
45  11  25.6897
45  12  21.5438
45  13  17.499
45  14  13.7068
45  15  10.2816
45  16  7.29406
45  17  4.77213
45  18  2.70917
45  19  1.07409
45  20  -0.178603
45  21  -1.10055
45  22  -1.74375
45  23  -2.15689
45  24  -2.38344
45  25  -2.46092
46  1  47.0674
46  2  46.8944
46  3  46.3926
46  4  45.492
46  5  44.1257
46  6  42.24
46  7  39.8062
46  8  36.8331
46  9  33.3764
46  10  29.5409
46  11  25.4729
46  12  21.3426
46  13  17.3212
46  14  13.5582
46  15  10.1654
46  16  7.2108
46  17  4.72006
46  18  2.68492
46  19  1.07334
46  20  -0.16046
46  21  -1.06802
46  22  -1.70094
46  23  -2.10738
46  24  -2.33021
46  25  -2.40642
47  1  47.0122
47  2  46.8378
47  3  46.3319
47  4  45.4241
47  5  44.0479
47  6  42.1501
47  7  39.7035
47  8  36.719
47  9  33.255
47  10  29.4188
47  11  25.3587
47  12  21.2453
47  13  17.2489
47  14  13.517
47  15  10.1586
47  16  7.23888
47  17  4.78104
47  18  2.77517
47  19  1.1883
47  20  -0.0256751
47  21  -0.918153
47  22  -1.5403
47  23  -1.93971
47  24  -2.15866
47  25  -2.23353
48  1  47.0606
48  2  46.8846
48  3  46.3743
48  4  45.459
48  5  44.0722
48  6  42.1617
48  7  39.7016
48  8  36.7053
48  9  33.2338
48  10  29.3972
48  11  25.3456
48  12  21.2502
48  13  17.2803
48  14  13.5811
48  15  10.2588
48  16  7.37533
48  17  4.95173
48  18  2.97624
48  19  1.41497
48  20  0.221505
48  21  -0.655381
48  22  -1.26641
48  23  -1.65856
48  24  -1.87349
48  25  -1.94698
49  1  47.2223
49  2  47.0445
49  3  46.529
49  4  45.6049
49  5  44.2059
49  6  42.2806
49  7  39.805
49  8  36.7951
49  9  33.3152
49  10  29.4785
49  11  25.4371
49  12  21.3629
49  13  17.4238
49  14  13.7624
49  15  10.4814
49  16  7.63964
49  17  5.25511
49  18  3.31423
49  19  1.78206
49  20  0.611877
49  21  -0.24733
49  22  -0.845748
49  23  -1.22969
49  24  -1.44008
49  25  -1.51201
50  1  47.4648
50  2  47.2853
50  3  46.7646
50  4  45.8318
50  5  44.4205
50  6  42.4805
50  7  39.9895
50  8  36.9663
50  9  33.4784
50  10  29.642
50  11  25.6111
50  12  21.5582
50  13  17.6498
50  14  14.0258
50  15  10.7856
50  16  7.9847
50  17  5.63839
50  18  3.73128
50  19  2.22744
50  20  1.07989
50  21  0.237846
50  22  -0.348343
50  23  -0.724318
50  24  -0.930304
50  25  -1.00072
51  1  47.8152
51  2  47.6335
51  3  47.1068
51  4  46.1637
51  5  44.7382
51  6  42.781
51  7  40.2722
51  8  37.2338
51  9  33.7369
51  10  29.9012
51  11  25.8831
51  12  21.8553
51  13  17.9827
51  14  14.402
51  15  11.2088
51  16  8.45472
51  17  6.15209
51  18  4.28344
51  19  2.8118
51  20  1.68994
51  21  0.867357
51  22  0.29502
51  23  -0.0719397
51  24  -0.272943
51  25  -0.341652
52  1  48.2199
52  2  48.036
52  3  47.5031
52  4  46.5494
52  5  45.1092
52  6  43.1344
52  7  40.6075
52  8  37.5536
52  9  34.048
52  10  30.2137
52  11  26.2091
52  12  22.2074
52  13  18.3716
52  14  14.8352
52  15  11.6897
52  16  8.98292
52  17  6.72425
52  18  4.89422
52  19  3.45484
52  20  2.35866
52  21  1.55551
52  22  0.996993
52  23  0.639023
52  24  0.442986
52  25  0.375981
53  1  48.722
53  2  48.5355
53  3  47.9952
53  4  47.0289
53  5  45.5713
53  6  43.5759
53  7  41.0278
53  8  37.9562
53  9  34.4408
53  10  30.6087
53  11  26.6208
53  12  22.6501
53  13  18.8578
53  14  15.3731
53  15  12.2829
53  16  9.63085
53  17  7.42279
53  18  5.63707
53  19  4.23462
53  20  3.16778
53  21  2.38679
53  22  1.84402
53  23  1.49629
53  24  1.30591
53  25  1.24084
54  1  49.3595
54  2  49.1697
54  3  48.62
54  4  47.6376
54  5  46.1579
54  6  44.1363
54  7  41.5617
54  8  38.4683
54  9  34.9414
54  10  31.113
54  11  27.1471
54  12  23.2165
54  13  19.4791
54  14  16.0592
54  15  13.038
54  16  10.4536
54  17  8.30787
54  18  6.5765
54  19  5.21921
54  20  4.18818
54  21  3.4342
54  22  2.91059
54  23  2.57531
54  24  2.3918
54  25  2.32909
55  1  50.038
55  2  49.8444
55  3  49.2841
55  4  48.2837
55  5  46.7794
55  6  44.7287
55  7  42.1249
55  8  39.0079
55  9  35.4694
55  10  31.6466
55  11  27.7063
55  12  23.8209
55  13  20.1447
55  14  16.7961
55  15  13.8501
55  16  11.339
55  17  9.26038
55  18  7.58731
55  19  6.27829
55  20  5.28543
55  21  4.56019
55  22  4.05695
55  23  3.73488
55  24  3.55866
55  25  3.49845
56  1  50.7649
56  2  50.5668
56  3  49.9939
56  4  48.9724
56  5  47.4391
56  6  45.3546
56  7  42.7172
56  8  39.5737
56  9  36.0231
56  10  32.2086
56  11  28.2998
56  12  24.468
56  13  20.863
56  14  17.5966
56  15  14.7363
56  16  12.3081
56  17  10.305
56  18  8.69717
56  19  7.44198
56  20  6.49157
56  21  5.79823
56  22  5.31755
56  23  5.01011
56  24  4.84196
56  25  4.78452
57  1  51.6083
57  2  51.4042
57  3  50.8144
57  4  49.7644
57  5  48.1924
57  6  46.0633
57  7  43.3823
57  8  40.2055
57  9  36.6414
57  10  32.8406
57  11  28.9758
57  12  25.2164
57  13  21.7055
57  14  18.5459
57  15  15.7958
57  16  13.4734
57  17  11.5658
57  18  10.04
57  19  8.85224
57  20  7.9548
57  21  7.30115
57  22  6.84852
57  23  6.55924
57  24  6.40109
57  25  6.34708
58  1  52.4715
58  2  52.2599
58  3  51.6488
58  4  50.5633
58  5  48.9434
58  6  46.7597
58  7  44.0264
58  8  40.8113
58  9  37.2344
58  10  33.4547
58  11  29.6477
58  12  25.9789
58  13  22.5831
58  14  19.5518
58  15  16.9322
58  16  14.7336
58  17  12.9368
58  18  11.5057
58  19  10.3952
58  20  9.55824
58  21  8.94978
58  22  8.52899
58  23  8.2603
58  24  8.11349
58  25  8.06336
59  1  53.3217
59  2  53.1004
59  3  52.4623
59  4  51.3318
59  5  49.6521
59  6  47.401
59  7  44.6052
59  8  41.347
59  9  37.7601
59  10  34.0128
59  11  30.2821
59  12  26.7278
59  13  23.473
59  14  20.5957
59  15  18.1303
59  16  16.0759
59  17  14.4071
59  18  13.0842
59  19  12.0616
59  20  11.2931
59  21  10.7356
59  22  10.3506
59  23  10.1051
59  24  9.97097
59  25  9.9252
60  1  54.2117
60  2  53.9764
60  3  53.2991
60  4  52.1039
60  5  50.3393
60  6  47.9951
60  7  45.1161
60  8  41.8056
60  9  38.2156
60  10  34.5244
60  11  30.9085
60  12  27.5169
60  13  24.4558
60  14  21.7846
60  15  19.5214
60  16  17.6532
60  17  16.1473
60  18  14.961
60  19  14.0484
60  20  13.3651
60  21  12.8708
60  22  12.5301
60  23  12.313
60  24  12.1946
60  25  12.1542
61  1  55.1003
61  2  54.8433
61  3  54.106
61  4  52.813
61  5  50.9227
61  6  48.4458
61  7  45.4558
61  8  42.0866
61  9  38.5135
61  10  34.9244
61  11  31.4889
61  12  28.3364
61  13  25.5474
61  14  23.1561
61  15  21.1602
61  16  19.533
61  17  18.2347
61  18  17.2202
61  19  16.4445
61  20  15.8665
61  21  15.4498
61  22  15.1633
61  23  14.9812
61  24  14.8818
61  25  14.848
62  1  55.9975
62  2  55.7008
62  3  54.8546
62  4  53.3882
62  5  51.284
62  6  48.5956
62  7  45.4498
62  8  42.0293
62  9  38.5381
62  10  35.1643
62  11  32.0529
62  12  29.2943
62  13  26.927
62  14  24.9498
62  15  23.3352
62  16  22.0424
62  17  21.0255
62  18  20.2397
62  19  19.6442
62  20  19.2033
62  21  18.887
62  22  18.6703
62  23  18.5328
62  24  18.4579
62  25  18.4324
63  1  56.8171
63  2  56.4403
63  3  55.3791
63  4  53.5861
63  5  51.1107
63  6  48.1039
63  7  44.7902
63  8  41.4152
63  9  38.1923
63  10  35.2713
63  11  32.7311
63  12  30.5924
63  13  28.8363
63  14  27.4222
63  15  26.3014
63  16  25.425
63  17  24.7485
63  18  24.2332
63  19  23.8469
63  20  23.5633
63  21  23.3611
63  22  23.2231
63  23  23.1357
63  24  23.0883
63  25  23.0721
64  1  57.8775
64  2  57.2982
64  3  55.7217
64  4  53.2294
64  5  50.1016
64  6  46.7198
64  7  43.4357
64  8  40.4863
64  9  37.9805
64  10  35.9319
64  11  34.2995
64  12  33.0205
64  13  32.0294
64  14  31.2672
64  15  30.6844
64  16  30.2413
64  17  29.9064
64  18  29.6555
64  19  29.4698
64  20  29.3346
64  21  29.2388
64  22  29.1737
64  23  29.1327
64  24  29.1104
64  25  29.1028
65  1  61.4454
65  2  60.2929
65  3  57.4248
65  4  53.5561
65  5  49.5855
65  6  46.1088
65  7  43.3324
65  8  41.223
65  9  39.6585
65  10  38.5087
65  11  37.6649
65  12  37.0439
65  13  36.585
65  14  36.2445
65  15  35.9912
65  16  35.8024
65  17  35.662
65  18  35.5579
65  19  35.4816
65  20  35.4263
65  21  35.3874
65  22  35.361
65  23  35.3444
65  24  35.3354
65  25  35.3323
66  1  73.4799
66  2  70.6661
66  3  64.6349
66  4  58.1689
66  5  52.9458
66  6  49.2179
66  7  46.6732
66  8  44.949
66  9  43.7706
66  10  42.9537
66  11  42.3787
66  12  41.9681
66  13  41.6713
66  14  41.4546
66  15  41.2952
66  16  41.1775
66  17  41.0905
66  18  41.0264
66  19  40.9794
66  20  40.9456
66  21  40.9218
66  22  40.9056
66  23  40.8955
66  24  40.89
66  25  40.8881
67  1  86.6277
67  2  82.5319
67  3  74.1787
67  4  65.8159
67  5  59.4675
67  6  55.1416
67  7  52.2811
67  8  50.3838
67  9  49.1058
67  10  48.2284
67  11  47.6151
67  12  47.1792
67  13  46.8651
67  14  46.6364
67  15  46.4686
67  16  46.3448
67  17  46.2533
67  18  46.186
67  19  46.1367
67  20  46.1012
67  21  46.0762
67  22  46.0593
67  23  46.0487
67  24  46.0429
67  25  46.041
68  1  87.2755
68  2  84.37
68  3  78.0508
68  4  71.1337
68  5  65.4355
68  6  61.3065
68  7  58.4577
68  8  56.5132
68  9  55.1777
68  10  54.2488
68  11  53.5933
68  12  53.1244
68  13  52.785
68  14  52.537
68  15  52.3545
68  16  52.2197
68  17  52.12
68  18  52.0465
68  19  51.9927
68  20  51.9539
68  21  51.9265
68  22  51.908
68  23  51.8964
68  24  51.8901
68  25  51.888
69  1  74.5983
69  2  74.5743
69  3  74.5183
69  4  74.4504
69  5  74.3883
69  6  74.3393
69  7  74.3034
69  8  74.2777
69  9  74.2596
69  10  74.2467
69  11  74.2374
69  12  74.2308
69  13  74.2259
69  14  74.2223
69  15  74.2196
69  16  74.2177
69  17  74.2162
69  18  74.2151
69  19  74.2143
69  20  74.2138
69  21  74.2134
69  22  74.2131
69  23  74.2129
69  24  74.2128
69  25  74.2128
70  1  69.8253
70  2  70.6387
70  3  72.6133
70  4  75.1693
70  5  77.6723
70  6  79.7703
70  7  81.3866
70  8  82.5812
70  9  83.4492
70  10  84.0776
70  11  84.5338
70  12  84.8668
70  13  85.1114
70  14  85.2921
70  15  85.4262
70  16  85.5258
70  17  85.5998
70  18  85.6545
70  19  85.6947
70  20  85.7237
70  21  85.7441
70  22  85.758
70  23  85.7667
70  24  85.7714
70  25  85.773
71  1  70.2459
71  2  71.124
71  3  73.3162
71  4  76.2884
71  5  79.3575
71  6  82.0603
71  7  84.2293
71  8  85.8835
71  9  87.1139
71  10  88.02
71  11  88.6861
71  12  89.1769
71  13  89.5398
71  14  89.8092
71  15  90.0098
71  16  90.1593
71  17  90.2706
71  18  90.353
71  19  90.4135
71  20  90.4573
71  21  90.4882
71  22  90.5091
71  23  90.5223
71  24  90.5294
71  25  90.5318
72  1  72.0873
72  2  72.8764
72  3  74.8837
72  4  77.6942
72  5  80.7094
72  6  83.4654
72  7  85.7487
72  8  87.5349
72  9  88.8896
72  10  89.9017
72  11  90.6538
72  12  91.2124
72  13  91.6279
72  14  91.9377
72  15  92.169
72  16  92.3419
72  17  92.4708
72  18  92.5664
72  19  92.6367
72  20  92.6876
72  21  92.7235
72  22  92.7478
72  23  92.7631
72  24  92.7714
72  25  92.7742
73  1  74.6415
73  2  75.2993
73  3  76.994
73  4  79.4201
73  5  82.0944
73  6  84.6062
73  7  86.738
73  8  88.4387
73  9  89.7485
73  10  90.7385
73  11  91.4805
73  12  92.0352
73  13  92.4498
73  14  92.7601
73  15  92.9924
73  16  93.1664
73  17  93.2963
73  18  93.3927
73  19  93.4637
73  20  93.5151
73  21  93.5514
73  22  93.576
73  23  93.5915
73  24  93.5999
73  25  93.6027
74  1  76.3153
74  2  76.8882
74  3  78.3789
74  4  80.5496
74  5  82.9943
74  6  85.3415
74  7  87.3735
74  8  89.0217
74  9  90.3077
74  10  91.2897
74  11  92.0313
74  12  92.5889
74  13  93.0074
74  14  93.3217
74  15  93.5575
74  16  93.7344
74  17  93.8667
74  18  93.9651
74  19  94.0375
74  20  94.0899
74  21  94.127
74  22  94.1521
74  23  94.1679
74  24  94.1765
74  25  94.1794
75  1  77.4886
75  2  78.0017
75  3  79.3456
75  4  81.3256
75  5  83.589
75  6  85.7962
75  7  87.7346
75  8  89.3262
75  9  90.5801
75  10  91.5448
75  11  92.2776
75  12  92.8308
75  13  93.2476
75  14  93.5612
75  15  93.7971
75  16  93.9742
75  17  94.1068
75  18  94.2054
75  19  94.2781
75  20  94.3308
75  21  94.368
75  22  94.3932
75  23  94.4091
75  24  94.4178
75  25  94.4207
76  1  78.4003
76  2  78.8654
76  3  80.0897
76  4  81.9103
76  5  84.0157
76  6  86.0946
76  7  87.9415
76  8  89.473
76  9  90.6892
76  10  91.6309
76  11  92.3496
76  12  92.8943
76  13  93.3056
76  14  93.6158
76  15  93.8495
76  16  94.0252
76  17  94.1568
76  18  94.2549
76  19  94.3271
76  20  94.3795
76  21  94.4165
76  22  94.4416
76  23  94.4574
76  24  94.466
76  25  94.4689
77  1  79.0544
77  2  79.4815
77  3  80.6103
77  4  82.3008
77  5  84.2738
77  6  86.2412
77  7  88.0053
77  8  89.4799
77  9  90.6587
77  10  91.5761
77  11  92.2791
77  12  92.8134
77  13  93.2179
77  14  93.5235
77  15  93.7539
77  16  93.9274
77  17  94.0575
77  18  94.1543
77  19  94.2258
77  20  94.2776
77  21  94.3142
77  22  94.3391
77  23  94.3547
77  24  94.3632
77  25  94.3661
78  1  79.3709
78  2  79.7704
78  3  80.8292
78  4  82.4236
78  5  84.2977
78  6  86.1809
78  7  87.8819
78  8  89.3127
78  9  90.4626
78  10  91.3611
78  11  92.0518
78  12  92.5781
78  13  92.9773
78  14  93.2792
78  15  93.5072
78  16  93.679
78  17  93.8078
78  18  93.9038
78  19  93.9747
78  20  94.026
78  21  94.0624
78  22  94.087
78  23  94.1025
78  24  94.1109
78  25  94.1138
79  1  76.4547
79  2  76.8786
79  3  78.0049
79  4  79.7085
79  5  81.7232
79  6  83.7607
79  7  85.6125
79  8  87.1788
79  9  88.4431
79  10  89.4346
79  11  90.1989
79  12  90.7826
79  13  91.2259
79  14  91.5617
79  15  91.8155
79  16  92.0068
79  17  92.1504
79  18  92.2575
79  19  92.3365
79  20  92.3938
79  21  92.4343
79  22  92.4618
79  23  92.4791
79  24  92.4885
79  25  92.4917
80  1  75.5131
80  2  75.9271
80  3  77.0296
80  4  78.7038
80  5  80.6937
80  6  82.7175
80  7  84.5667
80  8  86.1382
80  9  87.4118
80  10  88.4136
80  11  89.1879
80  12  89.7801
80  13  90.2307
80  14  90.5724
80  15  90.8308
80  16  91.0257
80  17  91.1721
80  18  91.2813
80  19  91.3618
80  20  91.4203
80  21  91.4616
80  22  91.4897
80  23  91.5074
80  24  91.517
80  25  91.5202
81  1  75.5774
81  2  75.9688
81  3  77.0129
81  4  78.6031
81  5  80.5011
81  6  82.4399
81  7  84.2192
81  8  85.737
81  9  86.971
81  10  87.9442
81  11  88.6979
81  12  89.2753
81  13  89.715
81  14  90.0488
81  15  90.3014
81  16  90.492
81  17  90.6352
81  18  90.7421
81  19  90.8209
81  20  90.8782
81  21  90.9187
81  22  90.9461
81  23  90.9635
81  24  90.9729
81  25  90.9761
82  1  75.96
82  2  76.3244
82  3  77.298
82  4  78.785
82  5  80.5665
82  6  82.3938
82  7  84.0775
82  8  85.5189
82  9  86.6943
82  10  87.6235
82  11  88.3444
82  12  88.8975
82  13  89.3192
82  14  89.6396
82  15  89.8822
82  16  90.0653
82  17  90.203
82  18  90.3057
82  19  90.3816
82  20  90.4366
82  21  90.4756
82  22  90.502
82  23  90.5187
82  24  90.5277
82  25  90.5308
83  1  76.4338
83  2  76.7734
83  3  77.6818
83  4  79.0724
83  5  80.7431
83  6  82.4626
83  7  84.052
83  8  85.4166
83  9  86.532
83  10  87.4155
83  11  88.1019
83  12  88.6292
83  13  89.0317
83  14  89.3375
83  15  89.5693
83  16  89.7444
83  17  89.876
83  18  89.9742
83  19  90.0467
83  20  90.0994
83  21  90.1367
83  22  90.162
83  23  90.1779
83  24  90.1865
83  25  90.1895
84  1  76.9437
84  2  77.2599
84  3  78.1067
84  4  79.4054
84  5  80.9697
84  6  82.5842
84  7  84.0806
84  8  85.3686
84  9  86.4235
84  10  87.2605
84  11  87.9116
84  12  88.4123
84  13  88.7947
84  14  89.0856
84  15  89.3061
84  16  89.4727
84  17  89.5979
84  18  89.6915
84  19  89.7605
84  20  89.8107
84  21  89.8461
84  22  89.8702
84  23  89.8854
84  24  89.8936
84  25  89.8964
85  1  77.4981
85  2  77.791
85  3  78.5758
85  4  79.7816
85  5  81.2375
85  6  82.7439
85  7  84.1439
85  8  85.3515
85  9  86.3424
85  10  87.1299
85  11  87.7433
85  12  88.2154
85  13  88.5763
85  14  88.8508
85  15  89.0591
85  16  89.2165
85  17  89.3349
85  18  89.4233
85  19  89.4886
85  20  89.536
85  21  89.5695
85  22  89.5923
85  23  89.6066
85  24  89.6144
85  25  89.6171
86  1  78.0388
86  2  78.31
86  3  79.0376
86  4  80.1572
86  5  81.5116
86  6  82.9162
86  7  84.2244
86  8  85.355
86  9  86.2844
86  10  87.0239
86  11  87.6005
86  12  88.0447
86  13  88.3844
86  14  88.643
86  15  88.8393
86  16  88.9876
86  17  89.0992
86  18  89.1826
86  19  89.2441
86  20  89.2888
86  21  89.3205
86  22  89.3419
86  23  89.3555
86  24  89.3628
86  25  89.3653
87  1  78.5628
87  2  78.8139
87  3  79.488
87  4  80.5267
87  5  81.7854
87  6  83.0933
87  7  84.3138
87  8  85.3704
87  9  86.2402
87  10  86.9331
87  11  87.4739
87  12  87.8909
87  13  88.2099
87  14  88.4529
87  15  88.6373
87  16  88.7767
87  17  88.8816
87  18  88.96
87  19  89.0179
87  20  89.06
87  21  89.0897
87  22  89.1099
87  23  89.1226
87  24  89.1295
87  25  89.1319
88  1  79.0226
88  2  79.2566
88  3  79.885
88  4  80.8542
88  5  82.0305
88  6  83.2546
88  7  84.3985
88  8  85.3904
88  9  86.2078
88  10  86.8596
88  11  87.3687
88  12  87.7614
88  13  88.062
88  14  88.291
88  15  88.4649
88  16  88.5964
88  17  88.6954
88  18  88.7693
88  19  88.8239
88  20  88.8636
88  21  88.8917
88  22  88.9108
88  23  88.9228
88  24  88.9293
88  25  88.9315
89  1  79.4943
89  2  79.711
89  3  80.2934
89  4  81.1925
89  5  82.2852
89  6  83.4239
89  7  84.4897
89  8  85.415
89  9  86.1784
89  10  86.7877
89  11  87.2639
89  12  87.6315
89  13  87.913
89  14  88.1275
89  15  88.2904
89  16  88.4137
89  17  88.5064
89  18  88.5757
89  19  88.6269
89  20  88.6641
89  21  88.6904
89  22  88.7083
89  23  88.7195
89  24  88.7257
89  25  88.7277
90  1  79.9454
90  2  80.1459
90  3  80.6849
90  4  81.5179
90  5  82.5312
90  6  83.5887
90  7  84.5797
90  8  85.441
90  9  86.1524
90  10  86.7206
90  11  87.1651
90  12  87.5083
90  13  87.7712
90  14  87.9716
90  15  88.1239
90  16  88.2391
90  17  88.3258
90  18  88.3906
90  19  88.4384
90  20  88.4732
90  21  88.4978
90  22  88.5145
90  23  88.5251
90  24  88.5308
90  25  88.5327
91  1  80.3666
91  2  80.5522
91  3  81.0511
91  4  81.8227
91  5  82.7624
91  6  83.7442
91  7  84.6653
91  8  85.4666
91  9  86.1291
91  10  86.6586
91  11  87.073
91  12  87.3931
91  13  87.6384
91  14  87.8255
91  15  87.9676
91  16  88.0752
91  17  88.1561
91  18  88.2166
91  19  88.2613
91  20  88.2938
91  21  88.3168
91  22  88.3324
91  23  88.3422
91  24  88.3476
91  25  88.3494
92  1  80.7629
92  2  80.9345
92  3  81.396
92  4  82.1103
92  5  82.9809
92  6  83.8915
92  7  84.7466
92  8  85.4912
92  9  86.1072
92  10  86.5999
92  11  86.9857
92  12  87.2838
92  13  87.5124
92  14  87.6867
92  15  87.8192
92  16  87.9194
92  17  87.9949
92  18  88.0513
92  19  88.093
92  20  88.1232
92  21  88.1447
92  22  88.1592
92  23  88.1684
92  24  88.1734
92  25  88.1751
93  1  81.1474
93  2  81.3055
93  3  81.731
93  4  82.3898
93  5  83.1936
93  6  84.0349
93  7  84.8258
93  8  85.515
93  9  86.0856
93  10  86.5422
93  11  86.8999
93  12  87.1764
93  13  87.3885
93  14  87.5502
93  15  87.6732
93  16  87.7662
93  17  87.8363
93  18  87.8886
93  19  87.9273
93  20  87.9554
93  21  87.9753
93  22  87.9889
93  23  87.9974
93  24  88.002
93  25  88.0036
94  1  81.4904
94  2  81.6366
94  3  82.03
94  4  82.6396
94  5  83.3837
94  6  84.1632
94  7  84.8964
94  8  85.5359
94  9  86.0656
94  10  86.4897
94  11  86.8221
94  12  87.0791
94  13  87.2762
94  14  87.4266
94  15  87.541
94  16  87.6275
94  17  87.6926
94  18  87.7413
94  19  87.7773
94  20  87.8035
94  21  87.822
94  22  87.8346
94  23  87.8425
94  24  87.8468
94  25  87.8482
95  1  81.8384
95  2  81.9724
95  3  82.3335
95  4  82.8931
95  5  83.5766
95  6  84.2932
95  7  84.9678
95  8  85.5565
95  9  86.0444
95  10  86.4353
95  11  86.7416
95  12  86.9786
95  13  87.1604
95  14  87.2992
95  15  87.4046
95  16  87.4845
95  17  87.5446
95  18  87.5896
95  19  87.6228
95  20  87.6469
95  21  87.664
95  22  87.6756
95  23  87.6829
95  24  87.6869
95  25  87.6882
96  1  82.1777
96  2  82.3
96  3  82.6295
96  4  83.1404
96  5  83.7649
96  6  84.4199
96  7  85.037
96  8  85.5758
96  9  86.0227
96  10  86.3807
96  11  86.6615
96  12  86.8787
96  13  87.0454
96  14  87.1727
96  15  87.2694
96  16  87.3426
96  17  87.3978
96  18  87.439
96  19  87.4694
96  20  87.4916
96  21  87.5073
96  22  87.5179
96  23  87.5246
96  24  87.5282
96  25  87.5295
97  1  82.5237
97  2  82.634
97  3  82.9314
97  4  83.3926
97  5  83.9567
97  6  84.5488
97  7  85.1069
97  8  85.5946
97  9  85.9991
97  10  86.3235
97  11  86.5779
97  12  86.7747
97  13  86.9258
97  14  87.0412
97  15  87.1289
97  16  87.1953
97  17  87.2453
97  18  87.2827
97  19  87.3103
97  20  87.3304
97  21  87.3446
97  22  87.3543
97  23  87.3603
97  24  87.3636
97  25  87.3648
98  1  82.8207
98  2  82.9208
98  3  83.1906
98  4  83.6092
98  5  84.1213
98  6  84.6592
98  7  85.1664
98  8  85.6098
98  9  85.9778
98  10  86.2729
98  11  86.5044
98  12  86.6836
98  13  86.8212
98  14  86.9263
98  15  87.0061
98  16  87.0666
98  17  87.1121
98  18  87.1462
98  19  87.1714
98  20  87.1896
98  21  87.2026
98  22  87.2114
98  23  87.2169
98  24  87.2199
98  25  87.2209
99  1  83.1438
99  2  83.2328
99  3  83.4725
99  4  83.8446
99  5  84.3001
99  6  84.7787
99  7  85.2303
99  8  85.6253
99  9  85.9532
99  10  86.2163
99  11  86.4227
99  12  86.5825
99  13  86.7053
99  14  86.799
99  15  86.8702
99  16  86.9242
99  17  86.9648
99  18  86.9952
99  19  87.0176
99  20  87.034
99  21  87.0455
99  22  87.0534
99  23  87.0583
99  24  87.061
99  25  87.0619
100  1  83.4567
100  2  83.5349
100  3  83.7455
100  4  84.0726
100  5  84.4731
100  6  84.8941
100  7  85.2915
100  8  85.6392
100  9  85.928
100  10  86.1598
100  11  86.3417
100  12  86.4826
100  13  86.5908
100  14  86.6734
100  15  86.7362
100  16  86.7838
100  17  86.8196
100  18  86.8464
100  19  86.8662
100  20  86.8806
100  21  86.8908
100  22  86.8977
100  23  86.9021
100  24  86.9044
100  25  86.9052
101  1  83.7617
101  2  83.8293
101  3  84.0116
101  4  84.2946
101  5  84.6413
101  6  85.006
101  7  85.3503
101  8  85.6517
101  9  85.9022
101  10  86.1032
101  11  86.261
101  12  86.3832
101  13  86.4771
101  14  86.5488
101  15  86.6033
101  16  86.6446
101  17  86.6757
101  18  86.699
101  19  86.7162
101  20  86.7287
101  21  86.7375
101  22  86.7435
101  23  86.7473
101  24  86.7493
101  25  86.75
102  1  84.0841
102  2  84.1405
102  3  84.2927
102  4  84.5291
102  5  84.8188
102  6  85.1236
102  7  85.4116
102  8  85.6638
102  9  85.8733
102  10  86.0416
102  11  86.1737
102  12  86.2761
102  13  86.3547
102  14  86.4148
102  15  86.4604
102  16  86.495
102  17  86.5211
102  18  86.5406
102  19  86.555
102  20  86.5654
102  21  86.5728
102  22  86.5779
102  23  86.581
102  24  86.5828
102  25  86.5834
103  1  84.3866
103  2  84.4325
103  3  84.5564
103  4  84.749
103  5  84.985
103  6  85.2335
103  7  85.4683
103  8  85.6739
103  9  85.8449
103  10  85.9822
103  11  86.0901
103  12  86.1736
103  13  86.2378
103  14  86.2868
103  15  86.3241
103  16  86.3524
103  17  86.3736
103  18  86.3895
103  19  86.4013
103  20  86.4099
103  21  86.4159
103  22  86.42
103  23  86.4226
103  24  86.424
103  25  86.4245
104  1  84.6712
104  2  84.7073
104  3  84.8045
104  4  84.9557
104  5  85.1411
104  6  85.3363
104  7  85.5208
104  8  85.6825
104  9  85.8169
104  10  85.9249
104  11  86.0097
104  12  86.0755
104  13  86.126
104  14  86.1645
104  15  86.1939
104  16  86.2161
104  17  86.2328
104  18  86.2454
104  19  86.2546
104  20  86.2613
104  21  86.2661
104  22  86.2693
104  23  86.2714
104  24  86.2725
104  25  86.2729
105  1  84.9689
105  2  84.9947
105  3  85.064
105  4  85.1718
105  5  85.304
105  6  85.4433
105  7  85.575
105  8  85.6904
105  9  85.7864
105  10  85.8635
105  11  85.9241
105  12  85.9711
105  13  86.0072
105  14  86.0347
105  15  86.0557
105  16  86.0716
105  17  86.0835
105  18  86.0925
105  19  86.0991
105  20  86.1039
105  21  86.1073
105  22  86.1096
105  23  86.1111
105  24  86.1119
105  25  86.1121
106  1  85.2577
106  2  85.2733
106  3  85.3156
106  4  85.3812
106  5  85.4617
106  6  85.5465
106  7  85.6268
106  8  85.6971
106  9  85.7556
106  10  85.8026
106  11  85.8396
106  12  85.8682
106  13  85.8902
106  14  85.907
106  15  85.9198
106  16  85.9295
106  17  85.9368
106  18  85.9423
106  19  85.9463
106  20  85.9492
106  21  85.9513
106  22  85.9527
106  23  85.9536
106  24  85.9541
106  25  85.9542
107  1  85.5601
107  2  85.5652
107  3  85.5789
107  4  85.6003
107  5  85.6265
107  6  85.6541
107  7  85.6802
107  8  85.7031
107  9  85.7221
107  10  85.7375
107  11  85.7495
107  12  85.7588
107  13  85.766
107  14  85.7715
107  15  85.7756
107  16  85.7788
107  17  85.7812
107  18  85.783
107  19  85.7843
107  20  85.7852
107  21  85.7859
107  22  85.7864
107  23  85.7866
107  24  85.7868
107  25  85.7869
108  1  85.8619
108  2  85.8565
108  3  85.8417
108  4  85.8188
108  5  85.7906
108  6  85.761
108  7  85.7329
108  8  85.7082
108  9  85.6878
108  10  85.6713
108  11  85.6583
108  12  85.6483
108  13  85.6406
108  14  85.6347
108  15  85.6302
108  16  85.6268
108  17  85.6242
108  18  85.6223
108  19  85.6209
108  20  85.6199
108  21  85.6191
108  22  85.6187
108  23  85.6183
108  24  85.6182
108  25  85.6181
109  1  86.1673
109  2  86.1511
109  3  86.1074
109  4  86.0395
109  5  85.9561
109  6  85.8682
109  7  85.7849
109  8  85.7119
109  9  85.6512
109  10  85.6023
109  11  85.5639
109  12  85.5341
109  13  85.5113
109  14  85.4938
109  15  85.4805
109  16  85.4704
109  17  85.4628
109  18  85.4571
109  19  85.4529
109  20  85.4499
109  21  85.4477
109  22  85.4463
109  23  85.4453
109  24  85.4448
109  25  85.4447
110  1  86.4583
110  2  86.4319
110  3  86.3607
110  4  86.2499
110  5  86.1138
110  6  85.9704
110  7  85.8345
110  8  85.7153
110  9  85.6161
110  10  85.5363
110  11  85.4736
110  12  85.425
110  13  85.3876
110  14  85.3591
110  15  85.3373
110  16  85.3209
110  17  85.3085
110  18  85.2992
110  19  85.2923
110  20  85.2873
110  21  85.2838
110  22  85.2814
110  23  85.2799
110  24  85.2791
110  25  85.2788
111  1  86.7574
111  2  86.7205
111  3  86.6208
111  4  86.4658
111  5  86.2754
111  6  86.0746
111  7  85.8844
111  8  85.7176
111  9  85.5787
111  10  85.4669
111  11  85.3791
111  12  85.311
111  13  85.2587
111  14  85.2187
111  15  85.1882
111  16  85.1652
111  17  85.1478
111  18  85.1348
111  19  85.1252
111  20  85.1182
111  21  85.1132
111  22  85.1099
111  23  85.1078
111  24  85.1066
111  25  85.1062
112  1  87.0756
112  2  87.0275
112  3  86.8975
112  4  86.6953
112  5  86.447
112  6  86.185
112  7  85.9369
112  8  85.7191
112  9  85.5378
112  10  85.392
112  11  85.2773
112  12  85.1884
112  13  85.12
112  14  85.0678
112  15  85.028
112  16  84.9979
112  17  84.9752
112  18  84.9583
112  19  84.9457
112  20  84.9366
112  21  84.9301
112  22  84.9258
112  23  84.923
112  24  84.9215
112  25  84.921
113  1  87.3576
113  2  87.2995
113  3  87.1426
113  4  86.8985
113  5  86.5986
113  6  86.2822
113  7  85.9825
113  8  85.7194
113  9  85.5003
113  10  85.3241
113  11  85.1856
113  12  85.0781
113  13  84.9955
113  14  84.9324
113  15  84.8844
113  16  84.848
113  17  84.8205
113  18  84.8
113  19  84.7849
113  20  84.7738
113  21  84.766
113  22  84.7607
113  23  84.7574
113  24  84.7556
113  25  84.755
114  1  87.6542
114  2  87.5856
114  3  87.4004
114  4  87.1121
114  5  86.758
114  6  86.3843
114  7  86.0303
114  8  85.7195
114  9  85.4606
114  10  85.2524
114  11  85.0887
114  12  84.9617
114  13  84.8641
114  14  84.7895
114  15  84.7327
114  16  84.6897
114  17  84.6573
114  18  84.633
114  19  84.6151
114  20  84.6021
114  21  84.5929
114  22  84.5866
114  23  84.5827
114  24  84.5805
114  25  84.5798
115  1  87.9626
115  2  87.883
115  3  87.6683
115  4  87.3341
115  5  86.9234
115  6  86.49
115  7  86.0794
115  8  85.7189
115  9  85.4186
115  10  85.177
115  11  84.987
115  12  84.8397
115  13  84.7264
115  14  84.6398
115  15  84.574
115  16  84.524
115  17  84.4864
115  18  84.4583
115  19  84.4375
115  20  84.4224
115  21  84.4117
115  22  84.4044
115  23  84.3998
115  24  84.3973
115  25  84.3965
116  1  88.2838
116  2  88.1929
116  3  87.9473
116  4  87.5651
116  5  87.0955
116  6  86.5998
116  7  86.1301
116  8  85.7176
116  9  85.374
116  10  85.0976
116  11  84.8802
116  12  84.7116
116  13  84.582
116  14  84.4829
116  15  84.4075
116  16  84.3503
116  17  84.3073
116  18  84.2751
116  19  84.2513
116  20  84.234
116  21  84.2217
116  22  84.2134
116  23  84.2082
116  24  84.2053
116  25  84.2044
117  1  88.5688
117  2  88.4677
117  3  88.1948
117  4  87.77
117  5  87.2479
117  6  86.6969
117  7  86.1746
117  8  85.716
117  9  85.3339
117  10  85.0265
117  11  84.7847
117  12  84.5972
117  13  84.453
117  14  84.3428
117  15  84.259
117  16  84.1954
117  17  84.1476
117  18  84.1117
117  19  84.0853
117  20  84.066
117  21  84.0524
117  22  84.0431
117  23  84.0373
117  24  84.0342
117  25  84.0331
118  1  88.8735
118  2  88.7616
118  3  88.4594
118  4  87.9889
118  5  87.4107
118  6  86.8003
118  7  86.2218
118  8  85.7138
118  9  85.2905
118  10  84.9499
118  11  84.682
118  12  84.4742
118  13  84.3144
118  14  84.1923
118  15  84.0994
118  16  84.029
118  17  83.9759
118  18  83.9362
118  19  83.9069
118  20  83.8856
118  21  83.8705
118  22  83.8602
118  23  83.8538
118  24  83.8503
118  25  83.8491
119  1  89.1853
119  2  89.0622
119  3  88.73
119  4  88.2128
119  5  87.5771
119  6  86.9059
119  7  86.2698
119  8  85.711
119  9  85.2455
119  10  84.8709
119  11  84.5762
119  12  84.3477
119  13  84.1719
119  14  84.0376
119  15  83.9354
119  16  83.8579
119  17  83.7995
119  18  83.7559
119  19  83.7236
119  20  83.7002
119  21  83.6835
119  22  83.6723
119  23  83.6652
119  24  83.6613
119  25  83.66
120  1  89.4816
120  2  89.348
120  3  88.9872
120  4  88.4255
120  5  87.735
120  6  87.006
120  7  86.315
120  8  85.708
120  9  85.2023
120  10  84.7953
120  11  84.4751
120  12  84.2268
120  13  84.0359
120  14  83.8899
120  15  83.7789
120  16  83.6947
120  17  83.6313
120  18  83.5838
120  19  83.5488
120  20  83.5233
120  21  83.5052
120  22  83.493
120  23  83.4852
120  24  83.4811
120  25  83.4796
121  1  89.7961
121  2  89.6512
121  3  89.26
121  4  88.6509
121  5  87.9021
121  6  87.1116
121  7  86.3621
121  8  85.7037
121  9  85.1551
121  10  84.7136
121  11  84.3663
121  12  84.0969
121  13  83.8898
121  14  83.7315
121  15  83.611
121  16  83.5197
121  17  83.4509
121  18  83.3994
121  19  83.3613
121  20  83.3337
121  21  83.3141
121  22  83.3008
121  23  83.2924
121  24  83.2879
121  25  83.2863
122  1  90.1194
122  2  89.9629
122  3  89.5407
122  4  88.8831
122  5  88.0748
122  6  87.2213
122  7  86.4121
122  8  85.7013
122  9  85.1089
122  10  84.6322
122  11  84.2571
122  12  83.9662
122  13  83.7425
122  14  83.5715
122  15  83.4414
122  16  83.3428
122  17  83.2685
122  18  83.2129
122  19  83.1718
122  20  83.1419
122  21  83.1208
122  22  83.1064
122  23  83.0974
122  24  83.0925
122  25  83.0908
123  1  90.4531
123  2  90.2847
123  3  89.8302
123  4  89.1224
123  5  88.2522
123  6  87.3333
123  7  86.4621
123  8  85.6968
123  9  85.0589
123  10  84.5456
123  11  84.1418
123  12  83.8285
123  13  83.5876
123  14  83.4035
123  15  83.2634
123  16  83.1572
123  17  83.0771
123  18  83.0173
123  19  82.973
123  20  82.9409
123  21  82.9181
123  22  82.9026
123  23  82.8929
123  24  82.8876
123  25  82.8858
124  1  90.7942
124  2  90.6136
124  3  90.126
124  4  89.3668
124  5  88.4333
124  6  87.4476
124  7  86.513
124  8  85.6919
124  9  85.0075
124  10  84.4568
124  11  84.0235
124  12  83.6873
124  13  83.4289
124  14  83.2313
124  15  83.0809
124  16  82.967
124  17  82.8811
124  18  82.8169
124  19  82.7694
124  20  82.7349
124  21  82.7104
124  22  82.6939
124  23  82.6834
124  24  82.6777
124  25  82.6758
125  1  91.1669
125  2  90.9729
125  3  90.4492
125  4  89.6338
125  5  88.6311
125  6  87.5723
125  7  86.5683
125  8  85.6862
125  9  84.951
125  10  84.3593
125  11  83.8937
125  12  83.5326
125  13  83.2549
125  14  83.0426
125  15  82.8811
125  16  82.7586
125  17  82.6664
125  18  82.5974
125  19  82.5464
125  20  82.5093
125  21  82.483
125  22  82.4652
125  23  82.4539
125  24  82.4479
125  25  82.4458
126  1  91.5689
126  2  91.3605
126  3  90.7979
126  4  89.9217
126  5  88.8444
126  6  87.7066
126  7  86.6277
126  8  85.6797
126  9  84.8896
126  10  84.2537
126  11  83.7534
126  12  83.3653
126  13  83.0668
126  14  82.8387
126  15  82.665
126  16  82.5334
126  17  82.4342
126  18  82.3601
126  19  82.3052
126  20  82.2654
126  21  82.2372
126  22  82.218
126  23  82.2059
126  24  82.1994
126  25  82.1972
127  1  91.9942
127  2  91.7705
127  3  91.1667
127  4  90.2262
127  5  89.0698
127  6  87.8485
127  7  86.6902
127  8  85.6726
127  9  84.8244
127  10  84.1417
127  11  83.6045
127  12  83.1878
127  13  82.8674
127  14  82.6224
127  15  82.4359
127  16  82.2947
127  17  82.1882
127  18  82.1086
127  19  82.0497
127  20  82.0069
127  21  81.9766
127  22  81.956
127  23  81.943
127  24  81.936
127  25  81.9336
128  1  92.5174
128  2  92.2749
128  3  91.6202
128  4  90.6006
128  5  89.3469
128  6  88.0227
128  7  86.7669
128  8  85.6635
128  9  84.7437
128  10  84.0034
128  11  83.4209
128  12  82.969
128  13  82.6215
128  14  82.3558
128  15  82.1537
128  16  82.0004
128  17  81.885
128  18  81.7986
128  19  81.7348
128  20  81.6884
128  21  81.6555
128  22  81.6332
128  23  81.6191
128  24  81.6115
128  25  81.6089
129  1  93.2222
129  2  92.9543
129  3  92.2312
129  4  91.1049
129  5  89.7199
129  6  88.2571
129  7  86.8697
129  8  85.6506
129  9  84.6344
129  10  83.8164
129  11  83.1728
129  12  82.6735
129  13  82.2895
129  14  81.996
129  15  81.7726
129  16  81.6033
129  17  81.4757
129  18  81.3803
129  19  81.3097
129  20  81.2585
129  21  81.2221
129  22  81.1975
129  23  81.182
129  24  81.1735
129  25  81.1707
130  1  97.3676
130  2  96.9499
130  3  95.8221
130  4  94.0655
130  5  91.9052
130  6  89.6231
130  7  87.4585
130  8  85.5563
130  9  83.9705
130  10  82.694
130  11  81.6895
130  12  80.9102
130  13  80.3109
130  14  79.8528
130  15  79.504
130  16  79.2398
130  17  79.0406
130  18  78.8917
130  19  78.7815
130  20  78.7015
130  21  78.6448
130  22  78.6063
130  23  78.5821
130  24  78.5689
130  25  78.5644
