1  1  -63.1118
1  2  -44.8299
1  3  -37.4707
1  4  -32.7741
1  5  -29.315
1  6  -26.5957
1  7  -24.389
1  8  -22.5746
1  9  -21.0815
1  10  -19.861
1  11  -18.8716
1  12  -18.0694
1  13  -17.4008
1  14  -16.7986
1  15  -16.1815
1  16  -15.4563
1  17  -14.5233
1  18  -13.2805
1  19  -11.623
1  20  -9.43367
1  21  -6.55451
1  22  -2.71865
1  23  2.6403
1  24  11.1336
1  25  31.2626
2  1  -63.1364
2  2  -45.0877
2  3  -37.9801
2  4  -33.4265
2  5  -30.0391
2  6  -27.3333
2  7  -25.086
2  8  -23.1793
2  9  -21.5444
2  10  -20.1379
2  11  -18.9282
2  12  -17.8867
2  13  -16.9806
2  14  -16.1658
2  15  -15.3823
2  16  -14.5499
2  17  -13.5682
2  18  -12.319
2  19  -10.669
2  20  -8.4663
2  21  -5.51923
2  22  -1.53072
2  23  4.09772
2  24  13.0334
2  25  33.3483
3  1  -63.8363
3  2  -45.7691
3  3  -38.8719
3  4  -34.4439
3  5  -31.1222
3  6  -28.4309
3  7  -26.1495
3  8  -24.1593
3  9  -22.3898
3  10  -20.7965
3  11  -19.3491
3  12  -18.0244
3  13  -16.8012
3  14  -15.6542
3  15  -14.5484
3  16  -13.4314
3  17  -12.2262
3  18  -10.8246
3  19  -9.08262
3  20  -6.81672
3  21  -3.79096
3  22  0.335395
3  23  6.19135
3  24  15.4376
3  25  34.4555
4  1  -64.8844
4  2  -46.5803
4  3  -39.7971
4  4  -35.4441
4  5  -32.165
4  6  -29.4882
4  7  -27.1945
4  8  -25.1642
4  9  -23.3253
4  10  -21.6313
4  11  -20.0502
4  12  -18.5584
4  13  -17.1369
4  14  -15.7672
4  15  -14.4271
4  16  -13.0852
4  17  -11.6919
4  18  -10.1691
4  19  -8.39579
4  20  -6.19397
4  21  -3.31084
4  22  0.620941
4  23  6.22759
4  24  15.0119
4  25  30.0783
5  1  -66.8752
5  2  -47.9632
5  3  -41.2513
5  4  -36.9588
5  5  -33.7208
5  6  -31.0669
5  7  -28.7792
5  8  -26.7389
5  9  -24.8748
5  10  -23.1412
5  11  -21.508
5  12  -19.9558
5  13  -18.4731
5  14  -17.055
5  15  -15.7035
5  16  -14.4263
5  17  -13.2357
5  18  -12.1435
5  19  -11.1474
5  20  -10.202
5  21  -9.16673
5  22  -7.7322
5  23  -5.33126
5  24  -0.984015
5  25  0.648251
6  1  -70.3049
6  2  -50.1676
6  3  -43.4168
6  4  -39.1355
6  5  -35.9192
6  6  -33.2924
6  7  -31.0381
6  8  -29.0418
6  9  -27.2383
6  10  -25.5914
6  11  -24.0844
6  12  -22.7173
6  13  -21.5071
6  14  -20.4908
6  15  -19.7314
6  16  -19.3264
6  17  -19.4171
6  18  -20.1949
6  19  -21.8918
6  20  -24.7316
6  21  -28.8111
6  22  -33.9178
6  23  -39.4177
6  24  -44.5995
6  25  -55.185
7  1  -75.3514
7  2  -53.239
7  3  -46.2683
7  4  -41.9042
7  5  -38.6593
7  6  -36.0409
7  7  -33.8307
7  8  -31.9187
7  9  -30.2496
7  10  -28.8008
7  11  -27.5741
7  12  -26.5925
7  13  -25.9003
7  14  -25.5641
7  15  -25.6723
7  16  -26.3312
7  17  -27.6518
7  18  -29.7219
7  19  -32.5606
7  20  -36.0604
7  21  -39.943
7  22  -43.7641
7  23  -46.9821
7  24  -48.9891
7  25  -45.5939
8  1  -83.1111
8  2  -57.7824
8  3  -50.2832
8  4  -45.665
8  5  -42.2841
8  6  -39.6082
8  7  -37.4078
8  8  -35.573
8  9  -34.0529
8  10  -32.8313
8  11  -31.9149
8  12  -31.3255
8  13  -31.0932
8  14  -31.2478
8  15  -31.8073
8  16  -32.7625
8  17  -34.0621
8  18  -35.6003
8  19  -37.2144
8  20  -38.694
8  21  -39.7956
8  22  -40.2427
8  23  -39.65
8  24  -37.0667
8  25  -21.4415
9  1  -91.8118
9  2  -62.7568
9  3  -54.5067
9  4  -49.4889
9  5  -45.8607
9  6  -43.0336
9  7  -40.7562
9  8  -38.9085
9  9  -37.4328
9  10  -36.3044
9  11  -35.5152
9  12  -35.0621
9  13  -34.9361
9  14  -35.1126
9  15  -35.5422
9  16  -36.1458
9  17  -36.8145
9  18  -37.4154
9  19  -37.801
9  20  -37.8153
9  21  -37.2861
9  22  -35.9824
9  23  -33.4668
9  24  -28.4144
9  25  -6.09148
10  1  -99.8343
10  2  -67.2918
10  3  -58.2552
10  4  -52.7954
10  5  -48.8744
10  6  -45.8441
10  7  -43.4278
10  8  -41.4906
10  9  -39.963
10  10  -38.8065
10  11  -37.995
10  12  -37.501
10  13  -37.2858
10  14  -37.2923
10  15  -37.4415
10  16  -37.6343
10  17  -37.7575
10  18  -37.6909
10  19  -37.3122
10  20  -36.4935
10  21  -35.0799
10  22  -32.8299
10  23  -29.2326
10  24  -22.6914
10  25  3.92302
11  1  -106.453
11  2  -71.0163
11  3  -61.283
11  4  -55.4199
11  5  -51.2217
11  6  -47.9884
11  7  -45.4194
11  8  -43.366
11  9  -41.747
11  10  -40.5119
11  11  -39.62
11  12  -39.0273
11  13  -38.6771
11  14  -38.4959
11  15  -38.3931
11  16  -38.2657
11  17  -38.0047
11  18  -37.5008
11  19  -36.6449
11  20  -35.3185
11  21  -33.3667
11  22  -30.5288
11  23  -26.2341
11  24  -18.6903
11  25  10.9422
12  1  -112.692
12  2  -74.5212
12  3  -64.1017
12  4  -57.8337
12  5  -53.3514
12  6  -49.9036
12  7  -47.1663
12  8  -44.9766
12  9  -43.2421
12  10  -41.901
12  11  -40.9007
12  12  -40.1838
12  13  -39.6814
12  14  -39.3096
12  15  -38.9722
12  16  -38.5659
12  17  -37.9866
12  18  -37.1324
12  19  -35.9013
12  20  -34.1775
12  21  -31.8006
12  22  -28.489
12  23  -23.6171
12  24  -15.2219
12  25  17.0462
13  1  -118.003
13  2  -77.5041
13  3  -66.4826
13  4  -59.855
13  5  -55.1166
13  6  -51.4719
13  7  -48.5765
13  8  -46.2548
13  9  -44.4048
13  10  -42.9559
13  11  -41.8459
13  12  -41.0083
13  13  -40.3657
13  14  -39.8282
13  15  -39.2967
13  16  -38.6687
13  17  -37.8434
13  18  -36.7234
13  19  -35.2097
13  20  -33.186
13  21  -30.485
13  22  -26.8063
13  23  -21.4787
13  24  -12.3999
13  25  22.023
14  1  -123.016
14  2  -80.3195
14  3  -68.718
14  4  -61.7406
14  5  -56.7509
14  6  -52.9106
14  7  -49.8557
14  8  -47.3986
14  9  -45.4285
14  10  -43.8665
14  11  -42.6425
14  12  -41.6824
14  13  -40.9024
14  14  -40.2079
14  15  -39.4984
14  16  -38.672
14  17  -37.6304
14  18  -36.279
14  19  -34.5198
14  20  -32.2348
14  21  -29.2486
14  22  -25.243
14  23  -19.5045
14  24  -9.80217
14  25  26.6095
15  1  -127.79
15  2  -83.002
15  3  -70.8393
15  4  -63.521
15  5  -58.2846
15  6  -54.2508
15  7  -51.0363
15  8  -48.4424
15  9  -46.3497
15  10  -44.672
15  11  -43.3323
15  12  -42.2501
15  13  -41.3361
15  14  -40.4927
15  15  -39.6178
15  16  -38.6104
15  17  -37.3738
15  18  -35.8148
15  19  -33.8358
15  20  -31.3156
15  21  -28.0708
15  22  -23.7659
15  23  -17.6474
15  24  -7.36418
15  25  30.9166
16  1  -132.472
16  2  -85.6347
16  3  -72.9146
16  4  -65.2559
16  5  -59.7717
16  6  -55.5423
16  7  -52.1653
16  8  -49.4309
16  9  -47.2118
16  10  -45.4146
16  11  -43.9561
16  12  -42.7502
16  13  -41.7031
16  14  -40.7143
16  15  -39.6807
16  16  -38.5017
16  17  -37.0818
16  18  -35.3286
16  19  -33.1436
16  20  -30.4021
16  21  -26.9125
16  22  -22.3219
16  23  -15.8382
16  24  -4.99331
16  25  35.1062
17  1  -136.606
17  2  -87.9602
17  3  -74.7433
17  4  -66.7799
17  5  -61.073
17  6  -56.6667
17  7  -53.1421
17  8  -50.2796
17  9  -47.9445
17  10  -46.0379
17  11  -44.4711
17  12  -43.1535
17  13  -41.9879
17  14  -40.8714
17  15  -39.7001
17  16  -38.3737
17  17  -36.7973
17  18  -34.8785
17  19  -32.5178
17  20  -29.5867
17  21  -25.8863
17  22  -21.0483
17  23  -14.2464
17  24  -2.9104
17  25  38.7871
18  1  -140.914
18  2  -90.3853
18  3  -76.6465
18  4  -68.362
18  5  -62.4195
18  6  -57.8256
18  7  -54.1437
18  8  -51.144
18  9  -48.6847
18  10  -46.6607
18  11  -44.9783
18  12  -43.5425
18  13  -42.2526
18  14  -41.0037
18  15  -39.691
18  16  -38.2142
18  17  -36.4788
18  18  -34.3921
18  19  -31.8529
18  20  -28.7288
18  21  -24.8127
18  22  -19.7204
18  23  -12.5901
18  24  -0.745411
18  25  42.6127
19  1  -144.886
19  2  -92.6222
19  3  -78.3993
19  4  -69.816
19  5  -63.6537
19  6  -58.8842
19  7  -55.0546
19  8  -51.9257
19  9  -49.3491
19  10  -47.2144
19  11  -45.4235
19  12  -43.8773
19  13  -42.4724
19  14  -41.102
19  15  -39.6606
19  16  -38.0477
19  17  -36.1687
19  18  -33.9306
19  19  -31.2302
19  20  -27.9313
19  21  -23.8191
19  22  -18.4948
19  23  -11.064
19  24  1.24753
19  25  46.1338
20  1  -148.374
20  2  -94.5876
20  3  -79.9374
20  4  -71.0898
20  5  -64.7328
20  6  -59.8072
20  7  -55.8461
20  8  -52.6019
20  9  -49.9205
20  10  -47.6871
20  11  -45.7994
20  12  -44.1555
20  13  -42.6493
20  14  -41.1727
20  15  -39.6193
20  16  -37.8885
20  17  -35.8854
20  18  -33.5165
20  19  -30.6767
20  20  -27.2264
20  21  -22.9438
20  22  -17.4173
20  23  -9.72377
20  24  2.99638
20  25  49.223
21  1  -151.855
21  2  -96.5498
21  3  -81.4715
21  4  -72.3587
21  5  -65.8058
21  6  -60.723
21  7  -56.6292
21  8  -53.2685
21  9  -50.4811
21  10  -48.1478
21  11  -46.1626
21  12  -44.4205
21  13  -42.8131
21  14  -41.2308
21  15  -39.5665
21  16  -37.7193
21  17  -35.5941
21  18  -33.0963
21  19  -30.1192
21  20  -26.5192
21  21  -22.068
21  22  -16.3408
21  23  -8.3862
21  24  4.74079
21  25  52.3039
22  1  -155.123
22  2  -98.3926
22  3  -82.9111
22  4  -73.548
22  5  -66.8101
22  6  -61.5787
22  7  -57.3591
22  8  -53.8879
22  9  -50.9999
22  10  -48.5717
22  11  -46.4942
22  12  -44.6593
22  13  -42.9568
22  14  -41.2757
22  15  -39.508
22  16  -37.5526
22  17  -35.3139
22  18  -32.6965
22  19  -29.5917
22  20  -25.8525
22  21  -21.244
22  22  -15.3294
22  23  -7.13033
22  24  6.37784
22  25  55.1948
23  1  -158.495
23  2  -100.295
23  3  -84.396
23  4  -74.7737
23  5  -67.8438
23  6  -62.458
23  7  -58.1076
23  8  -54.5212
23  9  -51.5285
23  10  -49.0016
23  11  -46.8281
23  12  -44.8972
23  13  -43.0965
23  14  -41.3136
23  15  -39.4399
23  16  -37.3737
23  17  -35.0191
23  18  -32.2794
23  19  -29.044
23  20  -25.1621
23  21  -20.3923
23  22  -14.285
23  23  -5.83455
23  24  8.06623
23  25  58.1758
24  1  -161.831
24  2  -102.177
24  3  -85.8647
24  4  -75.9849
24  5  -68.8643
24  6  -63.3248
24  7  -58.8441
24  8  -55.143
24  9  -52.0457
24  10  -49.4205
24  11  -47.1514
24  12  -45.1251
24  13  -43.2272
24  14  -41.3439
24  15  -39.3659
24  16  -37.191
24  17  -34.7226
24  18  -31.863
24  19  -28.4994
24  20  -24.4773
24  21  -19.5487
24  22  -13.2515
24  23  -4.55288
24  24  9.73566
24  25  61.123
25  1  -165.022
25  2  -103.978
25  3  -87.2689
25  4  -77.1422
25  5  -69.8384
25  6  -64.1512
25  7  -59.5451
25  8  -55.7336
25  9  -52.5356
25  10  -49.8158
25  11  -47.4549
25  12  -45.3372
25  13  -43.3463
25  14  -41.3673
25  15  -39.29
25  16  -37.0118
25  17  -34.4353
25  18  -31.4619
25  19  -27.9765
25  20  -23.8212
25  21  -18.7414
25  22  -12.2632
25  23  -3.32788
25  24  11.3308
25  25  63.9387
26  1  -168.207
26  2  -105.776
26  3  -88.6705
26  4  -78.2966
26  5  -70.8093
26  6  -64.974
26  7  -60.2423
26  8  -56.3199
26  9  -53.021
26  10  -50.2061
26  11  -47.7533
26  12  -45.544
26  13  -43.4603
26  14  -41.386
26  15  -39.2101
26  16  -36.8293
26  17  -34.1458
26  18  -31.0594
26  19  -27.4532
26  20  -23.1655
26  21  -17.9354
26  22  -11.2772
26  23  -2.10606
26  24  12.9215
26  25  66.7462
27  1  -171.329
27  2  -107.539
27  3  -90.0436
27  4  -79.427
27  5  -71.7594
27  6  -65.7786
27  7  -60.9232
27  8  -56.8917
27  9  -53.4933
27  10  -50.585
27  11  -48.0417
27  12  -45.7427
27  13  -43.5682
27  14  -41.4006
27  15  -39.1285
27  16  -36.6478
27  17  -33.8599
27  18  -30.6636
27  19  -26.9397
27  20  -22.5228
27  21  -17.1461
27  22  -10.312
27  23  -0.9105
27  24  14.4777
27  25  69.4927
28  1  -174.564
28  2  -109.365
28  3  -91.4663
28  4  -80.5976
28  5  -72.7428
28  6  -66.6107
28  7  -61.6267
28  8  -57.4817
28  9  -53.9799
28  10  -50.9745
28  11  -48.3373
28  12  -45.9452
28  13  -43.6766
28  14  -41.4127
28  15  -39.0413
28  16  -36.4576
28  17  -33.5621
28  18  -30.2525
28  19  -26.4073
28  20  -21.8574
28  21  -16.3293
28  22  -9.31355
28  23  0.326036
28  24  16.087
28  25  72.3329
29  1  -177.676
29  2  -111.122
29  3  -92.8343
29  4  -81.7228
29  5  -73.6875
29  6  -67.4095
29  7  -62.3016
29  8  -58.0471
29  9  -54.4456
29  10  -51.3466
29  11  -48.6189
29  12  -46.1373
29  13  -43.7783
29  14  -41.4221
29  15  -38.9555
29  16  -36.2732
29  17  -33.275
29  18  -29.857
29  19  -25.8957
29  20  -21.2184
29  21  -15.5454
29  22  -8.35564
29  23  1.51218
29  24  17.6306
29  25  75.0571
30  1  -180.515
30  2  -112.725
30  3  -94.0823
30  4  -82.7491
30  5  -74.5488
30  6  -68.1375
30  7  -62.9162
30  8  -58.5617
30  9  -54.869
30  10  -51.6844
30  11  -48.8742
30  12  -46.3108
30  13  -43.8695
30  14  -41.4293
30  15  -38.8762
30  16  -36.1044
30  17  -33.0128
30  18  -29.4965
30  19  -25.4298
30  20  -20.6368
30  21  -14.8321
30  22  -7.48411
30  23  2.59125
30  24  19.0348
30  25  77.5354
31  1  -183.355
31  2  -114.329
31  3  -95.3304
31  4  -83.7751
31  5  -75.4097
31  6  -68.8649
31  7  -63.53
31  8  -59.0753
31  9  -55.2914
31  10  -52.0211
31  11  -49.1282
31  12  -46.4832
31  13  -43.9597
31  14  -41.4356
31  15  -38.7964
31  16  -35.9354
31  17  -32.7509
31  18  -29.1367
31  19  -24.9652
31  20  -20.0569
31  21  -14.121
31  22  -6.61547
31  23  3.66673
31  24  20.4344
31  25  80.0057
32  1  -186.158
32  2  -115.911
32  3  -96.5618
32  4  -84.7872
32  5  -76.2587
32  6  -69.5821
32  7  -64.135
32  8  -59.5813
32  9  -55.7072
32  10  -52.3524
32  11  -49.378
32  12  -46.6526
32  13  -44.0481
32  14  -41.4416
32  15  -38.7176
32  16  -35.7691
32  17  -32.4933
32  18  -28.783
32  19  -24.5085
32  20  -19.4872
32  21  -13.4224
32  22  -5.762
32  23  4.72345
32  24  21.8096
32  25  82.4332
33  1  -188.82
33  2  -117.414
33  3  -97.7311
33  4  -85.7482
33  5  -77.0647
33  6  -70.2627
33  7  -64.7091
33  8  -60.0614
33  9  -56.1017
33  10  -52.6667
33  11  -49.615
33  12  -46.8132
33  13  -44.132
33  14  -41.4474
33  15  -38.6433
33  16  -35.6119
33  17  -32.25
33  18  -28.4488
33  19  -24.077
33  20  -18.9488
33  21  -12.7622
33  22  -4.95542
33  23  5.72219
33  24  23.1095
33  25  84.728
34  1  -191.521
34  2  -118.938
34  3  -98.9169
34  4  -86.7226
34  5  -77.8819
34  6  -70.9528
34  7  -65.2911
34  8  -60.5481
34  9  -56.5016
34  10  -52.9852
34  11  -49.8552
34  12  -46.9762
34  13  -44.2175
34  14  -41.4539
34  15  -38.5689
34  16  -35.4539
34  17  -32.0049
34  18  -28.1121
34  19  -23.6421
34  20  -18.406
34  21  -12.0966
34  22  -4.14212
34  23  6.72939
34  24  24.4206
34  25  87.0429
35  1  -194.269
35  2  -120.488
35  3  -100.123
35  4  -87.7137
35  5  -78.713
35  6  -71.6546
35  7  -65.883
35  8  -61.0431
35  9  -56.9085
35  10  -53.3095
35  11  -50.1
35  12  -47.1427
35  13  -44.3052
35  14  -41.4617
35  15  -38.4947
35  16  -35.295
35  17  -31.758
35  18  -27.7725
35  19  -23.2032
35  20  -17.8581
35  21  -11.4244
35  22  -3.32056
35  23  7.74705
35  24  25.7456
35  25  89.3829
36  1  -196.657
36  2  -121.836
36  3  -101.171
36  4  -88.5749
36  5  -79.4351
36  6  -72.2644
36  7  -66.3974
36  8  -61.4734
36  9  -57.2623
36  10  -53.5918
36  11  -50.3134
36  12  -47.2881
36  13  -44.3826
36  14  -41.4699
36  15  -38.4319
36  16  -35.1591
36  17  -31.5459
36  18  -27.4803
36  19  -22.8253
36  20  -17.3859
36  21  -10.845
36  22  -2.61214
36  23  8.62477
36  24  26.8886
36  25  91.402
37  1  -199.302
37  2  -123.327
37  3  -102.331
37  4  -89.5281
37  5  -80.2346
37  6  -72.9397
37  7  -66.9671
37  8  -61.9502
37  9  -57.6547
37  10  -53.9051
37  11  -50.5507
37  12  -47.4506
37  13  -44.4699
37  14  -41.4809
37  15  -38.3648
37  16  -35.0113
37  17  -31.3144
37  18  -27.1607
37  19  -22.4113
37  20  -16.8684
37  21  -10.2095
37  22  -1.8349
37  23  9.58809
37  24  28.1435
37  25  93.6194
38  1  -201.853
38  2  -124.764
38  3  -103.449
38  4  -90.447
38  5  -81.0053
38  6  -73.5908
38  7  -67.5168
38  8  -62.4105
38  9  -58.0338
38  10  -54.2084
38  11  -50.781
38  12  -47.609
38  13  -44.5563
38  14  -41.4941
38  15  -38.303
38  16  -34.8724
38  17  -31.0952
38  18  -26.8571
38  19  -22.0175
38  20  -16.3755
38  21  -9.6039
38  22  -1.09377
38  23  10.507
38  24  29.341
38  25  95.7362
39  1  -204.236
39  2  -126.107
39  3  -104.494
39  4  -91.3055
39  5  -81.7255
39  6  -74.1994
39  7  -68.0308
39  8  -62.8413
39  9  -58.3891
39  10  -54.4931
39  11  -50.9979
39  12  -47.7592
39  13  -44.6395
39  14  -41.5093
39  15  -38.2486
39  16  -34.7463
39  17  -30.8946
39  18  -26.5783
39  19  -21.6551
39  20  -15.9213
39  21  -9.04531
39  22  -0.40976
39  23  11.3556
39  24  30.4473
39  25  97.6926
40  1  -206.756
40  2  -127.525
40  3  -105.598
40  4  -92.2126
40  5  -82.4867
40  6  -74.8429
40  7  -68.5747
40  8  -63.2976
40  9  -58.7661
40  10  -54.7959
40  11  -51.2294
40  12  -47.9206
40  13  -44.7306
40  14  -41.529
40  15  -38.1952
40  16  -34.6177
40  17  -30.688
40  18  -26.2897
40  19  -21.2789
40  20  -15.4491
40  21  -8.46393
40  22  0.302729
40  23  12.24
40  24  31.601
40  25  99.7338
41  1  -209.217
41  2  -128.91
41  3  -106.675
41  4  -93.0984
41  5  -83.2303
41  6  -75.472
41  7  -69.1068
41  8  -63.7446
41  9  -59.136
41  10  -55.0939
41  11  -51.4584
41  12  -48.0816
41  13  -44.8234
41  14  -41.5526
41  15  -38.1481
41  16  -34.4977
41  17  -30.4924
41  18  -26.0149
41  19  -20.9195
41  20  -14.997
41  21  -7.90647
41  22  0.986591
41  23  13.0896
41  24  32.7099
41  25  101.697
42  1  -211.584
42  2  -130.241
42  3  -107.71
42  4  -93.9499
42  5  -83.9454
42  6  -76.0774
42  7  -69.6194
42  8  -64.1759
42  9  -59.4938
42  10  -55.3832
42  11  -51.6818
42  12  -48.2402
42  13  -44.917
42  14  -41.5802
42  15  -38.1083
42  16  -34.3884
42  17  -30.3113
42  18  -25.7585
42  19  -20.5827
42  20  -14.5723
42  21  -7.38191
42  22  1.63088
42  23  13.8907
42  24  33.7564
42  25  103.551
43  1  -214.026
43  2  -131.612
43  3  -108.778
43  4  -94.8279
43  5  -84.6831
43  6  -76.7024
43  7  -70.1493
43  8  -64.6227
43  9  -59.8654
43  10  -55.6848
43  11  -51.9163
43  12  -48.4085
43  13  -45.019
43  14  -41.6148
43  15  -38.074
43  16  -34.2834
43  17  -30.133
43  18  -25.5035
43  19  -20.246
43  20  -14.1463
43  21  -6.85466
43  22  2.27944
43  23  14.6981
43  24  34.8121
43  25  105.423
44  1  -216.335
44  2  -132.907
44  3  -109.786
44  4  -95.6577
44  5  -85.3809
44  6  -77.2942
44  7  -70.6518
44  8  -65.0473
44  9  -60.2198
44  10  -55.9737
44  11  -52.1425
44  12  -48.5729
44  13  -45.1214
44  14  -41.6543
44  15  -38.0491
44  16  -34.1925
44  17  -29.9738
44  18  -25.2728
44  19  -19.9394
44  20  -13.7569
44  21  -6.37134
44  22  2.8751
44  23  15.4406
44  24  35.7841
44  25  107.149
45  1  -218.573
45  2  -134.161
45  3  -110.762
45  4  -96.4616
45  5  -86.0574
45  6  -77.8686
45  7  -71.1405
45  8  -65.4612
45  9  -60.5665
45  10  -56.2579
45  11  -52.3668
45  12  -48.7382
45  13  -45.2274
45  14  -41.7001
45  15  -38.0335
45  16  -34.1137
45  17  -29.8298
45  18  -25.0609
45  19  -19.6553
45  20  -13.3941
45  21  -5.91962
45  22  3.43307
45  23  16.1374
45  24  36.6976
45  25  108.772
46  1  -220.851
46  2  -135.436
46  3  -111.755
46  4  -97.2797
46  5  -86.7465
46  6  -78.4546
46  7  -71.6399
46  8  -65.8856
46  9  -60.9235
46  10  -56.5524
46  11  -52.6013
46  12  -48.9136
46  13  -45.3435
46  14  -41.7559
46  15  -38.0276
46  16  -34.0447
46  17  -29.6957
46  18  -24.8589
46  19  -19.3815
46  20  -13.0423
46  21  -5.4797
46  22  3.97805
46  23  16.8194
46  24  37.5933
46  25  110.366
47  1  -223.094
47  2  -136.688
47  3  -112.731
47  4  -98.0845
47  5  -87.4252
47  6  -79.0327
47  7  -72.1341
47  8  -66.307
47  9  -61.2797
47  10  -56.8483
47  11  -52.8394
47  12  -49.0948
47  13  -45.4674
47  14  -41.8215
47  15  -38.0338
47  16  -33.9899
47  17  -29.5782
47  18  -24.6764
47  19  -19.1302
47  20  -12.7165
47  21  -5.07009
47  22  4.48744
47  23  17.4587
47  24  38.4347
47  25  111.867
48  1  -225.259
48  2  -137.895
48  3  -113.672
48  4  -98.8608
48  5  -88.0807
48  6  -79.5922
48  7  -72.6137
48  8  -66.7177
48  9  -61.629
48  10  -57.1409
48  11  -53.0776
48  12  -49.2793
48  13  -45.5978
48  14  -41.8971
48  15  -38.0532
48  16  -33.952
48  17  -29.4814
48  18  -24.5187
48  19  -18.9083
48  20  -12.4253
48  21  -4.70123
48  22  4.94849
48  23  18.0395
48  24  39.2015
48  25  113.238
49  1  -227.531
49  2  -139.158
49  3  -114.658
49  4  -99.6753
49  5  -88.7697
49  6  -80.1818
49  7  -73.1209
49  8  -67.1543
49  9  -62.0029
49  10  -57.457
49  11  -53.3384
49  12  -49.4854
49  13  -45.7488
49  14  -41.9919
49  15  -38.0908
49  16  -33.9311
49  17  -29.4008
49  18  -24.3764
49  19  -18.7016
49  20  -12.1492
49  21  -4.34758
49  22  5.3937
49  23  18.6033
49  24  39.9488
49  25  114.579
50  1  -229.564
50  2  -140.285
50  3  -115.538
50  4  -100.404
50  5  -89.3869
50  6  -80.7115
50  7  -73.5785
50  8  -67.5505
50  9  -62.345
50  10  -57.7492
50  11  -53.583
50  12  -49.6829
50  13  -45.8987
50  14  -42.0932
50  15  -38.1426
50  16  -33.9325
50  17  -29.3508
50  18  -24.2738
50  19  -18.5441
50  20  -11.9331
50  21  -4.06649
50  22  5.75123
50  23  19.0593
50  24  40.5568
50  25  115.674
51  1  -231.679
51  2  -141.454
51  3  -116.451
51  4  -101.16
51  5  -90.0298
51  6  -81.2652
51  7  -74.0593
51  8  -67.9697
51  9  -62.71
51  10  -58.0648
51  11  -53.8512
51  12  -49.9042
51  13  -46.0725
51  14  -42.2185
51  15  -38.2184
51  16  -33.9582
51  17  -29.3257
51  18  -24.1969
51  19  -18.4137
51  20  -11.7461
51  21  -3.81708
51  22  6.07345
51  23  19.4747
51  24  41.1154
51  25  116.687
52  1  -233.607
52  2  -142.516
52  3  -117.282
52  4  -101.85
52  5  -90.6175
52  6  -81.7735
52  7  -74.5032
52  8  -68.3596
52  9  -63.0531
52  10  -58.3652
52  11  -54.1108
52  12  -50.1233
52  13  -46.2504
52  14  -42.3543
52  15  -38.3113
52  16  -34.0078
52  17  -29.3317
52  18  -24.1589
52  19  -18.3307
52  20  -11.616
52  21  -3.63565
52  22  6.31414
52  23  19.7906
52  24  41.5457
52  25  117.475
53  1  -235.61
53  2  -143.614
53  3  -118.142
53  4  -102.566
53  5  -91.2296
53  6  -82.3053
53  7  -74.9708
53  8  -68.7741
53  9  -63.4219
53  10  -58.6927
53  11  -54.3989
53  12  -50.3719
53  13  -46.4588
53  14  -42.5216
53  15  -38.4368
53  16  -34.0912
53  17  -29.3732
53  18  -24.1586
53  19  -18.2883
53  20  -11.5303
53  21  -3.50353
53  22  6.49902
53  23  20.0415
53  24  41.8957
53  25  118.126
54  1  -237.806
54  2  -144.811
54  3  -119.082
54  4  -103.351
54  5  -91.9033
54  6  -82.8944
54  7  -75.4932
54  8  -69.2423
54  9  -63.8443
54  10  -59.074
54  11  -54.7409
54  12  -50.6746
54  13  -46.7211
54  14  -42.7423
54  15  -38.6154
54  16  -34.2279
54  17  -29.4687
54  18  -24.2139
54  19  -18.3041
54  20  -11.5065
54  21  -3.43862
54  22  6.6093
54  23  20.2069
54  24  42.1418
54  25  118.603
55  1  -239.898
55  2  -145.944
55  3  -119.974
55  4  -104.098
55  5  -92.5485
55  6  -83.4631
55  7  -76.0026
55  8  -69.705
55  9  -64.2683
55  10  -59.4638
55  11  -55.0981
55  12  -50.9986
55  13  -47.0107
55  14  -42.9965
55  15  -38.834
55  16  -34.4114
55  17  -29.6186
55  18  -24.3321
55  19  -18.3924
55  20  -11.5664
55  21  -3.47088
55  22  6.60556
55  23  20.2354
55  24  42.2139
55  25  118.777
56  1  -241.985
56  2  -147.065
56  3  -120.86
56  4  -104.844
56  5  -93.1966
56  6  -84.0393
56  7  -76.525
56  8  -70.1862
56  9  -64.7167
56  10  -59.8837
56  11  -55.4907
56  12  -51.3632
56  13  -47.3457
56  14  -43.301
56  15  -39.1079
56  16  -34.656
56  17  -29.8362
56  18  -24.5256
56  19  -18.5652
56  20  -11.7218
56  21  -3.61199
56  22  6.4758
56  23  20.1142
56  24  42.0976
56  25  118.625
57  1  -244.325
57  2  -148.312
57  3  -121.848
57  4  -105.681
57  5  -93.93
57  6  -84.6984
57  7  -77.1307
57  8  -70.7534
57  9  -65.2549
57  10  -60.3975
57  11  -55.981
57  12  -51.8286
57  13  -47.7844
57  14  -43.7118
57  15  -39.4912
57  16  -35.0142
57  17  -30.173
57  18  -24.8459
57  19  -18.8747
57  20  -12.0266
57  21  -3.91919
57  22  6.15785
57  23  19.7734
57  24  41.7092
57  25  118.006
58  1  -246.755
58  2  -149.593
58  3  -122.869
58  4  -106.552
58  5  -94.7004
58  6  -85.3994
58  7  -77.785
58  8  -71.3769
58  9  -65.8575
58  10  -60.9838
58  11  -56.5511
58  12  -52.3805
58  13  -48.3158
58  14  -44.2217
58  15  -39.9809
58  16  -35.4871
58  17  -30.6345
58  18  -25.303
58  19  -19.3357
58  20  -12.5011
58  21  -4.41848
58  22  5.6188
58  23  19.1711
58  24  40.9926
58  25  116.817
59  1  -249.333
59  2  -150.938
59  3  -123.949
59  4  -107.48
59  5  -95.5295
59  6  -86.1634
59  7  -78.5087
59  8  -72.0779
59  9  -66.5462
59  10  -61.6642
59  11  -57.2226
59  12  -53.0402
59  13  -48.9612
59  14  -44.8522
59  15  -40.5986
59  16  -36.0971
59  17  -31.2444
59  18  -25.9223
59  19  -19.9758
59  20  -13.1753
59  21  -5.14346
59  22  4.82035
59  23  18.2623
59  24  39.8914
59  25  114.957
60  1  -252.488
60  2  -152.572
60  3  -125.268
60  4  -108.623
60  5  -96.5601
60  6  -87.1241
60  7  -79.4307
60  8  -72.983
60  9  -67.4465
60  10  -62.5634
60  11  -58.1188
60  12  -53.9294
60  13  -49.8401
60  14  -45.7211
60  15  -41.4617
60  16  -36.9624
60  17  -32.1233
60  18  -26.829
60  19  -20.927
60  20  -14.1913
60  21  -6.24951
60  22  3.5887
60  23  16.8462
60  24  38.1584
60  25  112.
61  1  -256.64
61  2  -154.712
61  3  -127.007
61  4  -110.139
61  5  -97.9355
61  6  -88.4163
61  7  -80.6816
61  8  -74.2204
61  9  -68.6847
61  10  -63.8055
61  11  -59.3608
61  12  -55.1658
61  13  -51.0681
61  14  -46.9428
61  15  -42.6849
61  16  -38.2001
61  17  -33.3928
61  18  -28.1513
61  19  -22.327
61  20  -15.6987
61  21  -7.90228
61  22  1.73663
61  23  14.7045
61  24  35.5222
61  25  107.466
62  1  -263.243
62  2  -158.119
62  3  -129.784
62  4  -112.561
62  5  -100.134
62  6  -90.4826
62  7  -82.6808
62  8  -76.194
62  9  -70.6516
62  10  -65.7675
62  11  -61.3116
62  12  -57.0993
62  13  -52.9842
62  14  -48.8495
62  15  -44.5985
62  16  -40.144
62  17  -35.396
62  18  -30.2479
62  19  -24.5565
62  20  -18.1083
62  21  -10.5528
62  22  -1.24164
62  23  11.2515
62  24  31.2594
62  25  100.092
63  1  -274.734
63  2  -164.072
63  3  -134.613
63  4  -116.731
63  5  -103.873
63  6  -93.9495
63  7  -85.988
63  8  -79.4076
63  9  -73.7996
63  10  -68.8542
63  11  -64.3342
63  12  -60.0595
63  13  -55.8936
63  14  -51.7312
63  15  -47.4851
63  16  -43.0755
63  17  -38.4182
63  18  -33.4122
63  19  -27.9215
63  20  -21.7439
63  21  -14.549
63  22  -5.72813
63  23  6.05397
63  24  24.8445
63  25  88.9514
64  1  -296.583
64  2  -175.269
64  3  -143.473
64  4  -124.13
64  5  -110.29
64  6  -99.7349
64  7  -91.3768
64  8  -84.5303
64  9  -78.7149
64  10  -73.5874
64  11  -68.9042
64  12  -64.4926
64  13  -60.2274
64  14  -56.0129
64  15  -51.7692
64  16  -47.4217
64  17  -42.8907
64  18  -38.0811
64  19  -32.8657
64  20  -27.058
64  21  -20.3561
64  22  -12.2074
64  23  -1.40547
64  24  15.6928
64  25  73.1056
65  1  -317.886
65  2  -184.706
65  3  -150.317
65  4  -129.608
65  5  -115.225
65  6  -104.604
65  7  -96.3518
65  8  -89.6108
65  9  -83.8421
65  10  -78.7055
65  11  -73.982
65  12  -69.5245
65  13  -65.2278
65  14  -61.0103
65  15  -56.8015
65  16  -52.5341
65  17  -48.1348
65  18  -43.516
65  19  -38.5616
65  20  -33.1025
65  21  -26.8666
65  22  -19.3594
65  23  -9.50514
65  24  5.93005
65  25  56.5567
66  1  -252.165
66  2  -146.675
66  3  -125.162
66  4  -114.902
66  5  -108.12
66  6  -102.505
66  7  -97.3635
66  8  -92.4945
66  9  -87.8308
66  10  -83.3365
66  11  -78.9807
66  12  -74.731
66  13  -70.5527
66  14  -66.408
66  15  -62.2549
66  16  -58.045
66  17  -53.7197
66  18  -49.2036
66  19  -44.3938
66  20  -39.1377
66  21  -33.1889
66  22  -26.0988
66  23  -16.893
66  24  -2.65315
66  25  42.7773
67  1  -66.2403
67  2  -50.3412
67  3  -66.4455
67  4  -82.6938
67  5  -92.5249
67  6  -96.6723
67  7  -97.1631
67  8  -95.5397
67  9  -92.7427
67  10  -89.3069
67  11  -85.5276
67  12  -81.5631
67  13  -77.4936
67  14  -73.3519
67  15  -69.1415
67  16  -64.8437
67  17  -60.421
67  18  -55.814
67  19  -50.9337
67  20  -45.6423
67  21  -39.7133
67  22  -32.7307
67  23  -23.7901
67  24  -10.189
67  25  31.8178
68  1  35.5815
68  2  4.51723
68  3  -30.1148
68  4  -62.6326
68  5  -85.1006
68  6  -97.8545
68  7  -103.741
68  8  -105.307
68  9  -104.273
68  10  -101.699
68  11  -98.214
68  12  -94.1882
68  13  -89.8352
68  14  -85.2735
68  15  -80.5621
68  16  -75.7195
68  17  -70.7333
68  18  -65.5622
68  19  -60.1313
68  20  -54.3158
68  21  -47.9035
68  22  -40.5005
68  23  -31.2469
68  24  -17.5777
68  25  22.6738
69  1  78.8672
69  2  30.9713
69  3  -23.2503
69  4  -80.5013
69  5  -125.844
69  6  -155.565
69  7  -172.141
69  8  -179.371
69  9  -180.43
69  10  -177.545
69  11  -172.177
69  12  -165.257
69  13  -157.37
69  14  -148.882
69  15  -140.013
69  16  -130.893
69  17  -121.58
69  18  -112.084
69  19  -102.363
69  20  -92.3185
69  21  -81.7582
69  22  -70.3096
69  23  -57.1471
69  24  -39.8029
69  25  2.72821
70  1  97.9488
70  2  48.4305
70  3  -8.79321
70  4  -73.012
70  5  -127.669
70  6  -166.258
70  7  -189.683
70  8  -201.505
70  9  -205.285
70  10  -203.767
70  11  -198.856
70  12  -191.813
70  13  -183.455
70  14  -174.3
70  15  -164.673
70  16  -154.767
70  17  -144.685
70  18  -134.461
70  19  -124.071
70  20  -113.424
70  21  -102.337
70  22  -90.4421
70  23  -76.9293
70  24  -59.3814
70  25  -17.5156
71  1  68.1997
71  2  26.4196
71  3  -21.5992
71  4  -78.0744
71  5  -128.583
71  6  -166.017
71  7  -189.854
71  8  -202.62
71  9  -207.384
71  10  -206.72
71  11  -202.51
71  12  -196.042
71  13  -188.165
71  14  -179.429
71  15  -170.177
71  16  -160.618
71  17  -150.863
71  18  -140.95
71  19  -130.858
71  20  -120.496
71  21  -109.68
71  22  -98.0439
71  23  -84.7806
71  24  -67.5018
71  25  -26.463
72  1  53.143
72  2  17.1769
72  3  -23.9461
72  4  -73.9115
72  5  -120.368
72  6  -156.34
72  7  -180.429
72  8  -194.299
72  9  -200.478
72  10  -201.279
72  11  -198.476
72  12  -193.322
72  13  -186.667
72  14  -179.068
72  15  -170.88
72  16  -162.32
72  17  -153.506
72  18  -144.483
72  19  -135.231
72  20  -125.661
72  21  -115.586
72  22  -104.638
72  23  -92.006
72  24  -75.3056
72  25  -35.175
73  1  42.9897
73  2  11.8515
73  3  -23.9573
73  4  -68.7521
73  5  -111.795
73  6  -146.403
73  7  -170.624
73  8  -185.449
73  9  -192.931
73  10  -195.12
73  11  -193.666
73  12  -189.777
73  13  -184.291
73  14  -177.769
73  15  -170.576
73  16  -162.938
73  17  -154.982
73  18  -146.759
73  19  -138.256
73  20  -129.386
73  21  -119.962
73  22  -109.611
73  23  -97.5105
73  24  -81.2593
73  25  -41.7268
74  1  35.1433
74  2  8.48843
74  3  -22.8843
74  4  -63.3927
74  5  -103.557
74  6  -136.993
74  7  -161.348
74  8  -177.058
74  9  -185.757
74  10  -189.246
74  11  -189.055
74  12  -186.345
74  13  -181.938
74  14  -176.4
74  15  -170.106
74  16  -163.292
74  17  -156.097
74  18  -148.581
74  19  -140.735
74  20  -132.48
74  21  -123.629
74  22  -113.805
74  23  -102.175
74  24  -86.2992
74  25  -47.1562
75  1  29.8554
75  2  6.83777
75  3  -21.3745
75  4  -58.8896
75  5  -97.0452
75  6  -129.68
75  7  -154.183
75  8  -170.602
75  9  -180.259
75  10  -184.768
75  11  -185.565
75  12  -183.769
75  13  -180.194
75  14  -175.409
75  15  -169.796
75  16  -163.602
75  17  -156.975
75  18  -149.983
75  19  -142.626
75  20  -134.828
75  21  -126.406
75  22  -116.984
75  23  -105.717
75  24  -90.1311
75  25  -51.1934
76  1  25.9033
76  2  6.14697
76  3  -19.594
76  4  -54.8158
76  5  -91.4457
76  6  -123.501
76  7  -148.18
76  8  -165.227
76  9  -175.716
76  10  -181.104
76  11  -182.747
76  12  -181.73
76  13  -178.86
76  14  -174.709
76  15  -169.665
76  16  -163.987
76  17  -157.83
76  18  -151.271
76  19  -144.315
76  20  -136.894
76  21  -128.828
76  22  -119.744
76  23  -108.793
76  24  -93.4684
76  25  -54.6503
77  1  23.0165
77  2  6.13533
77  3  -17.7082
77  4  -51.2005
77  5  -86.6968
77  6  -118.354
77  7  -143.23
77  8  -160.836
77  9  -172.043
77  10  -178.183
77  11  -180.545
77  12  -180.188
77  13  -177.911
77  14  -174.289
77  15  -169.72
77  16  -164.469
77  17  -158.699
77  18  -152.495
77  19  -145.868
77  20  -138.756
77  21  -130.984
77  22  -122.183
77  23  -111.504
77  24  -96.4219
77  25  -57.6832
78  1  21.0028
78  2  6.56086
78  3  -15.8669
78  4  -48.0886
78  5  -82.7702
78  6  -114.176
78  7  -139.259
78  8  -157.35
78  9  -169.165
78  10  -175.935
78  11  -178.896
78  12  -179.085
78  13  -177.297
78  14  -174.11
78  15  -169.929
78  16  -165.025
78  17  -159.569
78  18  -153.652
78  19  -147.291
78  20  -140.427
78  21  -132.893
78  22  -124.324
78  23  -113.874
78  24  -99.0111
78  25  -60.345
79  1  19.5378
79  2  7.30382
79  3  -13.9822
79  4  -45.1952
79  5  -79.2504
79  6  -110.5
79  7  -135.811
79  8  -154.362
79  9  -166.738
79  10  -174.082
79  11  -177.585
79  12  -178.266
79  13  -176.918
79  14  -174.12
79  15  -170.284
79  16  -165.688
79  17  -160.509
79  18  -154.844
79  19  -148.716
79  20  -142.072
79  21  -134.747
79  22  -126.383
79  23  -116.142
79  24  -101.493
79  25  -62.9218
80  1  18.5315
80  2  8.29945
80  3  -12.0543
80  4  -42.4596
80  5  -76.0368
80  6  -107.209
80  7  -132.771
80  8  -151.769
80  9  -164.673
80  10  -172.552
80  11  -176.557
80  12  -177.692
80  13  -176.746
80  14  -174.304
80  15  -170.781
80  16  -166.465
80  17  -161.537
80  18  -156.1
80  19  -150.182
80  20  -143.733
80  21  -136.598
80  22  -128.42
80  23  -118.37
80  24  -103.932
80  25  -65.498
81  1  17.9635
81  2  9.39704
81  3  -10.2476
81  4  -40.0545
81  5  -73.3011
81  6  -104.464
81  7  -130.276
81  8  -149.679
81  9  -163.049
81  10  -171.394
81  11  -175.833
81  12  -177.358
81  13  -176.758
81  14  -174.619
81  15  -171.364
81  16  -167.284
81  17  -162.569
81  18  -157.323
81  19  -151.582
81  20  -145.299
81  21  -138.322
81  22  -130.302
81  23  -120.418
81  24  -106.17
81  25  -67.9129
82  1  17.6981
82  2  10.709
82  3  -8.31416
82  4  -37.6152
82  5  -70.6101
82  6  -101.819
82  7  -127.916
82  8  -147.744
82  9  -161.589
82  10  -170.404
82  11  -175.278
82  12  -177.193
82  13  -176.935
82  14  -175.096
82  15  -172.105
82  16  -168.259
82  17  -163.751
82  18  -158.694
82  19  -153.126
82  20  -147.004
82  21  -140.182
82  22  -132.317
82  23  -122.596
82  24  -108.545
82  25  -70.5377
83  1  17.7237
83  2  12.011
83  3  -6.54208
83  4  -35.4792
83  5  -68.3206
83  6  -99.6161
83  7  -125.99
83  8  -146.202
83  9  -160.468
83  10  -169.693
83  11  -174.946
83  12  -177.197
83  13  -177.234
83  14  -175.653
83  15  -172.888
83  16  -169.24
83  17  -164.91
83  18  -160.013
83  19  -154.59
83  20  -148.606
83  21  -141.916
83  22  -134.182
83  23  -124.602
83  24  -110.725
83  25  -73.0046
84  1  17.9617
84  2  13.3482
84  3  -4.82274
84  4  -33.4825
84  5  -66.235
84  6  -97.6504
84  7  -124.306
84  8  -144.889
84  9  -159.554
84  10  -169.164
84  11  -174.767
84  12  -177.33
84  13  -177.639
84  14  -176.296
84  15  -173.738
84  16  -170.273
84  17  -166.104
84  18  -161.353
84  19  -156.064
84  20  -150.205
84  21  -143.634
84  22  -136.02
84  23  -126.57
84  24  -112.858
84  25  -75.4687
85  1  18.4055
85  2  14.8126
85  3  -3.02299
85  4  -31.4602
85  5  -64.1744
85  6  -95.749
85  7  -122.713
85  8  -143.686
85  9  -158.759
85  10  -168.761
85  11  -174.72
85  12  -177.596
85  13  -178.179
85  14  -177.073
85  15  -174.721
85  16  -171.438
85  17  -167.431
85  18  -162.824
85  19  -157.668
85  20  -151.932
85  21  -145.48
85  22  -137.985
85  23  -128.665
85  24  -115.121
85  25  -78.1326
86  1  18.9989
86  2  16.2851
86  3  -1.27839
86  4  -29.5566
86  5  -62.2804
86  6  -94.0391
86  7  -121.317
86  8  -142.668
86  9  -158.133
86  10  -168.505
86  11  -174.799
86  12  -177.97
86  13  -178.808
86  14  -177.924
86  15  -175.765
86  16  -172.65
86  17  -168.792
86  18  -164.32
86  19  -159.287
86  20  -153.665
86  21  -147.323
86  22  -139.939
86  23  -130.739
86  24  -117.355
86  25  -80.8037
87  1  19.7126
87  2  17.7711
87  3  0.431517
87  4  -27.7379
87  5  -60.5105
87  6  -92.4755
87  7  -120.073
87  8  -141.798
87  9  -157.644
87  10  -168.374
87  11  -174.989
87  12  -178.441
87  13  -179.523
87  14  -178.849
87  15  -176.873
87  16  -173.918
87  17  -170.202
87  18  -165.856
87  19  -160.938
87  20  -155.425
87  21  -149.187
87  22  -141.907
87  23  -132.821
87  24  -119.59
87  25  -83.51
88  1  20.4449
88  2  19.1316
88  3  1.96135
88  4  -26.1453
88  5  -58.9913
88  6  -91.1611
88  7  -119.055
88  8  -141.118
88  9  -157.304
88  10  -168.35
88  11  -175.248
88  12  -178.947
88  13  -180.242
88  14  -179.752
88  15  -177.936
88  16  -175.12
88  17  -171.526
88  18  -167.291
88  19  -162.473
88  20  -157.054
88  21  -150.906
88  22  -143.717
88  23  -134.732
88  24  -121.636
88  25  -86.0073
89  1  21.2936
89  2  20.5871
89  3  3.56712
89  4  -24.5051
89  5  -57.4556
89  6  -89.8594
89  7  -118.075
89  8  -140.497
89  9  -157.039
89  10  -168.416
89  11  -175.607
89  12  -179.561
89  13  -181.077
89  14  -180.776
89  15  -179.124
89  16  -176.451
89  17  -172.983
89  18  -168.861
89  19  -164.146
89  20  -158.823
89  21  -152.767
89  22  -145.672
89  23  -136.79
89  24  -123.834
89  25  -88.7069
90  1  22.1939
90  2  22.0405
90  3  5.14373
90  4  -22.9228
90  5  -56.001
90  6  -88.6526
90  7  -117.194
90  8  -139.974
90  9  -156.867
90  10  -168.566
90  11  -176.043
90  12  -180.246
90  13  -181.974
90  14  -181.857
90  15  -180.363
90  16  -177.828
90  17  -174.482
90  18  -170.469
90  19  -165.853
90  20  -160.622
90  21  -154.656
90  22  -147.65
90  23  -138.868
90  24  -126.049
90  25  -91.4368
91  1  23.1084
91  2  23.4532
91  3  6.65461
91  4  -21.4302
91  5  -54.6524
91  6  -87.5574
91  7  -116.422
91  8  -139.548
91  9  -156.779
91  10  -168.788
91  11  -176.537
91  12  -180.976
91  13  -182.907
91  14  -182.964
91  15  -181.62
91  16  -179.215
91  17  -175.984
91  18  -172.073
91  19  -167.552
91  20  -162.408
91  21  -156.525
91  22  -149.605
91  23  -140.917
91  24  -128.228
91  25  -94.1277
92  1  24.0308
92  2  24.8328
92  3  8.11219
92  4  -20.0105
92  5  -53.3902
92  6  -86.5538
92  7  -115.738
92  8  -139.205
92  9  -156.764
92  10  -169.071
92  11  -177.084
92  12  -181.749
92  13  -183.874
92  14  -184.098
92  15  -182.897
92  16  -180.617
92  17  -177.496
92  18  -173.683
92  19  -169.25
92  20  -164.19
92  21  -158.387
92  22  -151.549
92  23  -142.951
92  24  -130.387
92  25  -96.7947
93  1  24.9802
93  2  26.2187
93  3  9.56088
93  4  -18.6175
93  5  -52.1709
93  6  -85.6051
93  7  -115.117
93  8  -138.927
93  9  -156.815
93  10  -169.42
93  11  -177.693
93  12  -182.583
93  13  -184.901
93  14  -185.29
93  15  -184.231
93  16  -182.074
93  17  -179.061
93  18  -175.345
93  19  -171.001
93  20  -166.022
93  21  -160.299
93  22  -153.54
93  23  -145.032
93  24  -132.592
93  25  -99.516
94  1  25.87
94  2  27.4943
94  3  10.8821
94  4  -17.3618
94  5  -51.0878
94  6  -84.7801
94  7  -114.599
94  8  -138.727
94  9  -156.917
94  10  -169.795
94  11  -178.308
94  12  -183.403
94  13  -185.896
94  14  -186.435
94  15  -185.505
94  16  -183.46
94  17  -180.545
94  18  -176.917
94  19  -172.653
94  20  -167.748
94  21  -162.097
94  22  -155.412
94  23  -146.985
94  24  -134.658
94  25  -102.061
95  1  26.8113
95  2  28.8252
95  3  12.2494
95  4  -16.0762
95  5  -49.9945
95  6  -83.965
95  7  -114.109
95  8  -138.571
95  9  -157.078
95  10  -170.241
95  11  -179.002
95  12  -184.31
95  13  -186.985
95  14  -187.679
95  15  -186.882
95  16  -184.953
95  17  -182.14
95  18  -178.603
95  19  -174.421
95  20  -169.594
95  21  -164.017
95  22  -157.406
95  23  -149.064
95  24  -136.854
95  25  -104.76
96  1  27.7644
96  2  30.1581
96  3  13.6084
96  4  -14.8117
96  5  -48.9343
96  6  -83.1926
96  7  -113.668
96  8  -138.469
96  9  -157.294
96  10  -170.742
96  11  -179.751
96  12  -185.272
96  13  -188.129
96  14  -188.977
96  15  -188.313
96  16  -186.499
96  17  -183.787
96  18  -180.34
96  19  -176.24
96  20  -171.489
96  21  -165.986
96  22  -159.451
96  23  -151.192
96  24  -139.099
96  25  -107.512
97  1  28.7695
97  2  31.5515
97  3  15.0189
97  4  -13.5125
97  5  -47.8608
97  6  -82.4294
97  7  -113.258
97  8  -138.416
97  9  -157.576
97  10  -171.324
97  11  -180.592
97  12  -186.335
97  13  -189.381
97  14  -190.39
97  15  -189.865
97  16  -188.171
97  17  -185.564
97  18  -182.21
97  19  -178.196
97  20  -173.524
97  21  -168.098
97  22  -161.641
97  23  -153.469
97  24  -141.498
97  25  -110.443
98  1  29.6569
98  2  32.7737
98  3  16.2483
98  4  -12.3906
98  5  -46.9467
98  6  -81.7955
98  7  -112.94
98  8  -138.415
98  9  -157.871
98  10  -171.882
98  11  -181.379
98  12  -187.317
98  13  -190.529
98  14  -191.679
98  15  -191.275
98  16  -189.686
98  17  -187.171
98  18  -183.9
98  19  -179.959
98  20  -175.358
98  21  -169.998
98  22  -163.609
98  23  -155.514
98  24  -143.65
98  25  -113.063
99  1  30.6458
99  2  34.1289
99  3  17.6036
99  4  -11.1649
99  5  -45.9616
99  6  -81.1299
99  7  -112.631
99  8  -138.462
99  9  -158.249
99  10  -172.554
99  11  -182.305
99  12  -188.461
99  13  -191.856
99  14  -193.164
99  15  -192.894
99  16  -191.421
99  17  -189.009
99  18  -185.828
99  19  -181.97
99  20  -177.445
99  21  -172.16
99  22  -165.847
99  23  -157.837
99  24  -146.091
99  25  -116.024
100  1  31.6246
100  2  35.4646
100  3  18.9319
100  4  -9.97435
100  5  -45.0187
100  6  -80.511
100  7  -112.37
100  8  -138.557
100  9  -158.674
100  10  -173.271
100  11  -183.275
100  12  -189.645
100  13  -193.223
100  14  -194.686
100  15  -194.549
100  16  -193.191
100  17  -190.879
100  18  -187.788
100  19  -184.012
100  20  -179.563
100  21  -174.352
100  22  -168.113
100  23  -160.186
100  24  -148.557
100  25  -119.004
101  1  32.596
101  2  36.7863
101  3  20.2394
101  4  -8.8127
101  5  -44.1121
101  6  -79.9339
101  7  -112.155
101  8  -138.699
101  9  -159.146
101  10  -174.035
101  11  -184.29
101  12  -190.875
101  13  -194.634
101  14  -196.251
101  15  -196.246
101  16  -195.003
101  17  -192.791
101  18  -189.789
101  19  -186.094
101  20  -181.721
101  21  -176.582
101  22  -170.418
101  23  -162.574
101  24  -151.06
101  25  -122.018
102  1  33.639
102  2  38.2018
102  3  21.6326
102  4  -7.58583
102  5  -43.1694
102  6  -79.354
102  7  -111.97
102  8  -138.904
102  9  -159.709
102  10  -174.914
102  11  -185.441
102  12  -192.257
102  13  -196.213
102  14  -197.996
102  15  -198.133
102  16  -197.013
102  17  -194.909
102  18  -192.003
102  19  -188.395
102  20  -184.103
102  21  -179.043
102  22  -172.958
102  23  -165.204
102  24  -153.815
102  25  -125.32
103  1  34.6303
103  2  39.5449
103  3  22.948
103  4  -6.43761
103  5  -42.3011
103  6  -78.8398
103  7  -111.84
103  8  -139.149
103  9  -160.299
103  10  -175.808
103  11  -186.596
103  12  -193.633
103  13  -197.777
103  14  -199.72
103  15  -199.993
103  16  -198.99
103  17  -196.989
103  18  -194.175
103  19  -190.651
103  20  -186.436
103  21  -181.451
103  22  -175.442
103  23  -167.773
103  24  -156.503
103  25  -128.529
104  1  35.5721
104  2  40.8194
104  3  24.1908
104  4  -5.3619
104  5  -41.5005
104  6  -78.3841
104  7  -111.756
104  8  -139.428
104  9  -160.911
104  10  -176.711
104  11  -187.75
104  12  -195.
104  13  -199.323
104  14  -201.419
104  15  -201.823
104  16  -200.932
104  17  -199.03
104  18  -196.304
104  19  -192.859
104  20  -188.719
104  21  -183.805
104  22  -177.87
104  23  -170.282
104  24  -159.126
104  25  -131.646
105  1  36.564
105  2  42.1609
105  3  25.4933
105  4  -4.24381
105  5  -40.682
105  6  -77.9384
105  7  -111.71
105  8  -139.771
105  9  -161.609
105  10  -177.722
105  11  -189.028
105  12  -196.504
105  13  -201.019
105  14  -203.277
105  15  -203.82
105  16  -203.05
105  17  -201.253
105  18  -198.62
105  19  -195.26
105  20  -191.199
105  21  -186.361
105  22  -180.503
105  23  -173.002
105  24  -161.965
105  25  -135.008
106  1  37.5305
106  2  43.4675
106  3  26.7567
106  4  -3.16855
106  5  -39.9084
106  6  -77.5379
106  7  -111.708
106  8  -140.156
106  9  -162.346
106  10  -178.767
106  11  -190.337
106  12  -198.038
106  13  -202.742
106  14  -205.16
106  15  -205.84
106  16  -205.188
106  17  -203.494
106  18  -200.953
106  19  -197.676
106  20  -193.693
106  21  -188.93
106  22  -183.148
106  23  -175.732
106  24  -164.814
106  25  -138.367
107  1  38.545
107  2  44.8391
107  3  28.0774
107  4  -2.05433
107  5  -39.1217
107  6  -77.1537
107  7  -111.751
107  8  -140.614
107  9  -163.18
107  10  -179.931
107  11  -191.783
107  12  -199.722
107  13  -204.628
107  14  -207.217
107  15  -208.043
107  16  -207.516
107  17  -205.932
107  18  -203.489
107  19  -200.301
107  20  -196.401
107  21  -191.717
107  22  -186.017
107  23  -178.691
107  24  -167.898
107  25  -141.988
108  1  39.5565
108  2  46.2073
108  3  29.3893
108  4  -0.957561
108  5  -38.3629
108  6  -76.808
108  7  -111.843
108  8  -141.128
108  9  -164.078
108  10  -181.163
108  11  -193.302
108  12  -201.483
108  13  -206.593
108  14  -209.355
108  15  -210.329
108  16  -209.93
108  17  -208.457
108  18  -206.113
108  19  -203.015
108  20  -199.198
108  21  -194.596
108  22  -188.976
108  23  -181.742
108  24  -171.075
108  25  -145.702
109  1  40.5798
109  2  47.5925
109  3  30.7122
109  4  0.137912
109  5  -37.6213
109  6  -76.497
109  7  -111.987
109  8  -141.709
109  9  -165.056
109  10  -182.487
109  11  -194.921
109  12  -203.352
109  13  -208.673
109  14  -211.614
109  15  -212.739
109  16  -212.471
109  17  -211.114
109  18  -208.872
109  19  -205.866
109  20  -202.135
109  21  -197.615
109  22  -192.08
109  23  -184.94
109  24  -174.402
109  25  -149.574
110  1  41.5469
110  2  48.9029
110  3  31.9586
110  4  1.1603
110  5  -36.9452
110  6  -76.2401
110  7  -112.171
110  8  -142.317
110  9  -166.047
110  10  -183.813
110  11  -196.533
110  12  -205.205
110  13  -210.729
110  14  -213.841
110  15  -215.113
110  16  -214.972
110  17  -213.725
110  18  -211.581
110  19  -208.664
110  20  -205.016
110  21  -200.576
110  22  -195.122
110  23  -188.071
110  24  -177.657
110  25  -153.347
111  1  42.5354
111  2  50.2443
111  3  33.2295
111  4  2.19254
111  5  -36.2791
111  6  -76.0159
111  7  -112.411
111  8  -143.002
111  9  -167.134
111  10  -185.249
111  11  -198.267
111  12  -207.191
111  13  -212.927
111  14  -216.219
111  15  -217.644
111  16  -217.635
111  17  -216.503
111  18  -214.461
111  19  -211.637
111  20  -208.075
111  21  -203.718
111  22  -198.348
111  23  -191.391
111  24  -181.105
111  25  -157.328
112  1  43.577
112  2  51.6602
112  3  34.5655
112  4  3.26617
112  5  -35.6057
112  6  -75.8235
112  7  -112.722
112  8  -143.795
112  9  -168.362
112  10  -186.856
112  11  -200.196
112  12  -209.392
112  13  -215.357
112  14  -218.843
112  15  -220.433
112  16  -220.565
112  17  -219.557
112  18  -217.626
112  19  -214.902
112  20  -211.433
112  21  -207.165
112  22  -201.886
112  23  -195.029
112  24  -184.881
112  25  -161.668
113  1  44.4909
113  2  52.9052
113  3  35.7355
113  4  4.19622
113  5  -35.0395
113  6  -75.6934
113  7  -113.048
113  8  -144.556
113  9  -169.515
113  10  -188.35
113  11  -201.98
113  12  -211.421
113  13  -217.592
113  14  -221.252
113  15  -222.991
113  16  -223.251
113  17  -222.355
113  18  -220.523
113  19  -217.888
113  20  -214.502
113  21  -210.315
113  22  -205.117
113  23  -198.35
113  24  -188.324
113  25  -165.61
114  1  45.4376
114  2  54.1978
114  3  36.9454
114  4  5.1476
114  5  -34.4786
114  6  -75.5992
114  7  -113.44
114  8  -145.412
114  9  -170.789
114  10  -189.987
114  11  -203.926
114  12  -213.627
114  13  -220.018
114  14  -223.862
114  15  -225.758
114  16  -226.155
114  17  -225.377
114  18  -223.65
114  19  -221.111
114  20  -217.813
114  21  -213.711
114  22  -208.598
114  23  -201.927
114  24  -192.03
114  25  -169.836
115  1  46.406
115  2  55.5237
115  3  38.1815
115  4  6.10787
115  5  -33.933
115  6  -75.5478
115  7  -113.903
115  8  -146.366
115  9  -172.183
115  10  -191.763
115  11  -206.027
115  12  -216.002
115  13  -222.623
115  14  -226.663
115  15  -228.725
115  16  -229.264
115  17  -228.61
115  18  -226.994
115  19  -224.554
115  20  -221.35
115  21  -217.336
115  22  -212.314
115  23  -205.743
115  24  -195.981
115  25  -174.323
116  1  47.3961
116  2  56.8838
116  3  39.4438
116  4  7.07561
116  5  -33.4063
116  6  -75.5455
116  7  -114.446
116  8  -147.427
116  9  -173.71
116  10  -193.694
116  11  -208.301
116  12  -218.566
116  13  -225.43
116  14  -229.674
116  15  -231.911
116  16  -232.6
116  17  -232.078
116  18  -230.577
116  19  -228.244
116  20  -225.136
116  21  -221.217
116  22  -216.29
116  23  -209.823
116  24  -200.202
116  25  -179.097
117  1  48.2565
117  2  58.0701
117  3  40.5399
117  4  7.90469
117  5  -32.9758
117  6  -75.588
117  7  -114.979
117  8  -148.426
117  9  -175.128
117  10  -195.475
117  11  -210.39
117  12  -220.914
117  13  -227.996
117  14  -232.424
117  15  -234.817
117  16  -235.641
117  17  -235.237
117  18  -233.84
117  19  -231.601
117  20  -228.581
117  21  -224.745
117  22  -219.902
117  23  -213.529
117  24  -204.033
117  25  -183.415
118  1  49.1569
118  2  59.3164
118  3  41.6865
118  4  8.75986
118  5  -32.5542
118  6  -75.68
118  7  -115.603
118  8  -149.556
118  9  -176.711
118  10  -197.45
118  11  -212.698
118  12  -223.502
118  13  -230.82
118  14  -235.447
118  15  -238.009
118  16  -238.978
118  17  -238.7
118  18  -237.416
118  19  -235.278
118  20  -232.353
118  21  -228.607
118  22  -223.856
118  23  -217.582
118  24  -208.221
118  25  -188.117
119  1  50.0557
119  2  60.5661
119  3  42.8308
119  4  9.60004
119  5  -32.1652
119  6  -75.8246
119  7  -116.3
119  8  -150.776
119  9  -178.4
119  10  -199.546
119  11  -215.138
119  12  -226.232
119  13  -233.793
119  14  -238.626
119  15  -241.363
119  16  -242.482
119  17  -242.335
119  18  -241.167
119  19  -239.134
119  20  -236.305
119  21  -232.653
119  22  -227.995
119  23  -221.825
119  24  -212.602
119  25  -193.017
120  1  50.8877
120  2  61.7288
120  3  43.8903
120  4  10.3652
120  5  -31.8357
120  6  -76.0094
120  7  -117.016
120  8  -151.996
120  9  -180.072
120  10  -201.607
120  11  -217.531
120  12  -228.903
120  13  -236.698
120  14  -241.728
120  15  -244.632
120  16  -245.895
120  17  -245.874
120  18  -244.817
120  19  -242.884
120  20  -240.148
120  21  -236.585
120  22  -232.017
120  23  -225.945
120  24  -216.853
120  25  -197.757
121  1  51.7489
121  2  62.9391
121  3  44.9876
121  4  11.1435
121  5  -31.5285
121  6  -76.2575
121  7  -117.838
121  8  -153.361
121  9  -181.922
121  10  -203.878
121  11  -220.158
121  12  -231.829
121  13  -239.875
121  14  -245.117
121  15  -248.201
121  16  -249.619
121  17  -249.732
121  18  -248.795
121  19  -246.969
121  20  -244.334
121  21  -240.866
121  22  -236.394
121  23  -230.427
121  24  -221.475
121  25  -202.891
122  1  52.5976
122  2  64.1396
122  3  46.07
122  4  11.8957
122  5  -31.2625
122  6  -76.5642
122  7  -118.735
122  8  -154.817
122  9  -183.878
122  10  -206.266
122  11  -222.912
122  12  -234.89
122  13  -243.195
122  14  -248.654
122  15  -251.923
122  16  -253.5
122  17  -253.751
122  18  -252.936
122  19  -251.221
122  20  -248.687
122  21  -245.317
122  22  -240.944
122  23  -235.085
122  24  -226.274
122  25  -208.205
123  1  53.4496
123  2  65.3536
123  3  47.1581
123  4  12.6348
123  5  -31.0364
123  6  -76.9414
123  7  -119.734
123  8  -156.404
123  9  -185.99
123  10  -208.832
123  11  -225.862
123  12  -238.163
123  13  -246.739
123  14  -252.426
123  15  -255.889
123  16  -257.632
123  17  -258.028
123  18  -257.341
123  19  -255.742
123  20  -253.315
123  21  -250.047
123  22  -245.776
123  23  -240.03
123  24  -231.367
123  25  -213.824
124  1  54.2875
124  2  66.5577
124  3  48.2302
124  4  13.3445
124  5  -30.8586
124  6  -77.3884
124  7  -120.824
124  8  -158.102
124  9  -188.231
124  10  -211.541
124  11  -228.969
124  12  -241.603
124  13  -250.458
124  14  -256.381
124  15  -260.043
124  16  -261.958
124  17  -262.503
124  18  -261.948
124  19  -260.467
124  20  -258.151
124  21  -254.988
124  22  -250.823
124  23  -245.191
124  24  -236.679
124  25  -219.667
125  1  55.1642
125  2  67.8304
125  3  49.355
125  4  14.0666
125  5  -30.7263
125  6  -77.948
125  7  -122.096
125  8  -160.045
125  9  -190.775
125  10  -214.603
125  11  -232.468
125  12  -245.471
125  13  -254.634
125  14  -260.816
125  15  -264.699
125  16  -266.803
125  17  -267.512
125  18  -267.102
125  19  -265.753
125  20  -263.557
125  21  -260.511
125  22  -256.461
125  23  -250.955
125  24  -242.609
125  25  -226.165
126  1  56.0633
126  2  69.1518
126  3  50.5128
126  4  14.7826
126  5  -30.6562
126  6  -78.6351
126  7  -123.561
126  8  -162.245
126  9  -193.63
126  10  -218.022
126  11  -236.366
126  12  -249.769
126  13  -259.268
126  14  -265.733
126  15  -269.856
126  16  -272.166
126  17  -273.054
126  18  -272.802
126  19  -271.595
126  20  -269.531
126  21  -266.61
126  22  -262.686
126  23  -257.317
126  24  -249.148
126  25  -233.307
127  1  56.9609
127  2  70.4909
127  3  51.6743
127  4  15.4685
127  5  -30.6645
127  6  -79.456
127  7  -125.217
127  8  -164.687
127  9  -196.774
127  10  -221.772
127  11  -240.627
127  12  -254.46
127  13  -264.318
127  14  -271.085
127  15  -275.465
127  16  -277.994
127  17  -279.073
127  18  -278.99
127  19  -277.935
127  20  -276.011
127  21  -273.223
127  22  -269.433
127  23  -264.208
127  24  -256.228
127  25  -241.012
128  1  57.9882
128  2  72.0541
128  3  53.0131
128  4  16.211
128  5  -30.7908
128  6  -80.5983
128  7  -127.402
128  8  -167.854
128  9  -200.817
128  10  -226.569
128  11  -246.061
128  12  -260.428
128  13  -270.734
128  14  -277.877
128  15  -282.575
128  16  -285.378
128  17  -286.694
128  18  -286.82
128  19  -285.954
128  20  -284.204
128  21  -281.581
128  22  -277.956
128  23  -272.911
128  24  -265.161
128  25  -250.698
129  1  59.2364
129  2  74.0132
129  3  54.6594
129  4  17.0345
129  5  -31.1632
129  6  -82.3677
129  7  -130.603
129  8  -172.404
129  9  -206.567
129  10  -233.352
129  11  -253.718
129  12  -268.816
129  13  -279.734
129  14  -287.392
129  15  -292.525
129  16  -295.701
129  17  -297.341
129  18  -297.752
129  19  -297.142
129  20  -295.628
129  21  -293.231
129  22  -289.83
129  23  -285.027
129  24  -277.588
129  25  -264.111
130  1  63.4176
130  2  82.2184
130  3  60.7793
130  4  17.8393
130  5  -38.0297
130  6  -98.1557
130  7  -155.507
130  8  -205.864
130  9  -247.628
130  10  -280.942
130  11  -306.809
130  12  -326.504
130  13  -341.259
130  14  -352.134
130  15  -359.984
130  16  -365.478
130  17  -369.125
130  18  -371.3
130  19  -372.269
130  20  -372.205
130  21  -371.179
130  22  -369.138
130  23  -365.791
130  24  -360.193
130  25  -352.038
