1  1  22.4777
1  2  13.6743
1  3  10.0305
1  4  7.47635
1  5  5.29783
1  6  3.21082
1  7  1.04941
1  8  -1.3111
1  9  -3.98028
1  10  -7.06154
1  11  -10.6529
1  12  -14.8412
1  13  -19.6902
1  14  -25.2238
1  15  -31.4072
1  16  -38.1307
1  17  -45.206
1  18  -52.382
1  19  -59.3834
1  20  -65.9686
1  21  -71.9921
1  22  -77.4716
1  23  -82.6906
1  24  -88.5673
1  25  -99.3909
2  1  32.9095
2  2  24.3431
2  3  20.8958
2  4  18.427
2  5  16.2482
2  6  14.0744
2  7  11.7243
2  8  9.04393
2  9  5.87775
2  10  2.0531
2  11  -2.62895
2  12  -8.39815
2  13  -15.5131
2  14  -24.2483
2  15  -34.8631
2  16  -47.5449
2  17  -62.3223
2  18  -78.9575
2  19  -96.8544
2  20  -115.045
2  21  -132.322
2  22  -147.54
2  23  -160.018
2  24  -170.106
2  25  -181.012
3  1  39.9711
3  2  31.4154
3  3  28.1088
3  4  25.7037
3  5  23.5262
3  6  21.2917
3  7  18.8105
3  8  15.9125
3  9  12.4169
3  10  8.11292
3  11  2.74526
3  12  -3.99899
3  13  -12.5002
3  14  -23.208
3  15  -36.6254
3  16  -53.2577
3  17  -73.5034
3  18  -97.4656
3  19  -124.69
3  20  -153.904
3  21  -182.945
3  22  -209.087
3  23  -229.815
3  24  -243.838
3  25  -252.221
4  1  43.9914
4  2  35.274
4  3  32.019
4  4  29.6264
4  5  27.4226
4  6  25.1215
4  7  22.5292
4  8  19.4708
4  9  15.7604
4  10  11.1846
4  11  5.49062
4  12  -1.62082
4  13  -10.4965
4  14  -21.5186
4  15  -35.0707
4  16  -51.4661
4  17  -70.83
4  18  -92.9317
4  19  -117.011
4  20  -141.681
4  21  -165.045
4  22  -185.076
4  23  -200.184
4  24  -209.748
4  25  -215.487
5  1  48.0675
5  2  38.9472
5  3  35.6854
5  4  33.26
5  5  30.9832
5  6  28.5633
5  7  25.8033
5  8  22.5285
5  9  18.5603
5  10  13.7062
5  11  7.75756
5  12  0.49619
5  13  -8.28731
5  14  -18.7604
5  15  -30.9975
5  16  -44.9138
5  17  -60.1978
5  18  -76.2687
5  19  -92.2972
5  20  -107.311
5  21  -120.379
5  22  -130.812
5  23  -138.319
5  24  -143.147
5  25  -148.603
6  1  52.2261
6  2  42.3537
6  3  38.9863
6  4  36.4568
6  5  34.0417
6  6  31.4385
6  7  28.4475
6  8  24.9015
6  9  20.6442
6  10  15.5281
6  11  9.42308
6  12  2.23446
6  13  -6.07116
6  14  -15.4352
6  15  -25.6798
6  16  -36.4952
6  17  -47.4537
6  18  -58.0577
6  19  -67.8153
6  20  -76.3222
6  21  -83.3288
6  22  -88.7779
6  23  -92.8297
6  24  -96.0111
6  25  -103.048
7  1  56.483
7  2  45.499
7  3  41.9105
7  4  39.2019
7  5  36.5915
7  6  33.7598
7  7  30.5061
7  8  26.6762
7  9  22.1454
7  10  16.8211
7  11  10.6565
7  12  3.6676
7  13  -4.0494
7  14  -12.3108
7  15  -20.8509
7  16  -29.3488
7  17  -37.4698
7  18  -44.915
7  19  -51.4645
7  20  -57.0036
7  21  -61.5318
7  22  -65.1663
7  23  -68.1718
7  24  -71.194
7  25  -80.1842
8  1  61.8224
8  2  49.1702
8  3  45.1938
8  4  42.2013
8  5  39.3177
8  6  36.1975
8  7  32.639
8  8  28.5045
8  9  23.7057
8  10  18.2069
8  11  12.036
8  12  5.29216
8  13  -1.85429
8  14  -9.17472
8  15  -16.4108
8  16  -23.3079
8  17  -29.653
8  18  -35.2988
8  19  -40.1788
8  20  -44.3065
8  21  -47.7718
8  22  -50.7464
8  23  -53.539
8  24  -56.9159
8  25  -68.1422
9  1  67.3836
9  2  52.909
9  3  48.4716
9  4  45.1613
9  5  41.9973
9  6  38.6053
9  7  34.7791
9  8  30.3936
9  9  25.3868
9  10  19.7616
9  11  13.5901
9  12  7.01219
9  13  0.223809
9  14  -6.54786
9  15  -13.0755
9  16  -19.1634
9  17  -24.672
9  18  -29.5299
9  19  -33.7339
9  20  -37.345
9  21  -40.4828
9  22  -43.3407
9  23  -46.2609
9  24  -50.1264
9  25  -63.3973
10  1  72.4685
10  2  56.3392
10  3  51.4633
10  4  47.8602
10  5  44.4516
10  6  40.8348
10  7  36.7974
10  8  32.2208
10  9  27.0588
10  10  21.3358
10  11  15.1465
10  12  8.64863
10  13  2.04362
10  14  -4.45041
10  15  -10.6316
10  16  -16.3398
10  17  -21.4749
10  18  -26.0019
10  19  -29.9462
10  20  -33.3883
10  21  -36.4625
10  22  -39.376
10  23  -42.5008
10  24  -46.82
10  25  -61.7949
11  1  76.6732
11  2  59.1884
11  3  53.9431
11  4  50.0974
11  5  46.4919
11  6  42.7003
11  7  38.5029
11  8  33.7843
11  9  28.5063
11  10  22.7051
11  11  16.4874
11  12  10.0182
11  13  3.49968
11  14  -2.85907
11  15  -8.87228
11  16  -14.4011
11  17  -19.3673
11  18  -23.7542
11  19  -27.6025
11  20  -31.0031
11  21  -34.0985
11  22  -37.1075
11  23  -40.4259
11  24  -45.1183
11  25  -61.4367
12  1  80.6114
12  2  61.8517
12  3  56.2527
12  4  52.1773
12  5  48.3888
12  6  44.4374
12  7  40.0968
12  8  35.2514
12  9  29.869
12  10  23.9934
12  11  17.7385
12  12  11.2736
12  13  4.7994
12  14  -1.48244
12  15  -7.3987
12  16  -12.8259
12  17  -17.7006
12  18  -22.0197
12  19  -25.8335
12  20  -29.2405
12  21  -32.3904
12  22  -35.5118
12  23  -39.0245
12  24  -44.0683
12  25  -61.6272
13  1  83.8985
13  2  64.0541
13  3  58.1505
13  4  53.8783
13  5  49.9349
13  6  45.8499
13  7  41.3907
13  8  36.4411
13  9  30.9718
13  10  25.0313
13  11  18.7379
13  12  12.2631
13  13  5.80568
13  14  -0.43848
13  15  -6.30505
13  16  -11.6814
13  17  -16.5137
13  18  -20.8078
13  19  -24.6204
13  20  -28.0559
13  21  -31.2692
13  22  -34.4983
13  23  -38.1825
13  24  -43.5262
13  25  -62.1304
14  1  86.8972
14  2  66.0284
14  3  59.8347
14  4  55.3756
14  5  51.2863
14  6  47.0769
14  7  42.5078
14  8  37.4618
14  9  31.9112
14  10  25.908
14  11  19.5735
14  12  13.08
14  13  6.62471
14  14  0.398368
14  15  -5.44222
14  16  -10.7922
14  17  -15.6063
14  18  -19.8964
14  19  -23.7252
14  20  -27.2014
14  21  -30.4852
14  22  -33.8229
14  23  -37.6731
14  24  -43.3007
14  25  -62.8867
15  1  89.6127
15  2  67.768
15  3  61.2956
15  4  56.6578
15  5  52.4293
15  6  48.1024
15  7  43.4302
15  8  38.2933
15  9  32.6657
15  10  26.6015
15  11  20.224
15  12  13.7059
15  13  7.24278
15  14  1.02048
15  15  -4.80972
15  16  -10.15
15  17  -14.9616
15  18  -19.2617
15  19  -23.1175
15  20  -26.642
15  21  -30.
15  22  -33.4461
15  23  -37.4573
15  24  -43.3562
15  25  -63.8754
16  1  92.098
16  2  69.2949
16  3  62.5473
16  4  57.7331
16  5  53.3687
16  6  48.927
16  7  44.154
16  8  38.929
16  9  33.2259
16  10  27.1006
16  11  20.6778
16  12  14.1303
16  13  7.6514
16  14  1.42382
16  15  -4.40717
16  16  -9.74941
16  17  -14.5694
16  18  -18.8895
16  19  -22.7807
16  20  -26.3595
16  21  -29.7955
16  22  -33.3518
16  23  -37.5233
16  24  -43.6894
16  25  -65.1236
17  1  94.1085
17  2  70.4586
17  3  63.4666
17  4  58.4964
17  5  54.0115
17  6  49.4688
17  7  44.6077
17  8  39.3052
17  9  33.5354
17  10  27.3552
17  11  20.8901
17  12  14.3129
17  13  7.81509
17  14  1.57611
17  15  -4.26286
17  16  -9.61437
17  17  -14.4492
17  18  -18.7935
17  19  -22.7215
17  20  -26.3528
17  21  -29.8615
17  22  -33.5175
17  23  -37.8322
17  24  -44.235
17  25  -66.477
18  1  95.9864
18  2  71.4529
18  3  64.2054
18  4  59.0716
18  5  54.4613
18  6  49.8133
18  7  44.8608
18  8  39.4779
18  9  33.6385
18  10  27.4003
18  11  20.8893
18  12  14.2779
18  13  7.75612
18  14  1.49999
18  15  -4.35335
18  16  -9.72064
18  17  -14.5771
18  18  -18.952
18  19  -22.9229
18  20  -26.613
18  21  -30.2002
18  22  -33.9624
18  23  -38.4274
18  24  -45.0778
18  25  -68.1622
19  1  97.4932
19  2  72.1449
19  3  64.6603
19  4  59.3757
19  5  54.6493
19  6  49.9047
19  7  44.8681
19  8  39.4111
19  9  33.5075
19  10  27.2151
19  11  20.6603
19  12  14.0151
19  13  7.46771
19  14  1.19151
19  15  -4.67954
19  16  -10.0661
19  17  -14.9467
19  18  -19.3538
19  19  -23.368
19  20  -27.1147
19  21  -30.7765
19  22  -34.638
19  23  -39.2431
19  24  -46.1223
19  25  -69.9841
20  1  98.6203
20  2  72.5557
20  3  64.8627
20  4  59.4451
20  5  54.6168
20  6  49.7875
20  7  44.677
20  8  39.1553
20  9  33.1951
20  10  26.8546
20  11  20.2603
20  12  13.5838
20  13  7.01174
20  14  0.715442
20  15  -5.17427
20  16  -10.5808
20  17  -15.4856
20  18  -19.9238
20  19  -23.9781
20  20  -27.7768
20  21  -31.5054
20  22  -35.4551
20  23  -40.1838
20  24  -47.2646
20  25  -71.8094
21  1  99.5489
21  2  72.7692
21  3  64.8676
21  4  59.3168
21  5  54.3869
21  6  49.4729
21  7  44.2891
21  8  38.7027
21  9  32.686
21  10  26.2971
21  11  19.6626
21  12  12.9533
21  13  6.35497
21  14  0.0364772
21  15  -5.87413
21  16  -11.3032
21  17  -16.2344
21  18  -20.7057
21  19  -24.8019
21  20  -28.6537
21  21  -32.4504
21  22  -36.489
21  23  -41.3415
21  24  -48.6236
21  25  -73.8506
22  1  100.233
22  2  72.782
22  3  64.6839
22  4  59.0081
22  5  53.9829
22  6  48.9893
22  7  43.7366
22  8  38.0897
22  9  32.0198
22  10  25.5852
22  11  18.9122
22  12  12.1713
22  13  5.54684
22  14  -0.794428
22  15  -6.72643
22  16  -12.1782
22  17  -17.1365
22  18  -21.6405
22  19  -25.7771
22  20  -29.6799
22  21  -33.5413
22  22  -37.6641
22  23  -42.6333
22  24  -50.105
22  25  -75.9723
23  1  100.743
23  2  72.5987
23  3  64.2978
23  4  58.4928
23  5  53.3689
23  6  48.2936
23  7  42.9698
23  8  37.2603
23  9  31.1356
23  10  24.6535
23  11  17.9403
23  12  11.1661
23  13  4.51331
23  14  -1.85284
23  15  -7.8086
23  16  -13.2858
23  17  -18.2731
23  18  -22.8123
23  19  -26.9923
23  20  -30.9487
23  21  -34.8775
23  22  -39.0876
23  23  -44.1779
23  24  -51.8451
23  25  -78.3734
24  1  101.049
24  2  72.2188
24  3  63.7168
24  4  57.7837
24  5  52.5622
24  6  47.4059
24  7  42.0121
24  8  36.2408
24  9  30.0617
24  10  23.5324
24  11  16.779
24  12  9.97075
24  13  3.28912
24  14  -3.10276
24  15  -9.08361
24  16  -14.5872
24  17  -19.6047
24  18  -24.1798
24  19  -28.4036
24  20  -32.4139
24  21  -36.41
24  22  -40.7073
24  23  -45.9172
24  24  -53.7783
24  25  -80.9606
25  1  101.158
25  2  71.6716
25  3  62.9771
25  4  56.9217
25  5  51.6067
25  6  46.3728
25  7  40.9122
25  8  35.0819
25  9  28.8508
25  10  22.2761
25  11  15.4839
25  12  8.6424
25  13  1.93229
25  14  -4.48522
25  15  -10.4909
25  16  -16.0209
25  17  -21.0682
25  18  -25.6786
25  19  -29.9452
25  20  -34.0077
25  21  -38.0689
25  22  -42.4494
25  23  -47.7742
25  24  -55.8207
25  25  -83.6282
26  1  101.092
26  2  70.9508
26  3  62.064
26  4  55.8862
26  5  50.4779
26  6  45.167
26  7  39.6394
26  8  33.7502
26  9  27.4672
26  10  20.8472
26  11  14.0158
26  12  7.14093
26  13  0.40166
26  14  -6.04214
26  15  -12.0737
26  16  -17.6308
26  17  -22.7091
26  18  -27.3556
26  19  -31.6653
26  20  -35.7804
26  21  -39.9068
26  22  -44.371
26  23  -49.8104
26  24  -58.0421
26  25  -86.4735
27  1  100.866
27  2  70.0832
27  3  61.0079
27  4  54.71
27  5  49.2105
27  6  43.8239
27  7  38.231
27  8  32.2842
27  9  25.9502
27  10  19.2857
27  11  12.4158
27  12  5.50774
27  13  -1.26048
27  14  -7.7309
27  15  -13.7882
27  16  -19.3729
27  17  -24.4819
27  18  -29.1644
27  19  -33.517
27  20  -37.6839
27  21  -41.8746
27  22  -46.4207
27  23  -51.9729
27  24  -60.3858
27  25  -89.4278
28  1  100.475
28  2  69.0282
28  3  59.7575
28  4  53.3353
28  5  47.7412
28  6  42.2763
28  7  36.6156
28  8  30.6091
28  9  24.2225
28  10  17.5117
28  11  10.6017
28  12  3.65909
28  13  -3.13969
28  14  -9.63812
28  15  -15.7231
28  16  -21.3367
28  17  -26.478
28  18  -31.1981
28  19  -35.5957
28  20  -39.817
28  21  -44.0742
28  22  -48.7055
28  23  -54.3744
28  24  -62.975
28  25  -92.6491
29  1  99.9643
29  2  67.8793
29  3  58.4206
29  4  51.8789
29  5  46.194
29  6  40.6537
29  7  34.928
29  8  28.8642
29  9  22.4269
29  10  15.6717
29  11  8.72299
29  12  1.74689
29  13  -5.08154
29  14  -11.6072
29  15  -17.7189
29  16  -23.3609
29  17  -28.5338
29  18  -33.2908
29  19  -37.7317
29  20  -42.0051
29  21  -46.3265
29  22  -51.0399
29  23  -56.8209
29  24  -65.6019
29  25  -95.883
30  1  99.3993
30  2  66.7319
30  3  57.102
30  4  50.4512
30  5  44.6833
30  6  39.0746
30  7  33.2896
30  8  27.1736
30  9  20.6901
30  10  13.8944
30  11  6.9106
30  12  -0.0963597
30  13  -6.95196
30  14  -13.5028
30  15  -19.6392
30  16  -25.3072
30  17  -30.5093
30  18  -35.2998
30  19  -39.7806
30  20  -44.1018
30  21  -48.482
30  22  -53.2701
30  23  -59.1534
30  24  -68.0986
30  25  -98.9324
31  1  98.7561
31  2  65.5073
31  3  55.7061
31  4  48.9462
31  5  43.0955
31  6  37.4182
31  7  31.5741
31  8  25.4059
31  9  18.8764
31  10  12.0402
31  11  5.02101
31  12  -2.01659
31  13  -8.8993
31  14  -15.4753
31  15  -21.6367
31  16  -27.3311
31  17  -32.5624
31  18  -37.3867
31  19  -41.9071
31  20  -46.2763
31  21  -50.7152
31  22  -55.5779
31  23  -61.5632
31  24  -70.6723
31  25  -102.058
32  1  98.0644
32  2  64.2424
32  3  54.2723
32  4  47.4052
32  5  41.4728
32  6  35.7279
32  7  29.8255
32  8  23.606
32  9  17.0311
32  10  10.155
32  11  3.10119
32  12  -3.9667
32  13  -10.8763
32  14  -17.4772
32  15  -23.6631
32  16  -29.3834
32  17  -34.6435
32  18  -39.5012
32  19  -44.061
32  20  -48.4774
32  21  -52.9739
32  22  -57.9104
32  23  -63.996
32  24  -73.2665
32  25  -105.195
33  1  97.3742
33  2  63.0085
33  3  52.8782
33  4  45.9092
33  5  39.8993
33  6  34.0905
33  7  28.1327
33  8  21.8646
33  9  15.2468
33  10  8.33296
33  11  1.24616
33  12  -5.85025
33  13  -12.7853
33  14  -19.4098
33  15  -25.6189
33  16  -31.3637
33  17  -36.6513
33  18  -41.5406
33  19  -46.1377
33  20  -50.5987
33  21  -55.15
33  22  -60.156
33  23  -66.3368
33  24  -75.7602
33  25  -108.202
34  1  96.6612
34  2  61.745
34  3  51.4526
34  4  44.3804
34  5  38.2921
34  6  32.4184
34  7  26.4047
34  8  20.0874
34  9  13.4261
34  10  6.47422
34  11  -0.645709
34  12  -7.77105
34  13  -14.7317
34  14  -21.3798
34  15  -27.6124
34  16  -33.3821
34  17  -38.6973
34  18  -43.6184
34  19  -48.253
34  20  -52.7593
34  21  -57.366
34  22  -62.4424
34  23  -68.7194
34  24  -78.2973
34  25  -111.259
35  1  95.9457
35  2  60.4705
35  3  50.0135
35  4  42.8365
35  5  36.6686
35  6  30.7291
35  7  24.6586
35  8  18.2914
35  9  11.5861
35  10  4.5956
35  11  -2.55769
35  12  -9.71225
35  13  -16.6986
35  14  -23.3705
35  15  -29.6268
35  16  -35.4214
35  17  -40.7644
35  18  -45.7178
35  19  -50.3906
35  20  -54.9424
35  21  -59.605
35  22  -64.7529
35  23  -71.1272
35  24  -80.8613
35  25  -114.349
36  1  95.3514
36  2  59.3914
36  3  48.7916
36  4  41.5239
36  5  35.2869
36  6  29.2903
36  7  23.1706
36  8  16.7601
36  9  10.0167
36  10  2.99311
36  11  -4.18926
36  12  -11.3687
36  13  -18.377
36  14  -25.0695
36  15  -31.3459
36  16  -37.1618
36  17  -42.5289
36  18  -47.5098
36  19  -52.2154
36  20  -56.8066
36  21  -61.5179
36  22  -66.7272
36  23  -73.1856
36  24  -83.0552
36  25  -116.997
37  1  94.7452
37  2  58.2499
37  3  47.4925
37  4  40.1244
37  5  33.8111
37  6  27.7516
37  7  21.5775
37  8  15.1194
37  9  8.33405
37  10  1.2738
37  11  -5.94017
37  12  -13.1469
37  13  -20.1794
37  14  -26.8938
37  15  -33.1922
37  16  -39.0314
37  17  -44.4244
37  18  -49.4358
37  19  -54.1772
37  20  -58.8118
37  21  -63.5761
37  22  -68.8532
37  23  -75.4044
37  24  -85.4227
37  25  -119.866
38  1  94.2346
38  2  57.2247
38  3  46.3158
38  4  38.8514
38  5  32.4648
38  6  26.3447
38  7  20.1185
38  8  13.6145
38  9  6.78912
38  10  -0.30626
38  11  -7.55015
38  12  -14.7828
38  13  -21.838
38  14  -28.5733
38  15  -34.8921
38  16  -40.7531
38  17  -46.1708
38  18  -51.2107
38  19  -55.9864
38  20  -60.6621
38  21  -65.4773
38  22  -70.8192
38  23  -77.4591
38  24  -87.6201
38  25  -122.543
39  1  93.8431
39  2  56.354
39  3  45.3042
39  4  37.75
39  5  31.2952
39  6  25.1187
39  7  18.8439
39  8  12.2974
39  9  5.43456
39  10  -1.69295
39  11  -8.96457
39  12  -16.2208
39  13  -23.2964
39  14  -30.0506
39  15  -36.3881
39  16  -42.269
39  17  -47.709
39  18  -52.7753
39  19  -57.5822
39  20  -62.2961
39  21  -67.1581
39  22  -72.5602
39  23  -79.2822
39  24  -89.5757
39  25  -124.943
40  1  93.5407
40  2  55.5471
40  3  44.349
40  4  36.7005
40  5  30.1738
40  6  23.9379
40  7  17.612
40  8  11.0208
40  9  4.11889
40  10  -3.04217
40  11  -10.3425
40  12  -17.6231
40  13  -24.7199
40  14  -31.4933
40  15  -37.8496
40  16  -43.7505
40  17  -49.2135
40  18  -54.3068
40  19  -59.1463
40  20  -63.8996
40  21  -68.8109
40  22  -74.2755
40  23  -81.0835
40  24  -91.5155
40  25  -127.349
41  1  93.3766
41  2  54.8926
41  3  43.5504
41  4  35.8102
41  5  29.2137
41  6  22.9201
41  7  16.5445
41  8  9.90994
41  9  2.97044
41  10  -4.22326
41  11  -11.5509
41  12  -18.8546
41  13  -25.9709
41  14  -32.7621
41  15  -39.1358
41  16  -45.0554
41  17  -50.5399
41  18  -55.6589
41  19  -60.5293
41  20  -65.3207
41  21  -70.2788
41  22  -75.804
41  23  -82.6953
41  24  -93.2609
41  25  -129.544
42  1  93.36
42  2  54.407
42  3  42.9273
42  4  35.0994
42  5  28.4361
42  6  22.0874
42  7  15.6644
42  8  8.98846
42  9  2.01301
42  10  -5.21114
42  11  -12.5646
42  12  -19.8894
42  13  -27.0237
42  14  -33.831
42  15  -40.2203
42  16  -46.157
42  17  -51.6612
42  18  -56.8038
42  19  -61.703
42  20  -66.5299
42  21  -71.5326
42  22  -77.1151
42  23  -84.0851
42  24  -94.778
42  25  -131.489
43  1  93.5065
43  2  54.073
43  3  42.4525
43  4  34.5349
43  5  27.8033
43  6  21.398
43  7  14.9265
43  8  8.20835
43  9  1.19635
43  10  -6.05875
43  11  -13.4376
43  12  -20.7834
43  13  -27.9351
43  14  -34.7573
43  15  -41.1619
43  16  -47.1148
43  17  -52.638
43  18  -57.8039
43  19  -62.7318
43  20  -67.5944
43  21  -72.642
43  22  -78.2822
43  23  -85.3322
43  24  -96.1542
43  25  -133.3
44  1  93.814
44  2  53.9298
44  3  42.1774
44  4  34.1757
44  5  27.3799
44  6  20.9216
44  7  14.4045
44  8  7.64698
44  9  0.601187
44  10  -6.68248
44  11  -14.0847
44  12  -21.4488
44  13  -28.6156
44  14  -35.451
44  15  -41.8679
44  16  -47.8349
44  17  -53.3748
44  18  -58.5613
44  19  -63.5154
44  20  -68.4104
44  21  -73.4993
44  22  -79.1932
44  23  -86.3174
44  24  -97.2592
44  25  -134.809
45  1  94.2823
45  2  53.9652
45  3  42.0862
45  4  34.0039
45  5  27.1466
45  6  20.6374
45  7  14.0766
45  8  7.28118
45  9  0.20318
45  10  -7.10703
45  11  -14.5307
45  12  -21.9116
45  13  -29.0915
45  14  -35.9379
45  15  -42.3656
45  16  -48.3442
45  17  -53.8988
45  18  -59.1041
45  19  -64.082
45  20  -69.0073
45  21  -74.1348
45  22  -79.8794
45  23  -87.0739
45  24  -98.1297
45  25  -136.063
46  1  94.9426
46  2  54.1894
46  3  42.1834
46  4  34.0199
46  5  27.1006
46  6  20.5401
46  7  13.9354
46  8  7.10224
46  9  -0.00779336
46  10  -7.34419
46  11  -14.7883
46  12  -22.1848
46  13  -29.3762
46  14  -36.232
46  15  -42.6686
46  16  -48.6575
46  17  -54.2252
46  18  -59.4477
46  19  -64.4482
46  20  -69.403
46  21  -74.5684
46  22  -80.3628
46  23  -87.627
46  24  -98.796
46  25  -137.111
47  1  95.7828
47  2  54.6061
47  3  42.4768
47  4  34.2346
47  5  27.2552
47  6  20.6449
47  7  13.9976
47  8  7.12795
47  9  -0.0127707
47  10  -7.37386
47  11  -14.8364
47  12  -22.2463
47  13  -29.4469
47  14  -36.3098
47  15  -42.7529
47  16  -48.7498
47  17  -54.3282
47  18  -59.5657
47  19  -64.5866
47  20  -69.5685
47  21  -74.7694
47  22  -80.6111
47  23  -87.9416
47  24  -99.2186
47  25  -137.898
48  1  96.7784
48  2  55.1994
48  3  42.9535
48  4  34.6367
48  5  27.6001
48  6  20.9425
48  7  14.2548
48  8  7.35071
48  9  0.181596
48  10  -7.20176
48  11  -14.6809
48  12  -22.1015
48  13  -29.3088
48  14  -36.1757
48  15  -42.6226
48  16  -48.6244
48  17  -54.2107
48  18  -59.4604
48  19  -64.499
48  20  -69.5051
48  21  -74.7382
48  22  -80.6235
48  23  -88.0153
48  24  -99.3929
48  25  -138.411
49  1  98.0223
49  2  56.0292
49  3  43.6636
49  4  35.2701
49  5  28.1748
49  6  21.4685
49  7  14.7393
49  8  7.80009
49  9  0.602484
49  10  -6.80266
49  11  -14.2965
49  12  -21.726
49  13  -28.9373
49  14  -35.8053
49  15  -42.2527
49  16  -48.2565
49  17  -53.8482
49  18  -59.108
49  19  -64.1623
49  20  -69.191
49  21  -74.4556
49  22  -80.3838
49  23  -87.8369
49  24  -99.3153
49  25  -138.673
50  1  99.306
50  2  56.9513
50  3  44.4816
50  4  36.0215
50  5  28.8749
50  6  22.126
50  7  15.3607
50  8  8.39108
50  9  1.16936
50  10  -6.25326
50  11  -13.758
50  12  -21.1924
50  13  -28.4041
50  14  -35.2699
50  15  -41.7143
50  16  -47.7165
50  17  -53.3098
50  18  -58.5753
50  19  -63.641
50  20  -68.6875
50  21  -73.9776
50  22  -79.9413
50  23  -87.4458
50  24  -99.0091
50  25  -138.654
51  1  100.807
51  2  58.0867
51  3  45.5126
51  4  36.9852
51  5  29.7869
51  6  22.995
51  7  16.1933
51  8  9.1937
51  9  1.9485
51  10  -5.49011
51  11  -13.0034
51  12  -20.4396
51  13  -27.6478
51  14  -34.5069
51  15  -40.9442
51  16  -46.9406
51  17  -52.5314
51  18  -57.7996
51  19  -62.8737
51  20  -67.9351
51  21  -73.2484
51  22  -79.2457
51  23  -86.7996
51  24  -98.445
51  25  -138.368
52  1  102.312
52  2  59.2715
52  3  46.606
52  4  38.0199
52  5  30.776
52  6  23.9463
52  7  17.1128
52  8  10.0872
52  9  2.82254
52  10  -4.62824
52  11  -12.1463
52  12  -19.5802
52  13  -26.781
52  14  -33.6299
52  15  -40.0559
52  16  -46.0428
52  17  -51.6275
52  18  -56.8938
52  19  -61.9718
52  20  -67.0437
52  21  -72.3747
52  22  -78.3989
52  23  -85.9932
52  24  -97.707
52  25  -137.861
53  1  103.998
53  2  60.6389
53  3  47.8837
53  4  39.2395
53  5  31.9505
53  6  25.0833
53  7  18.2182
53  8  11.1675
53  9  3.88529
53  10  -3.57522
53  11  -11.0944
53  12  -18.5215
53  13  -25.7098
53  14  -32.5422
53  15  -38.9513
53  16  -44.923
53  17  -50.4959
53  18  -55.756
53  19  -60.8335
53  20  -65.9117
53  21  -71.2568
53  22  -77.3045
53  23  -84.9356
53  24  -96.7119
53  25  -137.079
54  1  105.961
54  2  62.2741
54  3  49.4275
54  4  40.724
54  5  33.3886
54  6  26.4827
54  7  19.5856
54  8  12.5101
54  9  5.2116
54  10  -2.2549
54  11  -9.76965
54  12  -17.1831
54  13  -24.3501
54  14  -31.1571
54  15  -37.5398
54  16  -43.4872
54  17  -49.0403
54  18  -54.2865
54  19  -59.3573
54  20  -64.4367
54  21  -69.7913
54  22  -75.8581
54  23  -83.5215
54  24  -95.355
54  25  -135.915
55  1  107.901
55  2  63.9283
55  3  51.0035
55  4  42.2488
55  5  34.8729
55  6  27.9331
55  7  21.0083
55  8  13.9124
55  9  6.60283
55  10  -0.864369
55  11  -8.36844
55  12  -15.761
55  13  -22.8993
55  14  -29.6732
55  15  -36.0215
55  16  -41.9369
55  17  -47.4628
55  18  -52.6881
55  19  -57.7454
55  20  -62.8187
55  21  -68.1752
55  22  -74.2526
55  23  -81.9377
55  24  -93.8116
55  25  -134.508
56  1  109.85
56  2  65.6242
56  3  52.6317
56  4  43.832
56  5  36.4201
56  6  29.4502
56  7  22.5012
56  8  15.3889
56  9  8.07286
56  10  0.611625
56  11  -6.87434
56  12  -14.2371
56  13  -21.3369
56  14  -28.0672
56  15  -34.371
56  16  -40.2445
56  17  -45.7337
56  18  -50.9291
56  19  -55.9642
56  20  -61.0235
56  21  -66.3739
56  22  -72.4535
56  23  -80.1493
56  24  -92.0472
56  25  -132.825
57  1  111.97
57  2  67.5052
57  3  54.4514
57  4  45.6102
57  5  38.1644
57  6  31.1657
57  7  24.1946
57  8  17.0696
57  9  9.75345
57  10  2.30728
57  11  -5.14747
57  12  -12.4644
57  13  -19.5073
57  14  -26.1749
57  15  -32.4147
57  16  -38.2274
57  17  -43.6625
57  18  -48.8126
57  19  -53.8116
57  20  -58.8443
57  21  -64.1768
57  22  -70.2465
57  23  -77.9398
57  24  -89.8421
57  25  -130.632
58  1  113.988
58  2  69.3349
58  3  56.2363
58  4  47.3633
58  5  39.8903
58  6  32.8686
58  7  25.8809
58  8  18.7499
58  9  11.4427
58  10  4.02322
58  11  -3.38578
58  12  -10.64
58  13  -17.6075
58  14  -24.1925
58  15  -30.3491
58  16  -36.0829
58  17  -41.4467
58  18  -46.5355
58  19  -51.4839
58  20  -56.4758
58  21  -61.7766
58  22  -67.8213
58  23  -75.4939
58  24  -87.373
58  25  -128.08
59  1  115.813
59  2  71.0293
59  3  57.9051
59  4  49.0117
59  5  41.5193
59  6  34.4811
59  7  27.4838
59  8  20.3552
59  9  13.068
59  10  5.6898
59  11  -1.65559
59  12  -8.82645
59  13  -15.6959
59  14  -22.1754
59  15  -28.2259
59  16  -33.8589
59  17  -39.1316
59  18  -44.1406
59  19  -49.0211
59  20  -53.9562
59  21  -59.2091
59  22  -65.2117
59  23  -72.8424
59  24  -84.6662
59  25  -125.175
60  1  117.504
60  2  72.653
60  3  59.5257
60  4  50.6244
60  5  43.1211
60  6  36.0733
60  7  29.0746
60  8  21.9606
60  9  14.7114
60  10  7.39987
60  11  0.15068
60  12  -6.89816
60  13  -13.6274
60  14  -19.9579
60  15  -25.8599
60  16  -31.3522
60  17  -36.4968
60  18  -41.3931
60  19  -46.1761
60  20  -51.027
60  21  -56.2059
60  22  -62.1395
60  23  -69.696
60  24  -81.4156
60  25  -121.55
61  1  118.859
61  2  74.0376
61  3  60.9409
61  4  52.0507
61  5  44.549
61  6  37.5028
61  7  30.5163
61  8  23.437
61  9  16.2553
61  10  9.05048
61  11  1.94769
61  12  -4.92119
61  13  -11.4478
61  14  -17.5659
61  15  -23.2581
61  16  -28.5526
61  17  -33.518
61  18  -38.2552
61  19  -42.8994
61  20  -47.6285
61  21  -52.6972
61  22  -58.5235
61  23  -65.9608
61  24  -77.5067
61  25  -117.009
62  1  119.601
62  2  74.9729
62  3  61.9654
62  4  53.1186
62  5  45.6407
62  6  38.6169
62  7  31.6702
62  8  24.6673
62  9  17.6141
62  10  10.5983
62  11  3.74317
62  12  -2.83106
62  13  -9.034
62  14  -14.8197
62  15  -20.188
62  16  -25.1811
62  17  -29.8738
62  18  -34.3703
62  19  -38.803
62  20  -43.3446
62  21  -48.2406
62  22  -53.8952
62  23  -61.1349
62  24  -72.3856
62  25  -110.789
63  1  119.019
63  2  74.8498
63  3  62.024
63  4  53.275
63  5  45.8616
63  6  38.9031
63  7  32.0542
63  8  25.2105
63  9  18.399
63  10  11.7145
63  11  5.27116
63  12  -0.833133
63  13  -6.53747
63  14  -11.8252
63  15  -16.7203
63  16  -21.2801
63  17  -25.5872
63  18  -29.7457
63  19  -33.8828
63  20  -38.1616
63  21  -42.8133
63  22  -48.2204
63  23  -55.1692
63  24  -65.9716
63  25  -102.633
64  1  116.017
64  2  72.7371
64  3  60.2519
64  4  51.7065
64  5  44.4544
64  6  37.6738
64  7  31.0699
64  8  24.5777
64  9  18.2443
64  10  12.1589
64  11  6.40684
64  12  1.04315
64  13  -3.91626
64  14  -8.49318
64  15  -12.7381
64  16  -16.722
64  17  -20.5303
64  18  -24.2619
64  19  -28.0327
64  20  -31.99
64  21  -36.3442
64  22  -41.4473
64  23  -48.0279
64  24  -58.235
64  25  -92.3633
65  1  110.23
65  2  68.2391
65  3  56.275
65  4  48.1048
65  5  41.2087
65  6  34.8371
65  7  28.7446
65  8  22.8904
65  9  17.3147
65  10  12.0722
65  11  7.19784
65  12  2.6945
65  13  -1.46516
65  14  -5.33033
65  15  -8.96471
65  16  -12.4399
65  17  -15.8346
65  18  -19.2344
65  19  -22.7407
65  20  -26.4836
65  21  -30.6526
65  22  -35.5709
65  23  -41.9146
65  24  -51.6731
65  25  -83.328
66  1  102.61
66  2  62.1769
66  3  50.9383
66  4  43.4086
66  5  37.1885
66  6  31.5715
66  7  26.3199
66  8  21.3713
66  9  16.7231
66  10  12.3788
66  11  8.32768
66  12  4.54027
66  13  0.973131
66  14  -2.42579
66  15  -5.71313
66  16  -8.94886
66  17  -12.1974
66  18  -15.5307
66  19  -19.0369
66  20  -22.8333
66  21  -27.0982
66  22  -32.1405
66  23  -38.6083
66  24  -48.399
66  25  -78.6446
67  1  94.2661
67  2  55.6465
67  3  45.4409
67  4  38.9791
67  5  33.9185
67  6  29.5167
67  7  25.4676
67  8  21.6369
67  9  17.9638
67  10  14.4165
67  11  10.9709
67  12  7.60234
67  13  4.28281
67  14  0.980365
67  15  -2.3405
67  16  -5.72157
67  17  -9.21112
67  18  -12.8696
67  19  -16.7773
67  20  -21.0481
67  21  -25.86
67  22  -31.5266
67  23  -38.7053
67  24  -49.2918
67  25  -79.7278
68  1  86.2857
68  2  49.7984
68  3  41.2303
68  4  36.6846
68  5  33.7155
68  6  31.372
68  7  29.1511
68  8  26.7878
68  9  24.1677
68  10  21.2649
68  11  18.0958
68  12  14.6896
68  13  11.0714
68  14  7.25589
68  15  3.24411
68  16  -0.977419
68  17  -5.43888
68  18  -10.1895
68  19  -15.3062
68  20  -20.9068
68  21  -27.1834
68  22  -34.4762
68  23  -43.4929
68  24  -56.2301
68  25  -89.1132
69  1  77.4517
69  2  45.3294
69  3  43.2094
69  4  47.4153
69  5  54.2128
69  6  61.1677
69  7  66.6159
69  8  69.6787
69  9  70.1231
69  10  68.1169
69  11  64.0049
69  12  58.1636
69  13  50.9252
69  14  42.5521
69  15  33.2338
69  16  23.093
69  17  12.1938
69  18  0.545393
69  19  -11.899
69  20  -25.2541
69  21  -39.7364
69  22  -55.7471
69  23  -74.1155
69  24  -97.1021
69  25  -141.899
70  1  64.9799
70  2  36.7064
70  3  38.5499
70  4  47.3516
70  5  58.8009
70  6  69.8868
70  7  78.6112
70  8  84.0218
70  9  85.9731
70  10  84.775
70  11  80.9077
70  12  74.8497
70  13  67.002
70  14  57.665
70  15  47.0427
70  16  35.2521
70  17  22.3345
70  18  8.25866
70  19  -7.08145
70  20  -23.8847
70  21  -42.486
70  22  -63.4602
70  23  -87.9143
70  24  -118.634
70  25  -174.454
71  1  46.9876
71  2  23.9425
71  3  30.3979
71  4  43.7015
71  5  59.0358
71  6  73.0493
71  7  83.7079
71  8  90.24
71  9  92.7451
71  10  91.7484
71  11  87.8793
71  12  81.7062
71  13  73.6734
71  14  64.0941
71  15  53.1611
71  16  40.9644
71  17  27.5013
71  18  12.6784
71  19  -3.69804
71  20  -21.9512
71  21  -42.6005
71  22  -66.5088
71  23  -95.2731
71  24  -132.658
71  25  -200.692
72  1  41.3143
72  2  21.2747
72  3  28.773
72  4  42.2558
72  5  57.087
72  6  70.1759
72  7  79.7993
72  8  85.4409
72  9  87.3495
72  10  86.0989
72  11  82.3038
72  12  76.487
72  13  69.0374
72  14  60.2136
72  15  50.1575
72  16  38.911
72  17  26.4208
72  18  12.5361
72  19  -3.01209
72  20  -20.6579
72  21  -41.0977
72  22  -65.5065
72  23  -96.0912
72  24  -138.027
72  25  -218.601
73  1  36.9753
73  2  19.6525
73  3  27.4608
73  4  40.258
73  5  53.8051
73  6  65.3861
73  7  73.5998
73  8  78.136
73  9  79.3269
73  10  77.7442
73  11  73.958
73  12  68.4322
73  13  61.5003
73  14  53.3726
73  15  44.1522
73  16  33.8484
73  17  22.3792
73  18  9.56267
73  19  -4.91112
73  20  -21.5409
73  21  -41.1424
73  22  -65.1346
73  23  -96.289
73  24  -141.363
73  25  -234.993
74  1  35.612
74  2  21.1073
74  3  28.761
74  4  40.3215
74  5  52.104
74  6  61.8237
74  7  68.3908
74  8  71.66
74  9  72.0068
74  10  69.974
74  11  66.0718
74  12  60.7015
74  13  54.1415
74  14  46.5587
74  15  38.0245
74  16  28.5242
74  17  17.959
74  18  6.13273
74  19  -7.28205
74  20  -22.8139
74  21  -41.3445
74  22  -64.4556
74  23  -95.38
74  24  -142.484
74  25  -250.413
75  1  35.2162
75  2  23.2367
75  3  30.4825
75  4  40.7437
75  5  50.8664
75  6  58.9258
75  7  64.0659
75  8  66.2486
75  9  65.8629
75  10  63.4142
75  11  59.3594
75  12  54.0468
75  13  47.7111
75  14  40.4872
75  15  32.4228
75  16  23.4891
75  17  13.5782
75  18  2.48959
75  19  -10.1059
75  20  -24.7418
75  21  -42.319
75  22  -64.4914
75  23  -94.758
75  24  -142.684
75  25  -263.421
76  1  35.1968
76  2  25.6428
76  3  32.3014
76  4  41.2193
76  5  49.7351
76  6  56.2364
76  7  60.0574
76  8  61.2395
76  9  60.1706
76  10  57.317
76  11  53.0843
76  12  47.7742
76  13  41.584
76  14  34.6197
76  15  26.9106
76  16  18.4161
76  17  9.0231
76  18  -1.46935
76  19  -13.3862
76  20  -27.2546
76  21  -43.9715
76  22  -65.2097
76  23  -94.6058
76  24  -142.576
76  25  -275.244
77  1  35.3892
77  2  28.0627
77  3  34.0233
77  4  41.6299
77  5  48.6439
77  6  53.7153
77  7  56.336
77  8  56.6061
77  9  54.9069
77  10  51.666
77  11  47.2429
77  12  41.8977
77  13  35.7943
77  14  29.0151
77  15  21.573
77  16  13.4173
77  17  4.43138
77  18  -5.58468
77  19  -16.9494
77  20  -30.1786
77  21  -46.1532
77  22  -66.5335
77  23  -94.9968
77  24  -142.47
77  25  -285.514
78  1  -2.16272
78  2  -7.03746
78  3  -0.388002
78  4  8.1395
78  5  16.2955
78  6  22.5841
78  7  26.376
78  8  27.7065
78  9  26.9381
78  10  24.5055
78  11  20.7871
78  12  16.0643
78  13  10.5218
78  14  4.2603
78  15  -2.6908
78  16  -10.3674
78  17  -18.8722
78  18  -28.3904
78  19  -39.2246
78  20  -51.8706
78  21  -67.1834
78  22  -86.7911
78  23  -114.349
78  24  -161.016
78  25  -312.32
79  1  9.31689
79  2  5.83551
79  3  10.8682
79  4  16.955
79  5  22.3392
79  6  25.9362
79  7  27.3833
79  8  26.823
79  9  24.6138
79  10  21.1313
79  11  16.681
79  12  11.4766
79  13  5.64656
79  14  -0.750857
79  15  -7.71788
79  16  -15.3111
79  17  -23.6474
79  18  -32.9179
79  19  -43.4248
79  20  -55.6558
79  21  -70.447
79  22  -89.3923
79  23  -116.095
79  24  -161.767
79  25  -319.714
80  1  84.6579
80  2  81.2483
80  3  81.7381
80  4  81.0861
80  5  78.7129
80  6  74.6698
80  7  69.3512
80  8  63.2139
80  9  56.6192
80  10  49.7941
80  11  42.8505
80  12  35.8191
80  13  28.6759
80  14  21.3592
80  15  13.7769
80  16  5.80544
80  17  -2.71904
80  18  -12.0198
80  19  -22.4188
80  20  -34.4092
80  21  -48.8195
80  22  -67.2125
80  23  -93.1246
80  24  -137.688
80  25  -300.563
81  1  89.9041
81  2  87.563
81  3  87.0965
81  4  85.1104
81  5  81.2796
81  6  75.8656
81  7  69.3899
81  8  62.3513
81  9  55.0974
81  10  47.8177
81  11  40.583
81  12  33.3872
81  13  26.1779
81  14  18.8724
81  15  11.3639
81  16  3.51934
81  17  -4.82967
81  18  -13.9072
81  19  -24.0308
81  20  -35.6838
81  21  -49.6734
81  22  -67.5232
81  23  -92.6882
81  24  -136.134
81  25  -301.94
82  1  94.4991
82  2  93.0657
82  3  91.6679
82  4  88.4184
82  5  83.2172
82  6  76.5213
82  7  68.9694
82  8  61.097
82  9  53.2371
82  10  45.5432
82  11  38.0468
82  12  30.708
82  13  23.4475
82  14  16.1631
82  15  8.73412
82  16  1.0196
82  17  -7.15326
82  18  -16.0087
82  19  -25.8595
82  20  -37.178
82  21  -50.75
82  22  -68.0566
82  23  -92.4583
82  24  -134.682
82  25  -301.908
83  1  98.1504
83  2  97.3274
83  3  95.133
83  4  90.8235
83  5  84.4775
83  6  76.7138
83  7  68.2683
83  8  59.7055
83  9  51.3459
83  10  43.3119
83  11  35.6023
83  12  28.149
83  13  20.8503
83  14  13.5879
83  15  6.23004
83  16  -1.37133
83  17  -9.39234
83  18  -18.0568
83  19  -27.6731
83  20  -38.7044
83  21  -51.917
83  22  -68.7528
83  23  -92.4837
83  24  -133.58
83  25  -300.665
84  1  101.388
84  2  100.958
84  3  98.0286
84  4  92.7517
84  5  85.3634
84  6  76.629
84  7  67.3719
84  8  58.1831
84  9  49.3707
84  10  41.0293
84  11  33.1276
84  12  25.5717
84  13  18.2398
84  14  10.9988
84  15  3.70719
84  16  -3.78954
84  17  -11.6703
84  18  -20.1586
84  19  -29.5591
84  20  -40.3253
84  21  -53.2056
84  22  -69.6043
84  23  -92.7059
84  24  -132.71
84  25  -298.474
85  1  104.598
85  2  104.383
85  3  100.711
85  4  94.4664
85  5  86.0351
85  6  76.3297
85  7  66.2614
85  8  56.4472
85  9  47.1823
85  10  38.5334
85  11  30.4397
85  12  22.7809
85  13  15.4156
85  14  8.19585
85  15  0.970339
85  16  -6.42178
85  17  -14.1622
85  18  -22.4743
85  19  -31.6582
85  20  -42.1583
85  21  -54.7037
85  22  -70.661
85  23  -93.1225
85  24  -131.989
85  25  -295.276
86  1  107.631
86  2  107.447
86  3  103.077
86  4  95.9215
86  5  86.5092
86  6  75.8904
86  7  65.0586
86  8  54.655
86  9  44.9636
86  10  36.0246
86  11  27.7486
86  12  19.9918
86  13  12.5936
86  14  5.39258
86  15  -1.77227
86  16  -9.06717
86  17  -16.6768
86  18  -24.824
86  19  -33.8054
86  20  -44.0559
86  21  -56.2873
86  22  -71.8287
86  23  -93.6836
86  24  -131.455
86  25  -291.431
87  1  110.591
87  2  110.289
87  3  105.246
87  4  97.2144
87  5  86.8566
87  6  75.3569
87  7  63.788
87  8  52.8154
87  9  42.711
87  10  33.4902
87  11  25.0367
87  12  17.1831
87  13  9.75112
87  14  2.56589
87  15  -4.54242
87  16  -11.746
87  17  -19.2314
87  18  -27.222
87  19  -36.0101
87  20  -46.022
87  21  -57.9528
87  22  -73.0953
87  23  -94.3657
87  24  -131.069
87  25  -287.079
88  1  113.261
88  2  112.747
88  3  107.107
88  4  98.2983
88  5  87.1005
88  6  74.8172
88  7  62.5922
88  8  51.1117
88  9  40.6386
88  10  31.1651
88  11  22.5515
88  12  14.61
88  13  7.14557
88  14  -0.0277184
88  15  -7.08791
88  16  -14.2124
88  17  -21.59
88  18  -29.4433
88  19  -38.062
88  20  -47.8646
88  21  -59.5309
88  22  -74.3217
88  23  -95.0757
88  24  -130.828
88  25  -282.791
89  1  116.109
89  2  115.28
89  3  109.016
89  4  99.3916
89  5  87.312
89  6  74.2048
89  7  61.2892
89  8  49.2736
89  9  38.4108
89  10  28.6697
89  11  19.8857
89  12  11.8489
89  13  4.34817
89  14  -2.81507
89  15  -9.82756
89  16  -16.8711
89  17  -24.1379
89  18  -31.8502
89  19  -40.2937
89  20  -49.8796
89  21  -61.2713
89  22  -75.6967
89  23  -95.9128
89  24  -130.669
89  25  -277.975
90  1  118.966
90  2  117.75
90  3  110.871
90  4  100.443
90  5  87.4925
90  6  73.5707
90  7  59.9711
90  8  47.4249
90  9  36.1746
90  10  26.1667
90  11  17.2114
90  12  9.07812
90  13  1.53897
90  14  -5.61726
90  15  -12.5848
90  16  -19.5516
90  17  -26.7117
90  18  -34.2873
90  19  -42.561
90  20  -51.936
90  21  -63.0604
90  22  -77.1296
90  23  -96.8204
90  24  -130.6
90  25  -273.002
91  1  121.767
91  2  120.121
91  3  112.651
91  4  101.446
91  5  87.652
91  6  72.9406
91  7  58.6774
91  8  45.6155
91  9  33.9879
91  10  23.7189
91  11  14.5955
91  12  6.36615
91  13  -1.21293
91  14  -8.36464
91  15  -15.2914
91  16  -22.1864
91  17  -29.2458
91  18  -36.6918
91  19  -44.804
91  20  -53.9783
91  21  -64.8478
91  22  -78.5768
91  23  -97.7651
91  24  -130.609
91  25  -268.067
92  1  124.534
92  2  122.429
92  3  114.383
92  4  102.42
92  5  87.8015
92  6  72.3177
92  7  57.4044
92  8  43.8363
92  9  31.8377
92  10  21.3113
92  11  12.0212
92  12  3.6956
92  13  -3.92473
92  14  -11.0744
92  15  -17.9639
92  16  -24.7908
92  17  -31.7542
92  18  -39.0764
92  19  -47.0334
92  20  -56.0147
92  21  -66.6389
92  22  -80.04
92  23  -98.7436
92  24  -130.683
92  25  -263.188
93  1  127.351
93  2  124.754
93  3  116.128
93  4  103.401
93  5  87.9512
93  6  71.687
93  7  56.1162
93  8  42.0355
93  9  29.6602
93  10  18.872
93  11  9.41134
93  12  0.986391
93  13  -6.67805
93  14  -13.8278
93  15  -20.6817
93  16  -27.4425
93  17  -34.3117
93  18  -41.5109
93  19  -49.3146
93  20  -58.1042
93  21  -68.4842
93  22  -81.559
93  23  -99.7803
93  24  -130.818
93  25  -258.258
94  1  129.979
94  2  126.908
94  3  117.747
94  4  104.313
94  5  88.0919
94  6  71.1033
94  7  54.9216
94  8  40.3641
94  9  27.638
94  10  16.6052
94  11  6.98435
94  12  -1.53462
94  13  -9.24157
94  14  -16.3935
94  15  -23.2164
94  16  -29.9177
94  17  -36.7016
94  18  -43.7895
94  19  -51.453
94  20  -60.0677
94  21  -70.2247
94  22  -83.0011
94  23  -100.781
94  24  -130.993
94  25  -253.713
95  1  132.761
95  2  129.177
95  3  119.455
95  4  105.277
95  5  88.2437
95  6  70.4918
95  7  53.6653
95  8  38.6041
95  9  25.5068
95  10  14.2144
95  11  4.42312
95  12  -4.19666
95  13  -11.9505
95  14  -19.1064
95  15  -25.8985
95  16  -32.5392
95  17  -39.2351
95  18  -46.208
95  19  -53.7264
95  20  -62.1593
95  21  -72.0848
95  22  -84.551
95  23  -101.872
95  24  -131.227
95  25  -248.977
96  1  135.588
96  2  131.477
96  3  121.189
96  4  106.258
96  5  88.402
96  6  69.8758
96  7  52.3956
96  8  36.8226
96  9  23.3476
96  10  11.7905
96  11  1.82478
96  12  -6.89891
96  13  -14.7021
96  14  -21.8639
96  15  -28.6268
96  16  -35.2081
96  17  -41.8167
96  18  -48.6751
96  19  -56.0489
96  20  -64.3007
96  21  -73.9948
96  22  -86.1509
96  23  -103.013
96  24  -131.512
96  25  -244.252
97  1  138.589
97  2  133.915
97  3  123.029
97  4  107.301
97  5  88.5742
97  6  69.2277
97  7  51.0534
97  8  34.9369
97  9  21.06
97  10  9.22081
97  11  -0.931318
97  12  -9.76723
97  13  -17.6242
97  14  -24.7943
97  15  -31.528
97  16  -38.0482
97  17  -44.5667
97  18  -51.306
97  19  -58.5292
97  20  -66.5916
97  21  -76.0439
97  22  -87.8763
97  23  -104.259
97  24  -131.863
97  25  -239.342
98  1  141.261
98  2  136.084
98  3  124.668
98  4  108.233
98  5  88.7311
98  6  68.6543
98  7  49.8618
98  8  33.2606
98  9  19.025
98  10  6.93331
98  11  -3.38609
98  12  -12.323
98  13  -20.2296
98  14  -27.4085
98  15  -34.1177
98  16  -40.5851
98  17  -47.0251
98  18  -53.6602
98  19  -60.7512
98  20  -68.6477
98  21  -77.8878
98  22  -89.4356
98  23  -105.398
98  24  -132.217
98  25  -235.065
99  1  144.268
99  2  138.526
99  3  126.515
99  4  109.284
99  5  88.9105
99  6  68.0115
99  7  48.5225
99  8  31.3745
99  9  16.7339
99  10  4.35682
99  11  -6.15257
99  12  -15.2047
99  13  -23.1685
99  14  -30.3588
99  15  -37.0422
99  16  -43.4518
99  17  -49.8052
99  18  -56.325
99  19  -63.2693
99  20  -70.9815
99  21  -79.9855
99  22  -91.2172
99  23  -106.711
99  24  -132.66
99  25  -230.36
100  1  147.277
100  2  140.971
100  3  128.366
100  4  110.339
100  5  89.0916
100  6  67.3683
100  7  47.1806
100  8  29.4837
100  9  14.4359
100  10  1.77133
100  11  -8.9297
100  12  -18.0988
100  13  -26.1214
100  14  -33.3245
100  15  -39.9835
100  16  -46.337
100  17  -52.6051
100  18  -59.0112
100  19  -65.8107
100  20  -73.3403
100  21  -82.1109
100  22  -93.0296
100  23  -108.061
100  24  -133.149
100  25  -225.766
101  1  150.3
101  2  143.43
101  3  130.228
101  4  111.4
101  5  89.2741
101  6  66.7206
101  7  45.8288
101  8  27.5785
101  9  12.1196
101  10  -0.835639
101  11  -11.731
101  12  -21.0191
101  13  -29.1024
101  14  -36.3197
101  15  -42.9557
101  16  -49.2541
101  17  -55.4381
101  18  -61.7314
101  19  -68.3873
101  20  -75.7354
101  21  -84.2737
101  22  -94.8809
101  23  -109.453
101  24  -133.687
101  25  -221.267
102  1  153.588
102  2  146.108
102  3  132.256
102  4  112.556
102  5  89.471
102  6  66.0118
102  7  44.3507
102  8  25.4956
102  9  9.58688
102  10  -3.6867
102  11  -14.7954
102  12  -24.2149
102  13  -32.3654
102  14  -39.6001
102  15  -46.212
102  16  -52.4521
102  17  -58.546
102  18  -64.7182
102  19  -71.219
102  20  -78.3718
102  21  -86.6598
102  22  -96.9314
102  23  -111.008
102  24  -134.325
102  25  -216.503
103  1  156.756
103  2  148.691
103  3  134.213
103  4  113.669
103  5  89.6572
103  6  65.3213
103  7  42.9159
103  8  23.4745
103  9  7.12979
103  10  -6.45288
103  11  -17.7692
103  12  -27.3172
103  13  -35.5344
103  14  -42.7869
103  15  -49.3773
103  16  -55.562
103  17  -61.5702
103  18  -67.6268
103  19  -73.9799
103  20  -80.9458
103  21  -88.9942
103  22  -98.9451
103  23  -112.549
103  24  -134.99
103  25  -212.038
104  1  159.806
104  2  151.181
104  3  136.099
104  4  114.74
104  5  89.8313
104  6  64.6475
104  7  41.5214
104  8  21.5126
104  9  4.74508
104  10  -9.13788
104  11  -20.656
104  12  -30.329
104  13  -38.6115
104  14  -45.8826
104  15  -52.4533
104  16  -58.5858
104  17  -64.5126
104  18  -70.4588
104  19  -76.6705
104  20  -83.4576
104  21  -91.2769
104  22  -100.921
104  23  -114.072
104  24  -135.679
104  25  -207.853
105  1  163.063
105  2  153.843
105  3  138.114
105  4  115.88
105  5  90.0097
105  6  63.9155
105  7  40.0154
105  8  19.3963
105  9  2.17403
105  10  -12.0318
105  11  -23.7676
105  12  -33.5761
105  13  -41.9301
105  14  -49.2221
105  15  -55.7727
105  16  -61.8504
105  17  -67.6911
105  18  -73.5203
105  19  -79.5819
105  20  -86.1791
105  21  -93.755
105  22  -103.073
105  23  -115.744
105  24  -136.467
105  25  -203.506
106  1  166.281
106  2  156.476
106  3  140.105
106  4  117.003
106  5  90.1765
106  6  63.1768
106  7  38.5067
106  8  17.2805
106  9  -0.394697
106  10  -14.9228
106  11  -26.8762
106  12  -36.8202
106  13  -45.2464
106  14  -52.5599
106  15  -59.0919
106  16  -65.1164
106  17  -70.8726
106  18  -76.587
106  19  -82.5009
106  20  -88.9112
106  21  -96.2474
106  22  -105.244
106  23  -117.443
106  24  -137.3
106  25  -199.332
107  1  169.708
107  2  159.284
107  3  142.225
107  4  118.193
107  5  90.3414
107  6  62.3709
107  7  36.8744
107  8  14.9961
107  9  -3.16562
107  10  -18.0401
107  11  -30.2276
107  12  -40.3181
107  13  -48.8226
107  14  -56.1607
107  15  -62.6735
107  16  -68.6422
107  17  -74.3093
107  18  -79.9019
107  19  -85.6589
107  20  -91.8708
107  21  -98.9524
107  22  -107.608
107  23  -119.307
107  24  -138.247
107  25  -195.018
108  1  173.177
108  2  162.129
108  3  144.37
108  4  119.39
108  5  90.4927
108  6  61.5313
108  7  35.1916
108  8  12.6474
108  9  -6.0117
108  10  -21.2405
108  11  -33.6679
108  12  -43.9087
108  13  -52.494
108  14  -59.8583
108  15  -66.3529
108  16  -72.2654
108  17  -77.8428
108  18  -83.3127
108  19  -88.9114
108  20  -94.9226
108  21  -101.747
108  22  -110.059
108  23  -121.253
108  24  -139.271
108  25  -190.786
109  1  176.741
109  2  165.054
109  3  146.571
109  4  120.609
109  5  90.6284
109  6  60.6403
109  7  33.4259
109  8  10.1909
109  9  -8.98415
109  10  -24.5812
109  11  -37.2581
109  12  -47.6559
109  13  -56.326
109  14  -63.7182
109  15  -70.1949
109  16  -76.0508
109  17  -81.5363
109  18  -86.8802
109  19  -92.3165
109  20  -98.1219
109  21  -104.682
109  22  -112.641
109  23  -123.318
109  24  -140.394
109  25  -186.579
110  1  180.161
110  2  167.863
110  3  148.681
110  4  121.768
110  5  90.7388
110  6  59.7559
110  7  31.6941
110  8  7.78969
110  9  -11.8863
110  10  -27.8406
110  11  -40.76
110  12  -51.3106
110  13  -60.0636
110  14  -67.484
110  15  -73.9444
110  16  -79.7461
110  17  -85.1439
110  18  -90.3672
110  19  -95.6476
110  20  -101.255
110  21  -107.562
110  22  -115.182
110  23  -125.364
110  24  -141.538
110  25  -182.672
111  1  183.711
111  2  170.781
111  3  150.867
111  4  122.958
111  5  90.8295
111  6  58.8036
111  7  29.853
111  8  5.24578
111  9  -14.9556
111  10  -31.2854
111  11  -44.46
111  12  -55.1716
111  13  -64.0126
111  14  -71.4633
111  15  -77.9073
111  16  -83.6535
111  17  -88.9604
111  18  -94.0583
111  19  -99.1767
111  20  -104.579
111  21  -110.622
111  22  -117.89
111  23  -127.557
111  24  -142.801
111  25  -178.754
112  1  187.515
112  2  173.909
112  3  153.203
112  4  124.216
112  5  90.8969
112  6  57.7414
112  7  27.8275
112  8  2.45874
112  9  -18.3128
112  10  -35.05
112  11  -48.5017
112  12  -59.3887
112  13  -68.3257
112  14  -75.8103
112  15  -82.2377
112  16  -87.9249
112  17  -93.1343
112  18  -98.0977
112  19  -103.042
112  20  -108.223
112  21  -113.984
112  22  -120.874
112  23  -129.99
112  24  -144.238
112  25  -174.709
113  1  190.906
113  2  176.699
113  3  155.28
113  4  125.322
113  5  90.9284
113  6  56.7536
113  7  25.9705
113  8  -0.0859966
113  9  -21.3724
113  10  -38.4779
113  11  -52.1804
113  12  -63.2262
113  13  -72.2507
113  14  -79.7665
113  15  -86.1798
113  16  -91.8145
113  17  -96.9371
113  18  -101.78
113  19  -106.569
113  20  -111.553
113  21  -117.06
113  22  -123.612
113  23  -132.236
113  24  -145.598
113  25  -171.236
114  1  194.476
114  2  179.637
114  3  157.46
114  4  126.467
114  5  90.9306
114  6  55.6701
114  7  23.961
114  8  -2.82813
114  9  -24.6636
114  10  -42.1618
114  11  -56.1317
114  12  -67.3477
114  13  -76.466
114  14  -84.0159
114  15  -90.415
114  16  -95.9944
114  17  -101.025
114  18  -105.742
114  19  -110.366
114  20  -115.141
114  21  -120.38
114  22  -126.576
114  23  -134.681
114  24  -147.111
114  25  -167.714
115  1  198.192
115  2  182.694
115  3  159.72
115  4  127.637
115  5  90.8959
115  6  54.4913
115  7  21.8057
115  8  -5.7565
115  9  -28.1708
115  10  -46.0839
115  11  -60.3368
115  12  -71.7325
115  13  -80.9505
115  14  -88.5371
115  15  -94.9219
115  16  -100.444
115  17  -105.38
115  18  -109.964
115  19  -114.416
115  20  -118.972
115  21  -123.931
115  22  -129.754
115  23  -137.317
115  24  -148.777
115  25  -164.198
116  1  202.06
116  2  185.878
116  3  162.062
116  4  128.829
116  5  90.8166
116  6  53.2036
116  7  19.4868
116  8  -8.892
116  9  -31.9185
116  10  -50.2701
116  11  -64.8224
116  12  -76.4086
116  13  -85.7329
116  14  -93.359
116  15  -99.7296
116  16  -105.193
116  17  -110.029
116  18  -114.474
116  19  -118.745
116  20  -123.072
116  21  -127.738
116  22  -133.17
116  23  -140.166
116  24  -150.616
116  25  -160.698
117  1  205.484
117  2  188.695
117  3  164.125
117  4  129.861
117  5  90.7069
117  6  52.0095
117  7  17.3668
117  8  -11.7452
117  9  -35.3216
117  10  -54.0674
117  11  -68.8891
117  12  -80.6469
117  13  -90.067
117  14  -97.7292
117  15  -104.088
117  16  -109.499
117  17  -114.246
117  18  -118.567
117  19  -122.678
117  20  -126.801
117  21  -131.205
117  22  -136.289
117  23  -142.781
117  24  -152.335
117  25  -157.738
118  1  209.132
118  2  191.695
118  3  166.313
118  4  130.934
118  5  90.5464
118  6  50.6768
118  7  15.0328
118  8  -14.8719
118  9  -39.0435
118  10  -58.2158
118  11  -73.329
118  12  -85.2733
118  13  -94.7975
118  14  -102.5
118  15  -108.846
118  16  -114.201
118  17  -118.853
118  18  -123.041
118  19  -126.98
118  20  -130.883
118  21  -135.007
118  22  -139.718
118  23  -145.669
118  24  -154.266
118  25  -154.728
119  1  212.846
119  2  194.749
119  3  168.526
119  4  131.996
119  5  90.3337
119  6  49.252
119  7  12.5732
119  8  -18.1519
119  9  -42.9389
119  10  -62.5528
119  11  -77.9681
119  12  -90.1054
119  13  -99.7381
119  14  -107.482
119  15  -113.817
119  16  -119.114
119  17  -123.669
119  18  -127.721
119  19  -131.483
119  20  -135.161
119  21  -138.996
119  22  -143.324
119  23  -148.722
119  24  -156.342
119  25  -151.818
120  1  216.354
120  2  197.631
120  3  170.603
120  4  132.969
120  5  90.0841
120  6  47.8397
120  7  10.1674
120  8  -21.345
120  9  -46.723
120  10  -66.761
120  11  -82.4669
120  12  -94.7899
120  13  -104.527
120  14  -112.312
120  15  -118.636
120  16  -123.879
120  17  -128.341
120  18  -132.264
120  19  -135.856
120  20  -139.32
120  21  -142.88
120  22  -146.843
120  23  -151.715
120  24  -158.408
120  25  -149.212
121  1  220.062
121  2  200.676
121  3  172.784
121  4  133.964
121  5  89.7646
121  6  46.2709
121  7  7.53105
121  8  -24.8279
121  9  -50.8413
121  10  -71.3358
121  11  -87.3543
121  12  -99.8777
121  13  -109.728
121  14  -117.557
121  15  -123.87
121  16  -129.056
121  17  -133.42
121  18  -137.204
121  19  -140.616
121  20  -143.85
121  21  -147.117
121  22  -150.69
121  23  -155.001
121  24  -160.709
121  25  -146.614
122  1  223.801
122  2  203.743
122  3  174.967
122  4  134.93
122  5  89.3838
122  6  44.6082
122  7  4.77298
122  8  -28.4545
122  9  -55.1204
122  10  -76.0834
122  11  -92.4231
122  12  -105.153
122  13  -115.119
122  14  -122.995
122  15  -129.297
122  16  -134.425
122  17  -138.688
122  18  -142.331
122  19  -145.56
122  20  -148.56
122  21  -151.528
122  22  -154.704
122  23  -158.445
122  24  -163.154
122  25  -144.153
123  1  227.648
123  2  206.895
123  3  177.192
123  4  135.881
123  5  88.923
123  6  42.804
123  7  1.82036
123  8  -32.3179
123  9  -59.668
123  10  -81.1229
123  11  -97.7996
123  12  -110.746
123  13  -120.835
123  14  -128.76
123  15  -135.052
123  16  -140.12
123  17  -144.279
123  18  -147.775
123  19  -150.812
123  20  -153.569
123  21  -156.225
123  22  -158.989
123  23  -162.136
123  24  -165.81
123  25  -141.797
124  1  231.533
124  2  210.074
124  3  179.418
124  4  136.796
124  5  88.3834
124  6  40.8806
124  7  -1.28611
124  8  -36.3626
124  9  -64.4181
124  10  -86.38
124  11  -103.405
124  12  -116.575
124  13  -126.791
124  14  -134.767
124  15  -141.05
124  16  -146.057
124  17  -150.109
124  18  -153.455
124  19  -156.296
124  20  -158.804
124  21  -161.141
124  22  -163.482
124  23  -166.024
124  24  -168.644
124  25  -139.598
125  1  235.721
125  2  213.496
125  3  181.792
125  4  137.726
125  5  87.7123
125  6  38.6857
125  7  -4.78399
125  8  -40.8946
125  9  -69.7271
125  10  -92.2479
125  11  -109.657
125  12  -123.074
125  13  -133.431
125  14  -141.464
125  15  -147.737
125  16  -152.678
125  17  -156.614
125  18  -159.796
125  19  -162.422
125  20  -164.657
125  21  -166.645
125  22  -168.525
125  23  -170.405
125  24  -171.879
125  25  -137.437
126  1  240.167
126  2  217.122
126  3  184.279
126  4  138.645
126  5  86.8909
126  6  36.2081
126  7  -8.67826
126  8  -45.9133
126  9  -75.5915
126  10  -98.7206
126  11  -116.547
126  12  -130.234
126  13  -140.745
126  14  -148.841
126  15  -155.104
126  16  -159.974
126  17  -163.785
126  18  -166.79
126  19  -169.185
126  20  -171.125
126  21  -172.736
126  22  -174.118
126  23  -175.285
126  24  -175.528
126  25  -135.384
127  1  244.787
127  2  220.879
127  3  186.825
127  4  139.518
127  5  85.9099
127  6  33.461
127  7  -12.936
127  8  -51.3703
127  9  -81.9505
127  10  -105.729
127  11  -124.002
127  12  -137.977
127  13  -148.653
127  14  -156.817
127  15  -163.071
127  16  -167.866
127  17  -171.545
127  18  -174.363
127  19  -176.513
127  20  -178.141
127  21  -179.354
127  22  -180.209
127  23  -180.623
127  24  -179.569
127  25  -133.524
128  1  250.342
128  2  225.383
128  3  189.828
128  4  140.45
128  5  84.5424
128  6  29.9036
128  7  -18.3673
128  8  -58.2893
128  9  -89.9889
128  10  -114.573
128  11  -133.402
128  12  -147.734
128  13  -158.616
128  14  -166.867
128  15  -173.11
128  16  -177.815
128  17  -181.332
128  18  -183.919
128  19  -185.768
128  20  -187.012
128  21  -187.735
128  22  -187.942
128  23  -187.432
128  24  -184.792
128  25  -131.665
129  1  257.598
129  2  231.238
129  3  193.645
129  4  141.45
129  5  82.4146
129  6  24.7967
129  7  -26.0238
129  8  -67.9709
129  9  -101.195
129  10  -126.878
129  11  -146.463
129  12  -161.285
129  13  -172.449
129  14  -180.819
129  15  -187.051
129  16  -191.636
129  17  -194.935
129  18  -197.212
129  19  -198.655
129  20  -199.382
129  21  -199.444
129  22  -198.78
129  23  -197.028
129  24  -192.266
129  25  -129.89
130  1  412.711
130  2  260.344
130  3  210.386
130  4  141.045
130  5  62.9511
130  6  -12.839
130  7  -79.2262
130  8  -133.552
130  9  -176.107
130  10  -208.528
130  11  -232.77
130  12  -250.623
130  13  -263.557
130  14  -272.707
130  15  -278.926
130  16  -282.836
130  17  -284.876
130  18  -285.342
130  19  -284.398
130  20  -282.081
130  21  -278.253
130  22  -272.464
130  23  -263.447
130  24  -246.428
130  25  -134.691
