1  1  40.8942
1  2  32.1463
1  3  28.6653
1  4  26.4099
1  5  24.7009
1  6  23.2969
1  7  22.0829
1  8  20.9934
1  9  19.9866
1  10  19.0318
1  11  18.1049
1  12  17.1836
1  13  16.2472
1  14  15.2741
1  15  14.2423
1  16  13.1291
1  17  11.9105
1  18  10.5607
1  19  9.04916
1  20  7.33278
1  21  5.34002
1  22  2.93549
1  23  -0.180921
1  24  -4.85877
1  25  -15.2644
2  1  43.83
2  2  35.3357
2  3  32.1007
2  4  30.0226
2  5  28.4615
2  6  27.1942
2  7  26.1168
2  8  25.1735
2  9  24.3314
2  10  23.5695
2  11  22.8746
2  12  22.2366
2  13  21.6478
2  14  21.0998
2  15  20.5806
2  16  20.072
2  17  19.5439
2  18  18.9503
2  19  18.2245
2  20  17.2752
2  21  15.9815
2  22  14.1726
2  23  11.5501
2  24  7.35385
2  25  -1.44855
3  1  45.9549
3  2  37.4877
3  3  34.4412
3  4  32.5151
3  5  31.0967
3  6  29.9786
3  7  29.0706
3  8  28.3307
3  9  27.7414
3  10  27.302
3  11  27.0241
3  12  26.9314
3  13  27.058
3  14  27.449
3  15  28.1587
3  16  29.2422
3  17  30.7454
3  18  32.6785
3  19  34.9834
3  20  37.4952
3  21  39.9214
3  22  41.8569
3  23  42.8276
3  24  42.2355
3  25  38.7308
4  1  47.473
4  2  38.8574
4  3  35.9008
4  4  34.0582
4  5  32.7248
4  6  31.7017
4  7  30.907
4  8  30.307
4  9  29.8944
4  10  29.6811
4  11  29.6929
4  12  29.9707
4  13  30.5686
4  14  31.5519
4  15  32.9927
4  16  34.958
4  17  37.4894
4  18  40.5732
4  19  44.1036
4  20  47.8573
4  21  51.4966
4  22  54.6188
4  23  56.8292
4  24  57.7432
4  25  55.7655
5  1  49.4994
5  2  40.4981
5  3  37.585
5  4  35.8005
5  5  34.5351
5  6  33.5939
5  7  32.8999
5  8  32.4254
5  9  32.1688
5  10  32.1467
5  11  32.3883
5  12  32.9326
5  13  33.8236
5  14  35.1036
5  15  36.8022
5  16  38.9217
5  17  41.4202
5  18  44.1977
5  19  47.0924
5  20  49.8949
5  21  52.3783
5  22  54.332
5  23  55.5714
5  24  55.8338
5  25  52.171
6  1  52.2878
6  2  42.5544
6  3  39.5946
6  4  37.8116
6  5  36.5686
6  6  35.666
6  7  35.0255
6  8  34.6188
6  9  34.4417
6  10  34.5044
6  11  34.8234
6  12  35.4157
6  13  36.2916
6  14  37.4468
6  15  38.854
6  16  40.4576
6  17  42.1729
6  18  43.8912
6  19  45.4933
6  20  46.8628
6  21  47.896
6  22  48.4981
6  23  48.5444
6  24  47.685
6  25  41.455
7  1  55.8882
7  2  45.063
7  3  41.9391
7  4  40.0789
7  5  38.792
7  6  37.8633
7  7  37.2066
7  8  36.7863
7  9  36.589
7  10  36.6121
7  11  36.8535
7  12  37.3062
7  13  37.9511
7  14  38.755
7  15  39.6674
7  16  40.6231
7  17  41.5491
7  18  42.3709
7  19  43.0197
7  20  43.4348
7  21  43.5581
7  22  43.3152
7  23  42.5554
7  24  40.7876
7  25  32.2306
8  1  61.0565
8  2  48.5822
8  3  45.1256
8  4  43.0781
8  5  41.6589
8  6  40.6232
8  7  39.8697
8  8  39.3497
8  9  39.0379
8  10  38.9164
8  11  38.9661
8  12  39.1623
8  13  39.4711
8  14  39.8491
8  15  40.2461
8  16  40.6094
8  17  40.8874
8  18  41.0341
8  19  41.008
8  20  40.7684
8  21  40.2643
8  22  39.4079
8  23  37.9993
8  24  35.3892
8  25  24.4265
9  1  66.7285
9  2  52.4453
9  3  48.5656
9  4  46.2662
9  5  44.6603
9  6  43.4689
9  7  42.5724
9  8  41.9098
9  9  41.4444
9  10  41.148
9  11  40.9916
9  12  40.9427
9  13  40.9631
9  14  41.0099
9  15  41.0389
9  16  41.0074
9  17  40.8767
9  18  40.6117
9  19  40.1794
9  20  39.5406
9  21  38.6377
9  22  37.3634
9  23  35.4712
9  24  32.1732
9  25  19.0969
10  1  71.97
10  2  56.0403
10  3  51.7449
10  4  49.1922
10  5  47.3969
10  6  46.0468
10  7  45.0064
10  8  44.2043
10  9  43.5957
10  10  43.1451
10  11  42.8188
10  12  42.5806
10  13  42.3908
10  14  42.2088
10  15  41.9939
10  16  41.709
10  17  41.3206
10  18  40.7972
10  19  40.1065
10  20  39.2068
10  21  38.0322
10  22  36.4583
10  23  34.2005
10  24  30.3586
10  25  15.5475
11  1  76.301
11  2  59.0204
11  3  54.3695
11  4  51.5975
11  5  49.6375
11  6  48.1504
11  7  46.987
11  8  46.0678
11  9  45.3423
11  10  44.7708
11  11  44.3158
11  12  43.9391
11  13  43.6013
11  14  43.2622
11  15  42.8835
11  16  42.4305
11  17  41.8713
11  18  41.1759
11  19  40.3106
11  20  39.2305
11  21  37.8626
11  22  36.0691
11  23  33.5359
11  24  29.2754
11  25  13.1049
12  1  80.3471
12  2  61.7952
12  3  56.8008
12  4  53.8157
12  5  51.6956
12  6  50.0754
12  7  48.7935
12  8  47.7633
12  9  46.929
12  10  46.247
12  11  45.6776
12  12  45.1812
12  13  44.7174
12  14  44.2469
12  15  43.7327
12  16  43.1411
12  17  42.4412
12  18  41.6027
12  19  40.5905
12  20  39.3561
12  21  37.82
12  22  35.8317
12  23  33.0503
12  24  28.4085
12  25  10.9873
13  1  83.7165
13  2  64.0821
13  3  58.7896
13  4  55.6193
13  5  53.3599
13  6  51.6239
13  7  50.2397
13  8  49.1146
13  9  48.1883
13  10  47.4147
13  11  46.7519
13  12  46.1588
13  13  45.5951
13  14  45.0215
13  15  44.4015
13  16  43.7021
13  17  42.8924
13  18  41.9416
13  19  40.8129
13  20  39.4546
13  21  37.7817
13  22  35.6332
13  23  32.6456
13  24  27.6849
13  25  9.21175
14  1  86.7843
14  2  66.1277
14  3  60.5505
14  4  57.2024
14  5  54.809
14  6  52.9623
14  7  51.4808
14  8  50.2654
14  9  49.2529
14  10  48.3942
14  11  47.6454
14  12  46.9649
14  13  46.3114
14  14  45.6457
14  15  44.9318
14  16  44.1366
14  17  43.2292
14  18  42.1778
14  19  40.944
14  20  39.473
14  21  37.6744
14  22  35.3777
14  23  32.1983
14  24  26.9393
14  25  7.47943
15  1  89.5593
15  2  67.9281
15  3  62.0765
15  4  58.5569
15  5  56.0345
15  6  54.0809
15  7  52.5057
15  8  51.2046
15  9  50.1102
15  10  49.1713
15  11  48.3425
15  12  47.581
15  13  46.8451
15  14  46.0954
15  15  45.2959
15  16  44.4134
15  17  43.4168
15  18  42.2731
15  19  40.9422
15  20  39.3664
15  21  37.4505
15  22  35.0145
15  23  31.6538
15  24  26.1122
15  25  5.71522
16  1  92.0972
16  2  69.5089
16  3  63.3858
16  4  59.6959
16  5  57.0455
16  6  54.9865
16  7  53.3185
16  8  51.9327
16  9  50.7582
16  10  49.7413
16  11  48.8354
16  12  47.9962
16  13  47.1819
16  14  46.3524
16  15  45.4717
16  16  44.5063
16  17  43.4248
16  18  42.1929
16  19  40.7692
16  20  39.0925
16  21  37.0628
16  22  34.491
16  23  30.9535
16  24  25.1354
16  25  3.82055
17  1  94.15
17  2  70.716
17  3  64.3515
17  4  60.5101
17  5  57.7455
17  6  55.5925
17  7  53.8424
17  8  52.3815
17  9  51.1365
17  10  50.0515
17  11  49.078
17  12  48.1714
17  13  47.2892
17  14  46.3908
17  15  45.4402
17  16  44.4036
17  17  43.2487
17  18  41.9407
17  19  40.436
17  20  38.6714
17  21  36.5422
17  22  33.8514
17  23  30.158
17  24  24.0963
17  25  1.971
18  1  96.0684
18  2  71.752
18  3  65.1342
18  4  61.1337
18  5  58.2496
18  6  55.998
18  7  54.1618
18  8  52.6227
18  9  51.304
18  10  50.1482
18  11  49.1053
18  12  48.1294
18  13  47.1772
18  14  46.2087
18  15  45.1867
18  16  44.0772
18  17  42.8471
18  18  41.4608
18  19  39.873
18  20  38.0174
18  21  35.7849
18  22  32.9706
18  23  29.1151
18  24  22.7995
18  25  -0.17038
19  1  97.6097
19  2  72.479
19  3  65.6265
19  4  61.4789
19  5  58.4836
19  6  56.1404
19  7  54.2246
19  8  52.6132
19  9  51.2269
19  10  50.0059
19  11  48.8993
19  12  47.8602
19  13  46.8447
19  14  45.8123
19  15  44.7254
19  16  43.5498
19  17  42.2515
19  18  40.7938
19  19  39.1298
19  20  37.1911
19  21  34.864
19  22  31.9358
19  23  27.9313
19  24  21.3814
19  25  -2.36747
20  1  98.7652
20  2  72.9188
20  3  65.8597
20  4  61.5819
20  5  58.4886
20  6  56.0649
20  7  54.0788
20  8  52.4038
20  9  50.958
20  10  49.6799
20  11  48.5177
20  12  47.4236
20  13  46.3531
20  14  45.2651
20  15  44.1219
20  16  42.8887
20  17  41.5312
20  18  40.0116
20  19  38.2812
20  20  36.2697
20  21  33.8598
20  22  30.8319
20  23  26.6962
20  24  19.9408
20  25  -4.49264
21  1  99.7204
21  2  73.1595
21  3  65.8934
21  4  61.4852
21  5  58.294
21  6  55.7894
21  7  53.7331
21  8  51.9945
21  9  50.4893
21  10  49.1545
21  11  47.937
21  12  46.7882
21  13  45.6632
21  14  44.5204
21  15  43.3216
21  16  42.0317
21  17  40.6154
21  18  39.0341
21  19  37.238
21  20  35.154
21  21  32.6617
21  22  29.5343
21  23  25.268
21  24  18.3075
21  25  -6.80916
22  1  100.429
22  2  73.1966
22  3  65.7354
22  4  61.2046
22  5  57.9209
22  6  55.3403
22  7  53.2179
22  8  51.4196
22  9  49.8588
22  10  48.4708
22  11  47.2018
22  12  46.002
22  13  44.826
22  14  43.6321
22  15  42.3813
22  16  41.0384
22  17  39.5675
22  18  37.9288
22  19  36.0711
22  20  33.9195
22  21  31.3496
22  22  28.1293
22  23  23.7403
22  24  16.587
22  25  -9.17134
23  1  100.962
23  2  73.0372
23  3  65.3745
23  4  60.7168
23  5  57.3375
23  6  54.6784
23  7  52.4876
23  8  50.6275
23  9  49.0092
23  10  47.5665
23  11  46.2443
23  12  44.9921
23  13  43.7641
23  14  42.5177
23  15  41.2139
23  16  39.8166
23  17  38.2895
23  18  36.5916
23  19  34.6708
23  20  32.4497
23  21  29.8001
23  22  26.4837
23  23  21.9681
23  24  14.6161
23  25  -11.8044
24  1  101.29
24  2  72.6799
24  3  64.8174
24  4  60.0337
24  5  56.5597
24  6  53.8226
24  7  51.5642
24  8  49.6428
24  9  47.9677
24  10  46.4711
24  11  45.0962
24  12  43.7926
24  13  42.5133
24  14  41.2152
24  15  39.8592
24  16  38.4086
24  17  36.8261
24  18  35.0703
24  19  33.087
24  20  30.797
24  21  28.069
24  22  24.6575
24  23  20.0168
24  24  12.4681
24  25  -14.6073
25  1  101.419
25  2  72.1535
25  3  64.0998
25  4  59.1957
25  5  55.6307
25  6  52.819
25  7  50.4956
25  8  48.516
25  9  46.7865
25  10  45.2383
25  11  43.8134
25  12  42.4606
25  13  41.1321
25  14  39.7852
25  15  38.3795
25  16  36.878
25  17  35.243
25  18  33.4318
25  19  31.389
25  20  29.0334
25  21  26.2303
25  22  22.7281
25  23  17.9679
25  24  10.2311
25  25  -17.4704
26  1  101.373
26  2  71.4529
26  3  63.2079
26  4  58.1833
26  5  54.5275
26  6  51.6411
26  7  49.2531
26  8  47.215
26  9  45.4314
26  10  43.8315
26  11  42.357
26  12  40.9551
26  13  39.5782
26  14  38.1825
26  15  36.7275
26  16  35.1755
26  17  33.488
26  18  31.6218
26  19  29.5199
26  20  27.0989
26  21  24.2209
26  22  20.6283
26  23  15.7488
26  24  7.82445
26  25  -20.5018
27  1  101.165
27  2  70.6045
27  3  62.1723
27  4  57.0293
27  5  53.2846
27  6  50.3248
27  7  47.8733
27  8  45.7781
27  9  43.9415
27  10  42.2913
27  11  40.7679
27  12  39.3183
27  13  37.894
27  14  36.4506
27  15  34.9476
27  16  33.3463
27  17  31.6079
27  18  29.6877
27  19  27.528
27  20  25.0432
27  21  22.0919
27  22  18.4107
27  23  13.4144
27  24  5.30648
27  25  -23.6313
28  1  100.794
28  2  69.569
28  3  60.9422
28  4  55.6767
28  5  51.8398
28  6  48.8042
28  7  46.287
28  8  44.1324
28  9  42.2407
28  10  40.5385
28  11  38.9648
28  12  37.466
28  13  35.9927
28  14  34.5001
28  15  32.9473
28  16  31.2951
28  17  29.504
28  18  27.5285
28  19  25.309
28  20  22.7581
28  21  19.731
28  22  15.9582
28  23  10.8411
28  24  2.54312
28  25  -27.0276
29  1  100.301
29  2  68.4385
29  3  59.6248
29  4  54.2414
29  5  50.3156
29  6  47.2072
29  7  44.6266
29  8  42.415
29  9  40.4707
29  10  38.7183
29  11  37.0966
29  12  35.5503
29  13  34.03
29  14  32.4907
29  15  30.8901
29  16  29.1892
29  17  27.3475
29  18  25.3188
29  19  23.0419
29  20  20.4277
29  21  17.328
29  22  13.4672
29  23  8.23413
29  24  -0.246321
29  25  -30.4247
30  1  99.7526
30  2  67.3078
30  3  58.3237
30  4  52.8327
30  5  48.8259
30  6  45.6508
30  7  43.0127
30  8  40.7491
30  9  38.7567
30  10  36.959
30  11  35.2931
30  12  33.7039
30  13  32.1409
30  14  30.5588
30  15  28.9149
30  16  27.1698
30  17  25.2822
30  18  23.2049
30  19  20.876
30  20  18.2041
30  21  15.0382
30  22  11.0974
30  23  5.75867
30  24  -2.88796
30  25  -33.6197
31  1  99.1257
31  2  66.0998
31  3  56.9453
31  4  51.3468
31  5  47.2589
31  6  44.0174
31  7  41.3215
31  8  39.0061
31  9  36.9656
31  10  35.1223
31  11  33.4126
31  12  31.7804
31  13  30.1751
31  14  28.5502
31  15  26.8633
31  16  25.0739
31  17  23.1406
31  18  21.0152
31  19  18.6342
31  20  15.9048
31  21  12.6729
31  22  8.65223
31  23  3.20803
31  24  -5.60444
31  25  -36.8884
32  1  98.4501
32  2  64.8512
32  3  55.5287
32  4  49.8242
32  5  45.6567
32  6  42.3494
32  7  39.5968
32  8  37.2303
32  9  35.1424
32  10  33.2546
32  11  31.5016
32  12  29.8272
32  13  28.18
32  14  26.5132
32  15  24.784
32  16  22.9512
32  17  20.9728
32  18  18.7998
32  19  16.3678
32  20  13.5818
32  21  10.285
32  22  6.18571
32  23  0.637759
32  24  -8.33791
32  25  -40.1652
33  1  97.7752
33  2  63.6329
33  3  54.1511
33  4  48.346
33  5  44.1026
33  6  40.7333
33  7  37.9266
33  8  35.5118
33  9  33.3791
33  10  31.4487
33  11  29.6551
33  12  27.9406
33  13  26.2537
33  14  24.5473
33  15  22.778
33  16  20.9043
33  17  18.8832
33  18  16.6653
33  19  14.1849
33  20  11.3454
33  21  7.98704
33  22  3.81332
33  23  -1.83286
33  24  -10.9631
33  25  -43.3049
34  1  97.0779
34  2  62.3855
34  3  52.7423
34  4  46.8354
34  5  42.5154
34  6  39.083
34  7  36.2219
34  8  33.7579
34  9  31.5799
34  10  29.6066
34  11  27.7715
34  12  26.0167
34  13  24.2898
34  14  22.5435
34  15  20.7336
34  16  18.8183
34  17  16.7544
34  18  14.4909
34  19  11.9617
34  20  9.06797
34  21  5.64752
34  22  1.39858
34  23  -4.34689
34  24  -13.6333
34  25  -46.4949
35  1  96.3788
35  2  61.1276
35  3  51.3205
35  4  45.3103
35  5  40.9124
35  6  37.4163
35  7  34.4996
35  8  31.9859
35  9  29.762
35  10  27.7452
35  11  25.8682
35  12  24.0723
35  13  22.3049
35  14  20.518
35  15  18.667
35  16  16.7097
35  17  14.6022
35  18  12.2928
35  19  9.71405
35  20  6.76552
35  21  3.28214
35  22  -1.04302
35  23  -6.88906
35  24  -16.3336
35  25  -49.7219
36  1  95.7989
36  2  60.0632
36  3  50.114
36  4  44.0143
36  5  39.549
36  6  35.9972
36  7  33.0327
36  8  30.4759
36  9  28.212
36  10  26.1575
36  11  24.2442
36  12  22.413
36  13  20.6106
36  14  18.7885
36  15  16.902
36  16  14.9084
36  17  12.763
36  18  10.414
36  19  7.79231
36  20  4.79635
36  21  1.2585
36  22  -3.13258
36  23  -9.06562
36  24  -18.647
36  25  -52.4907
37  1  95.2091
37  2  58.9382
37  3  48.8324
37  4  42.6336
37  5  38.0938
37  6  34.4811
37  7  31.4634
37  8  28.859
37  9  26.5512
37  10  24.4552
37  11  22.502
37  12  20.6316
37  13  18.7904
37  14  16.9297
37  15  15.0041
37  16  12.9703
37  17  10.7835
37  18  8.39058
37  19  5.72175
37  20  2.67356
37  21  -0.924274
37  22  -5.38796
37  23  -11.4168
37  24  -21.1489
37  25  -55.494
38  1  94.7147
38  2  57.9296
38  3  47.6731
38  4  41.3795
38  5  36.768
38  6  33.0964
38  7  30.0281
38  8  27.3779
38  9  25.028
38  10  22.892
38  11  20.9003
38  12  18.9924
38  13  17.1143
38  14  15.2162
38  15  13.2532
38  16  11.181
38  17  8.95441
38  18  6.5195
38  19  3.80543
38  20  0.707187
38  21  -2.94811
38  22  -7.48136
38  23  -13.602
38  24  -23.4784
38  25  -58.3037
39  1  94.339
39  2  57.0748
39  3  46.6783
39  4  40.2961
39  5  35.6181
39  6  31.8919
39  7  28.7763
39  8  26.0837
39  9  23.6943
39  10  21.5212
39  11  19.4939
39  12  17.5513
39  13  15.6387
39  14  13.7062
39  15  11.7082
39  16  9.60044
39  17  7.33678
39  18  4.86289
39  19  2.10683
39  20  -1.03787
39  21  -4.74651
39  22  -9.34429
39  23  -15.5501
39  24  -25.5604
39  25  -60.831
40  1  94.0538
40  2  56.2857
40  3  45.7416
40  4  39.2665
40  5  34.5185
40  6  30.7347
40  7  27.5693
40  8  24.8322
40  9  22.4017
40  10  20.1896
40  11  18.1248
40  12  16.1455
40  13  14.1964
40  14  12.228
40  15  10.1934
40  16  8.04814
40  17  5.74568
40  18  3.23087
40  19  0.430794
40  20  -2.76264
40  21  -6.52717
40  22  -11.1926
40  23  -17.4877
40  24  -27.6383
40  25  -63.3754
41  1  93.9076
41  2  55.6493
41  3  44.9621
41  4  38.3966
41  5  33.5807
41  6  29.7412
41  7  26.5275
41  8  23.7468
41  9  21.2763
41  10  19.0265
41  11  16.9253
41  12  14.9104
41  13  12.9264
41  14  10.9226
41  15  8.85259
41  16  6.67118
41  17  4.33113
41  18  1.77674
41  19  -1.06598
41  20  -4.30657
41  21  -8.12519
41  22  -12.8561
41  23  -19.2375
41  24  -29.5237
41  25  -65.7117
42  1  93.909
42  2  55.1821
42  3  44.3582
42  4  37.7066
42  5  32.8257
42  6  28.933
42  7  25.6732
42  8  22.8512
42  9  20.3424
42  10  18.0566
42  11  15.9208
42  12  13.872
42  13  11.8545
42  14  9.81713
42  15  7.71339
42  16  5.49738
42  17  3.12153
42  18  0.52942
42  19  -2.35386
42  20  -5.6393
42  21  -9.50939
42  22  -14.3025
42  23  -20.7659
42  24  -31.181
42  25  -67.7973
43  1  94.0752
43  2  54.8683
43  3  43.9046
43  4  37.1648
43  5  32.2176
43  6  28.2703
43  7  24.9636
43  8  22.0992
43  9  19.5515
43  10  17.2286
43  11  15.0573
43  12  12.9742
43  13  10.9224
43  14  8.85095
43  15  6.71239
43  16  4.46125
43  17  2.04892
43  18  -0.581651
43  19  -3.50627
43  20  -6.83739
43  21  -10.7599
43  22  -15.6163
43  23  -22.1632
43  24  -32.7094
43  25  -69.761
44  1  94.4028
44  2  54.7454
44  3  43.6507
44  4  36.8284
44  5  31.8191
44  6  27.8209
44  7  24.4699
44  8  21.5662
44  9  18.9819
44  10  16.6246
44  11  14.4203
44  12  12.3046
44  13  10.2207
44  14  8.11734
44  15  5.94677
44  16  3.66257
44  17  1.21614
44  18  -1.45028
44  19  -4.41345
44  20  -7.78714
44  21  -11.7584
44  22  -16.6737
44  23  -23.2983
44  24  -33.9664
44  25  -71.4226
45  1  94.892
45  2  54.8021
45  3  43.5818
45  4  36.6805
45  5  31.6116
45  6  27.5646
45  7  24.1716
45  8  21.2297
45  9  18.6105
45  10  16.2204
45  11  13.9843
45  12  11.8375
45  13  9.72311
45  14  7.58924
45  15  5.38768
45  16  3.07211
45  17  0.593146
45  18  -2.10749
45  19  -5.1074
45  20  -8.52166
45  21  -12.5393
45  22  -17.5108
45  23  -24.2092
45  24  -34.9932
45  25  -72.8337
46  1  95.5753
46  2  55.0497
46  3  43.7034
46  4  36.7227
46  5  31.5941
46  6  27.4982
46  7  24.0627
46  8  21.083
46  9  18.4287
46  10  16.0055
46  11  13.7374
46  12  11.5598
46  13  9.41475
46  14  7.24996
46  15  5.01755
46  16  2.67051
46  17  0.158983
46  18  -2.57584
46  19  -5.61243
46  20  -9.06714
46  21  -13.1311
46  22  -18.1585
46  23  -24.9304
46  24  -35.8296
46  25  -74.0522
47  1  96.4403
47  2  55.4915
47  3  44.0231
47  4  36.9656
47  5  31.7794
47  6  27.636
47  7  24.1595
47  8  21.1432
47  9  18.4549
47  10  15.9995
47  11  13.7009
47  12  11.4931
47  13  9.31844
47  14  7.12412
47  15  4.86189
47  16  2.4844
47  17  -0.0585095
47  18  -2.82624
47  19  -5.89811
47  20  -9.39168
47  21  -13.5001
47  22  -18.581
47  23  -25.4233
47  24  -36.4328
47  25  -75.0204
48  1  97.4623
48  2  56.1116
48  3  44.5277
48  4  37.3976
48  5  32.1567
48  6  27.9685
48  7  24.4534
48  8  21.4023
48  9  18.6821
48  10  16.1966
48  11  13.8688
48  12  11.6325
48  13  9.42985
48  14  7.20766
48  15  4.9172
48  16  2.51115
48  17  -0.0612525
48  18  -2.85992
48  19  -5.96489
48  20  -9.49484
48  21  -13.6448
48  22  -18.7758
48  23  -25.6838
48  24  -36.7961
48  25  -75.7235
49  1  98.7368
49  2  56.9726
49  3  45.2705
49  4  38.066
49  5  32.7691
49  6  28.5352
49  7  24.9805
49  8  21.8939
49  9  19.141
49  10  16.6245
49  11  14.267
49  12  12.0019
49  13  9.77034
49  14  7.51969
49  15  5.20052
49  16  2.76529
49  17  0.162876
49  18  -2.66719
49  19  -5.80567
49  20  -9.37247
49  21  -13.5644
49  22  -18.7458
49  23  -25.72
49  24  -36.9357
49  25  -76.204
50  1  100.051
50  2  57.9262
50  3  46.1213
50  4  38.8523
50  5  33.507
50  6  29.2333
50  7  25.6443
50  8  22.5271
50  9  19.7456
50  10  17.2025
50  11  14.8192
50  12  12.529
50  13  10.2727
50  14  7.99732
50  15  5.65335
50  16  3.19291
50  17  0.564636
50  18  -2.29236
50  19  -5.45958
50  20  -9.05784
50  21  -13.2855
50  22  -18.5099
50  23  -25.5403
50  24  -36.8437
50  25  -76.4001
51  1  101.588
51  2  59.0983
51  3  47.1905
51  4  39.8568
51  5  34.4632
51  6  30.1497
51  7  26.5265
51  8  23.3784
51  9  20.5686
51  10  17.9988
51  11  15.5898
51  12  13.2743
51  13  10.9934
51  14  8.69322
51  15  6.32465
51  16  3.83904
51  17  1.18517
51  18  -1.69851
51  19  -4.89405
51  20  -8.52326
51  21  -12.7861
51  22  -18.0524
51  23  -25.1376
51  24  -36.5262
51  25  -76.3616
52  1  103.131
52  2  60.3211
52  3  48.3236
52  4  40.9339
52  5  35.4978
52  6  31.1501
52  7  27.4969
52  8  24.3221
52  9  21.4879
52  10  18.8945
52  11  16.4632
52  12  14.126
52  13  11.8234
52  14  9.50178
52  15  7.11167
52  16  4.60459
52  17  1.92865
52  18  -0.977868
52  19  -4.19757
52  20  -7.85306
52  21  -12.1456
52  22  -17.4473
52  23  -24.5786
52  24  -36.0386
52  25  -76.1062
53  1  104.862
53  2  61.7338
53  3  49.6485
53  4  42.2035
53  5  36.7263
53  6  32.3448
53  7  28.6625
53  8  25.4617
53  9  22.6033
53  10  19.9872
53  11  17.534
53  12  15.1754
53  13  12.8518
53  14  10.5093
53  15  8.09825
53  16  5.57021
53  17  2.87299
53  18  -0.0554386
53  19  -3.2982
53  20  -6.97863
53  21  -11.2992
53  22  -16.6342
53  23  -23.8084
53  24  -35.3347
53  25  -75.6159
54  1  106.882
54  2  63.427
54  3  51.2526
54  4  43.7522
54  5  38.2334
54  6  33.8178
54  7  30.1061
54  8  26.879
54  9  23.9965
54  10  21.3576
54  11  18.8823
54  12  16.502
54  13  14.157
54  14  11.7936
54  15  9.36173
54  16  6.81284
54  17  4.09461
54  18  1.14474
54  19  -2.12038
54  20  -5.82479
54  21  -10.172
54  22  -15.5384
54  23  -22.7529
54  24  -34.3405
54  25  -74.8165
55  1  108.886
55  2  65.1464
55  3  52.8965
55  4  45.3491
55  5  39.795
55  6  35.3503
55  7  31.614
55  8  28.3644
55  9  25.4615
55  10  22.8033
55  11  20.309
55  12  17.9106
55  13  15.5476
55  14  13.1663
55  15  10.7171
55  16  8.15071
55  17  5.41524
55  18  2.44797
55  19  -0.835023
55  20  -4.55826
55  21  -8.92615
55  22  -14.3165
55  23  -21.5612
55  24  -33.1939
55  25  -73.8082
56  1  110.912
56  2  66.9195
56  3  54.6049
56  4  47.0172
56  5  41.4331
56  6  36.964
56  7  33.2065
56  8  29.9382
56  9  27.0177
56  10  24.3428
56  11  21.8326
56  12  19.4185
56  13  17.0402
56  14  14.6438
56  15  12.1796
56  16  9.59891
56  17  6.84949
56  18  3.86843
56  19  0.571655
56  20  -3.16576
56  21  -7.5487
56  22  -12.9559
56  23  -20.2211
56  24  -31.8833
56  25  -72.5801
57  1  113.134
57  2  68.9048
57  3  56.5327
57  4  48.9097
57  5  43.299
57  6  38.8085
57  7  35.0322
57  8  31.7474
57  9  28.8114
57  10  26.1221
57  11  23.5976
57  12  21.1695
57  13  18.7775
57  14  16.3679
57  15  13.891
57  16  11.2981
57  17  8.53736
57  18  5.54574
57  19  2.23906
57  20  -1.50778
57  21  -5.89991
57  22  -11.3163
57  23  -18.5914
57  24  -30.2648
57  25  -70.9767
58  1  115.282
58  2  70.8655
58  3  58.4532
58  4  50.8057
58  5  45.1769
58  6  40.6714
58  7  36.8825
58  8  33.5859
58  9  30.6394
58  10  27.9395
58  11  25.405
58  12  22.9666
58  13  20.5648
58  14  18.1457
58  15  15.6602
58  16  13.0599
58  17  10.2929
58  18  7.29641
58  19  3.98625
58  20  0.237533
58  21  -4.15464
58  22  -9.56874
58  23  -16.8376
58  24  -28.4959
58  25  -69.1269
59  1  117.271
59  2  72.7265
59  3  60.2939
59  4  52.6349
59  5  46.9971
59  6  42.4845
59  7  38.6895
59  8  35.3874
59  9  32.4352
59  10  29.7298
59  11  27.1894
59  12  24.7453
59  13  22.3378
59  14  19.9138
59  15  17.4245
59  16  14.8218
59  17  12.054
59  18  9.05904
59  19  5.75279
59  20  2.01082
59  21  -2.37093
59  22  -7.76934
59  23  -15.0134
59  24  -26.6257
59  25  -67.0618
60  1  119.2
60  2  74.591
60  3  62.1628
60  4  54.5075
60  5  48.8725
60  6  44.3617
60  7  40.5681
60  8  37.267
60  9  34.3154
60  10  31.6095
60  11  29.0682
60  12  26.6229
60  13  24.2144
60  14  21.7901
60  15  19.302
60  16  16.7028
60  17  13.9415
60  18  10.9559
60  19  7.66338
60  20  3.93996
60  21  -0.416746
60  22  -5.78042
60  23  -12.9727
60  24  -24.4931
60  25  -64.5595
61  1  120.918
61  2  76.3423
61  3  63.9546
61  4  56.3258
61  5  50.7102
61  6  46.2146
61  7  42.4334
61  8  39.1425
61  9  36.1992
61  10  33.4999
61  11  30.9638
61  12  28.5227
61  13  26.1186
61  14  23.7
61  15  21.2201
61  16  18.6322
61  17  15.8862
61  18  12.9215
61  19  9.6558
61  20  5.96704
61  21  1.65574
61  22  -3.64647
61  23  -10.7488
61  24  -22.1116
61  25  -61.5515
62  1  122.308
62  2  77.9308
62  3  65.647
62  4  58.0837
62  5  52.5153
62  6  48.0564
62  7  44.3047
62  8  41.038
62  9  38.114
62  10  35.4301
62  11  32.9063
62  12  30.4759
62  13  28.0825
62  14  25.6767
62  15  23.2129
62  16  20.6469
62  17  17.9296
62  18  15.0019
62  19  11.7837
62  20  8.15556
62  21  3.9228
62  22  -1.27343
62  23  -8.22085
62  24  -19.3118
62  25  -57.6607
63  1  122.949
63  2  79.0373
63  3  66.9539
63  4  59.5142
63  5  54.0333
63  6  49.6402
63  7  45.9386
63  8  42.7101
63  9  39.8142
63  10  37.1505
63  11  34.6406
63  12  32.2211
63  13  29.8384
63  14  27.4464
63  15  25.0026
63  16  22.4649
63  17  19.7865
63  18  16.9105
63  19  13.7597
63  20  10.2191
63  21  6.10134
63  22  1.0622
63  23  -5.65201
63  24  -16.3267
63  25  -52.9444
64  1  122.521
64  2  79.5039
64  3  67.7732
64  4  60.5454
64  5  55.2071
64  6  50.9127
64  7  47.2772
64  8  44.0883
64  9  41.2106
64  10  38.5481
64  11  36.0281
64  12  33.593
64  13  31.1948
64  14  28.7925
64  15  26.3476
64  16  23.821
64  17  21.1693
64  18  18.3375
64  19  15.2523
64  20  11.8046
64  21  7.81715
64  22  2.96602
64  23  -3.4548
64  24  -13.5748
64  25  -47.6734
65  1  121.295
65  2  79.5545
65  3  68.3013
65  4  61.3533
65  5  56.1903
65  6  51.9982
65  7  48.4073
65  8  45.2156
65  9  42.2979
65  10  39.5684
65  11  36.9646
65  12  34.4379
65  13  31.9478
65  14  29.4586
65  15  26.9355
65  16  24.3423
65  17  21.6367
65  18  18.7662
65  19  15.6596
65  20  12.2118
65  21  8.25377
65  22  3.47988
65  23  -2.77211
65  24  -12.481
65  25  -44.1187
66  1  120.103
66  2  79.8636
66  3  69.1699
66  4  62.5593
66  5  57.6042
66  6  53.5184
66  7  49.9474
66  8  46.703
66  9  43.6752
66  10  40.7939
66  11  38.0102
66  12  35.2869
66  13  32.5913
66  14  29.8927
66  15  27.1596
66  16  24.3566
66  17  21.4419
66  18  18.3625
66  19  15.0469
66  20  11.3899
66  21  7.22454
66  22  2.25025
66  23  -4.17459
66  24  -13.942
66  25  -44.1796
67  1  119.362
67  2  80.8227
67  3  70.8394
67  4  64.7449
67  5  60.1748
67  6  56.3442
67  7  52.8957
67  8  49.6473
67  9  46.5047
67  10  43.418
67  11  40.3583
67  12  37.3046
67  13  34.2369
67  14  31.1334
67  15  27.9672
67  16  24.7057
67  17  21.3075
67  18  17.7181
67  19  13.8619
67  20  9.62874
67  21  4.84355
67  22  -0.804635
67  23  -7.97179
67  24  -18.5522
67  25  -48.9862
68  1  118.981
68  2  82.4148
68  3  73.6303
68  4  68.7339
68  5  65.309
68  6  62.4516
68  7  59.7099
68  8  56.8592
68  9  53.8094
68  10  50.5444
68  11  47.0791
68  12  43.4358
68  13  39.6311
68  14  35.6703
68  15  31.5464
68  16  27.2389
68  17  22.7122
68  18  17.9124
68  19  12.7593
68  20  7.13201
68  21  0.83648
68  22  -6.46915
68  23  -15.4939
68  24  -28.2353
68  25  -61.1201
69  1  117.932
69  2  85.527
69  3  82.635
69  4  85.6113
69  5  90.8509
69  6  96.102
69  7  99.8761
69  8  101.419
69  9  100.559
69  10  97.4778
69  11  92.5039
69  12  85.9832
69  13  78.2165
69  14  69.4358
69  15  59.805
69  16  49.4262
69  17  38.3469
69  18  26.5634
69  19  14.0189
69  20  0.590888
69  21  -13.9431
69  22  -29.9889
69  23  -48.3795
69  24  -71.3779
69  25  -116.179
70  1  111.666
70  2  82.9193
70  3  83.4789
70  4  90.2636
70  5  99.2032
70  6  107.602
70  7  113.743
70  8  116.856
70  9  116.87
70  10  114.099
70  11  108.986
70  12  101.955
70  13  93.3564
70  14  83.4434
70  15  72.3816
70  16  60.2574
70  17  47.0877
70  18  32.8233
70  19  17.3436
70  20  0.438886
70  21  -18.2341
70  22  -39.2573
70  23  -63.7422
70  24  -94.4782
70  25  -150.305
71  1  99.4153
71  2  75.7008
71  3  80.3515
71  4  90.8523
71  5  102.753
71  6  113.155
71  7  120.403
71  8  123.949
71  9  123.974
71  10  120.986
71  11  115.554
71  12  108.17
71  13  99.2073
71  14  88.9176
71  15  77.4445
71  16  64.8388
71  17  51.0675
71  18  36.0142
71  19  19.4677
71  20  1.09057
71  21  -19.6463
71  22  -43.6141
71  23  -72.4159
71  24  -109.821
71  25  -177.862
72  1  98.7701
72  2  77.8762
72  3  83.083
72  4  93.0394
72  5  103.604
72  6  112.267
72  7  117.768
72  8  119.847
72  9  118.826
72  10  115.244
72  11  109.632
72  12  102.414
72  13  93.8938
72  14  84.2545
72  15  73.5799
72  16  61.8654
72  17  49.0234
72  18  34.8761
72  19  19.1336
72  20  1.34687
72  21  -19.1927
72  22  -43.6692
72  23  -74.2966
72  24  -116.256
72  25  -196.838
73  1  98.7018
73  2  80.3609
73  3  85.448
73  4  94.0875
73  5  102.652
73  6  109.119
73  7  112.618
73  8  113.117
73  9  111.014
73  10  106.827
73  11  101.019
73  12  93.9424
73  13  85.8277
73  14  76.8015
73  15  66.9005
73  16  56.083
73  17  44.2274
73  18  31.1227
73  19  16.4361
73  20  -0.348516
73  21  -20.0579
73  22  -44.1255
73  23  -75.3257
73  24  -120.426
73  25  -214.065
74  1  101.366
74  2  85.6853
74  3  90.2069
74  4  97.0101
74  5  103.136
74  6  107.101
74  7  108.407
74  8  107.204
74  9  103.926
74  10  99.0406
74  11  92.9337
74  12  85.8766
74  13  78.0333
74  14  69.4771
74  15  60.2065
74  16  50.1506
74  17  39.1688
74  18  27.0323
74  19  13.3868
74  20  -2.3119
74  21  -20.9589
74  22  -44.1508
74  23  -75.1261
74  24  -122.256
74  25  -230.195
75  1  104.334
75  2  91.0471
75  3  94.8188
75  4  99.8264
75  5  103.738
75  6  105.517
75  7  104.951
75  8  102.309
75  9  98.029
75  10  92.5272
75  11  86.1185
75  12  79.0089
75  13  71.3084
75  14  63.0511
75  15  54.2052
75  16  44.6818
75  17  34.329
75  18  22.9109
75  19  10.0725
75  20  -4.74072
75  21  -22.4427
75  22  -44.6986
75  23  -75.0187
75  24  -122.972
75  25  -243.721
76  1  107.493
76  2  96.5093
76  3  99.3772
76  4  102.582
76  5  104.374
76  6  104.112
76  7  101.816
76  8  97.8476
76  9  92.6361
76  10  86.5433
76  11  79.8191
76  12  72.61
76  13  64.9788
76  14  56.9239
76  15  48.3927
76  16  39.2766
76  17  29.419
76  18  18.5793
76  19  6.40697
76  20  -7.6472
76  21  -24.4962
76  22  -45.8232
76  23  -75.2756
76  24  -123.276
76  25  -255.953
77  1  110.727
77  2  101.857
77  3  103.732
77  4  105.198
77  5  105.013
77  6  102.87
77  7  98.9915
77  8  93.8064
77  9  87.7319
77  10  81.0769
77  11  74.0323
77  12  66.6914
77  13  59.0754
77  14  51.1533
77  15  42.8475
77  16  34.0421
77  17  24.5681
77  18  14.1886
77  19  2.5559
77  20  -10.8666
77  21  -26.9787
77  22  -47.4533
77  23  -75.9752
77  24  -123.48
77  25  -266.536
78  1  119.504
78  2  111.991
78  3  111.664
78  4  109.73
78  5  105.654
78  6  99.7228
78  7  92.5381
78  8  84.6794
78  9  76.5558
78  10  68.3937
78  11  60.2813
78  12  52.2168
78  13  44.1435
78  14  35.9695
78  15  27.5752
78  16  18.813
78  17  9.49347
78  18  -0.631768
78  19  -11.9129
78  20  -24.885
78  21  -40.4271
78  22  -60.1898
78  23  -87.8445
78  24  -134.566
78  25  -285.888
79  1  121.926
79  2  115.996
79  3  114.559
79  4  110.963
79  5  105.054
79  6  97.3978
79  7  88.7611
79  8  79.7772
79  9  70.837
79  10  62.1187
79  11  53.6574
79  12  45.4048
79  13  37.2677
79  14  29.1277
79  15  20.8464
79  16  12.2641
79  17  3.18625
79  18  -6.63643
79  19  -17.5508
79  20  -30.0772
79  21  -45.0772
79  22  -64.1641
79  23  -90.9562
79  24  -136.677
79  25  -294.64
80  1  110.952
80  2  107.166
80  3  106.662
80  4  104.526
80  5  100.425
80  6  94.6646
80  7  87.8099
80  8  80.3919
80  9  72.7753
80  10  65.1562
80  11  57.6049
80  12  50.1121
80  13  42.6198
80  14  35.0395
80  15  27.2585
80  16  19.1375
80  17  10.5011
80  18  1.11661
80  19  -9.34372
80  20  -21.379
80  21  -35.8207
80  22  -54.2351
80  23  -80.1607
80  24  -124.731
80  25  -287.609
81  1  114.166
81  2  111.473
81  3  110.077
81  4  106.705
81  5  101.262
81  6  94.2492
81  7  86.3457
81  8  78.1185
81  9  69.9173
81  10  61.9021
81  11  54.1048
81  12  46.482
81  13  38.9499
81  14  31.401
81  15  23.7086
81  16  15.7259
81  17  7.27332
81  18  -1.88138
81  19  -12.0618
81  20  -23.756
81  21  -37.7747
81  22  -55.6443
81  23  -80.8218
81  24  -124.274
81  25  -290.083
82  1  117.699
82  2  115.914
82  3  113.588
82  4  108.955
82  5  102.148
82  6  93.8616
82  7  84.8918
82  8  75.8403
82  9  67.0417
82  10  58.6198
82  11  50.5669
82  12  42.8059
82  13  35.2264
82  14  27.7011
82  15  20.0909
82  16  12.2399
82  17  3.96458
82  18  -4.967
82  19  -14.8739
82  20  -26.233
82  21  -39.8339
82  22  -57.16
82  23  -81.5741
82  24  -123.804
82  25  -291.032
83  1  121.102
83  2  119.91
83  3  116.745
83  4  110.989
83  5  102.967
83  6  93.5443
83  7  83.622
83  8  73.8324
83  9  64.497
83  10  55.7067
83  11  47.4193
83  12  39.5279
83  13  31.8982
83  14  24.3858
83  15  16.8398
83  16  9.09684
83  17  0.969969
83  18  -7.77347
83  19  -17.4482
83  20  -28.5217
83  21  -41.764
83  22  -58.6202
83  23  -82.3638
83  24  -123.467
83  25  -290.554
84  1  124.567
84  2  123.742
84  3  119.771
84  4  112.946
84  5  103.764
84  6  93.2569
84  7  82.4231
84  8  71.9258
84  9  62.0733
84  10  52.9262
84  11  44.4093
84  12  36.3869
84  13  28.7027
84  14  21.1959
84  15  13.7041
84  16  6.0568
84  17  -1.93676
84  18  -10.5091
84  19  -19.9715
84  20  -30.7826
84  21  -43.6946
84  22  -60.1146
84  23  -83.23
84  24  -123.241
84  25  -289.007
85  1  128.358
85  2  127.712
85  3  122.907
85  4  114.976
85  5  104.595
85  6  92.9636
85  7  81.1841
85  8  69.9507
85  9  59.5587
85  10  50.0372
85  11  41.2771
85  12  33.1135
85  13  25.3668
85  14  17.8595
85  15  10.4173
85  16  2.86234
85  17  -5.00016
85  18  -13.4029
85  19  -22.6539
85  20  -33.2023
85  21  -45.7824
85  22  -61.7629
85  23  -84.239
85  24  -123.113
85  25  -286.403
86  1  132.178
86  2  131.524
86  3  125.918
86  4  116.925
86  5  105.39
86  6  92.6761
86  7  79.9843
86  8  68.0394
86  9  57.1241
86  10  47.238
86  11  38.2393
86  12  29.9351
86  13  22.1233
86  14  14.6106
86  15  7.21091
86  16  -0.260542
86  17  -8.00243
86  18  -16.2481
86  19  -25.3021
86  20  -35.6052
86  21  -47.8738
86  22  -63.4405
86  23  -85.3112
86  24  -123.091
86  25  -283.07
87  1  136.04
87  2  135.228
87  3  128.842
87  4  118.815
87  5  106.154
87  6  92.3824
87  7  78.798
87  8  66.156
87  9  54.727
87  10  44.4815
87  11  35.2463
87  12  26.8006
87  13  18.9215
87  14  11.3992
87  15  4.03706
87  16  -3.35712
87  17  -10.9858
87  18  -19.0828
87  19  -27.9491
87  20  -38.0181
87  21  -49.9891
87  22  -65.1588
87  23  -86.4464
87  24  -123.159
87  25  -279.172
88  1  139.579
88  2  138.517
88  3  131.436
88  4  120.488
88  5  106.821
88  6  92.1036
88  7  77.7208
88  8  64.4539
88  9  52.5638
88  10  41.9945
88  11  32.5453
88  12  23.9707
88  13  16.0286
88  14  8.49509
88  15  1.16342
88  16  -6.16479
88  17  -13.6952
88  18  -21.6624
88  19  -30.3649
88  20  -40.2283
88  21  -51.9374
88  22  -66.7574
88  23  -87.5296
88  24  -123.292
88  25  -275.259
89  1  143.363
89  2  141.947
89  3  134.138
89  4  122.223
89  5  107.5
89  6  91.79
89  7  76.5673
89  8  62.6427
89  9  50.2661
89  10  39.3546
89  11  29.6782
89  12  20.9656
89  13  12.9551
89  14  5.40715
89  15  -1.89467
89  16  -9.15607
89  17  -16.5859
89  18  -24.4195
89  19  -32.9525
89  20  -42.6032
89  21  -54.0408
89  22  -68.4972
89  23  -88.7329
89  24  -123.5
89  25  -270.809
90  1  147.134
90  2  145.293
90  3  136.772
90  4  123.907
90  5  108.145
90  6  91.4571
90  7  75.4066
90  8  60.8331
90  9  47.976
90  10  36.726
90  11  26.8237
90  12  17.9736
90  13  9.89336
90  14  2.3293
90  15  -4.94538
90  16  -12.1429
90  17  -19.476
90  18  -27.1802
90  19  -35.5488
90  20  -44.9926
90  21  -56.1656
90  22  -70.2678
90  23  -89.9793
90  24  -123.77
90  25  -266.176
91  1  150.789
91  2  148.484
91  3  139.278
91  4  125.5
91  5  108.74
91  6  91.1109
91  7  74.2634
91  8  59.0646
91  9  45.7437
91  10  34.1662
91  11  24.0453
91  12  15.0609
91  13  6.91198
91  14  -0.669012
91  15  -7.91934
91  16  -15.0572
91  17  -22.2988
91  18  -29.8804
91  19  -38.0924
91  20  -47.3391
91  21  -58.2598
91  22  -72.0233
91  23  -91.2337
91  24  -124.089
91  25  -261.551
92  1  154.346
92  2  151.549
92  3  141.682
92  4  127.02
92  5  109.292
92  6  90.7493
92  7  73.1282
92  8  57.3218
92  9  43.55
92  10  31.6537
92  11  21.3191
92  12  12.2034
92  13  3.98644
92  14  -3.61256
92  15  -10.8406
92  16  -17.9217
92  17  -25.0759
92  18  -32.5398
92  19  -40.6014
92  20  -49.6584
92  21  -60.336
92  22  -73.7734
92  23  -92.5
92  24  -124.451
92  25  -256.961
93  1  157.905
93  2  154.584
93  3  144.057
93  4  128.513
93  5  109.816
93  6  90.3602
93  7  71.9647
93  8  55.5497
93  9  41.3257
93  10  29.109
93  11  18.5599
93  12  9.31121
93  13  1.02519
93  14  -6.59294
93  15  -13.7996
93  16  -20.8252
93  17  -27.8929
93  18  -35.2401
93  19  -43.1527
93  20  -52.0212
93  21  -62.457
93  22  -75.5696
93  23  -93.8145
93  24  -124.865
93  25  -252.31
94  1  161.167
94  2  157.345
94  3  146.214
94  4  129.858
94  5  110.273
94  6  89.9774
94  7  70.87
94  8  53.8951
94  9  39.2547
94  10  26.7432
94  11  15.9958
94  12  6.62421
94  13  -1.72605
94  14  -9.36276
94  15  -16.5506
94  16  -23.5262
94  17  -30.5153
94  18  -37.7563
94  19  -45.5325
94  20  -54.2289
94  21  -64.4437
94  22  -77.2592
94  23  -95.0634
94  24  -125.289
94  25  -248.013
95  1  164.558
95  2  160.197
95  3  148.436
95  4  131.236
95  5  110.723
95  6  89.5516
95  7  69.7007
95  8  52.1408
95  9  37.0653
95  10  24.2452
95  11  13.2901
95  12  3.78956
95  13  -4.62896
95  14  -12.2856
95  15  -19.4548
95  16  -26.3787
95  17  -33.2868
95  18  -40.4176
95  19  -48.0524
95  20  -56.5697
95  21  -66.5548
95  22  -79.0614
95  23  -96.4076
95  24  -125.776
95  25  -243.531
96  1  167.941
96  2  163.029
96  3  150.637
96  4  132.59
96  5  111.147
96  6  89.0958
96  7  68.4987
96  8  50.3516
96  9  34.8388
96  10  21.7082
96  11  10.5437
96  12  0.91293
96  13  -7.57456
96  14  -15.252
96  15  -22.4031
96  16  -29.276
96  17  -36.1031
96  18  -43.1242
96  19  -50.6178
96  20  -58.9564
96  21  -68.7119
96  22  -80.9097
96  23  -97.798
96  24  -126.311
96  25  -239.056
97  1  171.465
97  2  165.966
97  3  152.914
97  4  133.979
97  5  111.56
97  6  88.587
97  7  67.2066
97  8  48.4424
97  9  32.4701
97  10  19.013
97  11  7.6284
97  12  -2.1398
97  13  -10.7004
97  14  -18.4005
97  15  -25.5333
97  16  -32.3533
97  17  -39.0963
97  18  -46.0028
97  19  -53.3489
97  20  -61.5009
97  21  -71.0162
97  22  -82.8914
97  23  -99.3011
97  24  -126.92
97  25  -234.403
98  1  174.546
98  2  168.526
98  3  154.893
98  4  135.176
98  5  111.897
98  6  88.1113
98  7  66.0402
98  8  46.732
98  9  30.3542
98  10  16.6087
98  11  5.02931
98  12  -4.86068
98  13  -13.4863
98  14  -21.2067
98  15  -28.3239
98  16  -35.0978
98  17  -41.7672
98  18  -48.5732
98  19  -55.7901
98  20  -63.7778
98  21  -73.0824
98  22  -84.6739
98  23  -100.663
98  24  -127.498
98  25  -230.35
99  1  177.955
99  2  171.349
99  3  157.07
99  4  136.481
99  5  112.244
99  6  87.5508
99  7  64.7088
99  8  44.793
99  9  27.9621
99  10  13.8942
99  11  2.09702
99  12  -7.92933
99  13  -16.6281
99  14  -24.3718
99  15  -31.472
99  16  -38.195
99  17  -44.783
99  18  -51.4772
99  19  -58.5503
99  20  -66.3557
99  21  -75.4256
99  22  -86.7018
99  23  -102.224
99  24  -128.188
99  25  -225.893
100  1  181.308
100  2  174.121
100  3  159.2
100  4  137.745
100  5  112.556
100  6  86.9621
100  7  63.3541
100  8  42.8342
100  9  25.5528
100  10  11.1642
100  11  -0.850114
100  12  -11.0126
100  13  -19.7844
100  14  -27.5518
100  15  -34.6357
100  16  -41.3087
100  17  -47.8159
100  18  -54.4
100  19  -61.3307
100  20  -68.9553
100  21  -77.7931
100  22  -88.7573
100  23  -103.818
100  24  -128.921
100  25  -221.544
101  1  184.621
101  2  176.853
101  3  161.294
101  4  138.976
101  5  112.836
101  6  86.3424
101  7  61.9693
101  8  40.8462
101  9  23.1144
101  10  8.40481
101  11  -3.82646
101  12  -14.1252
101  13  -22.9708
101  14  -30.7624
101  15  -37.8304
101  16  -44.4538
101  17  -50.881
101  18  -57.3554
101  19  -64.1445
101  20  -71.5895
101  21  -80.1962
101  22  -90.8497
101  23  -105.451
101  24  -129.701
101  25  -217.286
102  1  188.166
102  2  179.773
102  3  163.522
102  4  140.271
102  5  113.102
102  6  85.6355
102  7  60.4341
102  8  38.6575
102  9  20.438
102  10  5.38072
102  11  -7.08637
102  12  -17.5333
102  13  -26.4587
102  14  -34.2772
102  15  -41.3285
102  16  -47.8986
102  17  -54.24
102  18  -60.596
102  19  -67.2326
102  20  -74.4837
102  21  -82.8412
102  22  -93.1599
102  23  -107.266
102  24  -130.599
102  25  -212.782
103  1  191.53
103  2  182.538
103  3  165.625
103  4  141.478
103  5  113.323
103  6  84.9211
103  7  58.9245
103  8  36.52
103  9  17.8315
103  10  2.44
103  11  -10.2537
103  12  -20.8434
103  13  -29.8463
103  14  -37.6906
103  15  -44.7265
103  16  -51.2462
103  17  -57.5052
103  18  -63.7484
103  19  -70.2389
103  20  -77.3045
103  21  -85.4234
103  22  -95.422
103  23  -109.056
103  24  -131.513
103  25  -208.567
104  1  194.723
104  2  185.159
104  3  167.612
104  4  142.604
104  5  113.501
104  6  84.2019
104  7  57.4412
104  8  34.4333
104  9  15.2938
104  10  -0.419354
104  11  -13.3314
104  12  -24.0583
104  13  -33.1361
104  14  -41.006
104  15  -48.0276
104  16  -54.4988
104  17  -60.6793
104  18  -66.8142
104  19  -73.1651
104  20  -80.0531
104  21  -87.9437
104  22  -97.6358
104  23  -110.817
104  24  -132.441
104  25  -204.621
105  1  198.088
105  2  187.918
105  3  169.694
105  4  143.77
105  5  113.656
105  6  83.399
105  7  55.8225
105  8  32.1707
105  9  12.55
105  10  -3.50695
105  11  -16.652
105  12  -27.5263
105  13  -36.6842
105  14  -44.5816
105  15  -51.5881
105  16  -58.0083
105  17  -64.1054
105  18  -70.1255
105  19  -76.3277
105  20  -83.0269
105  21  -90.6748
105  22  -100.041
105  23  -112.743
105  24  -133.483
105  25  -200.528
106  1  201.371
106  2  190.607
106  3  171.715
106  4  144.885
106  5  113.773
106  6  82.5691
106  7  54.1866
106  8  29.8979
106  9  9.80085
106  10  -6.59599
106  11  -19.9721
106  12  -30.9921
106  13  -40.2296
106  14  -48.1547
106  15  -55.1467
106  16  -61.517
106  17  -67.5321
106  18  -73.4392
106  19  -79.4951
106  20  -86.0083
106  21  -93.4172
106  22  -102.463
106  23  -114.694
106  24  -134.567
106  25  -196.605
107  1  204.825
107  2  193.432
107  3  173.83
107  4  146.034
107  5  113.857
107  6  81.6442
107  7  52.4016
107  8  27.4335
107  9  6.82833
107  10  -9.93143
107  11  -23.5543
107  12  -34.7303
107  13  -44.0534
107  14  -52.0083
107  15  -58.9852
107  16  -65.3026
107  17  -71.2309
107  18  -77.0178
107  19  -82.9181
107  20  -89.2338
107  21  -96.3888
107  22  -105.095
107  23  -116.825
107  24  -135.782
107  25  -192.558
108  1  208.28
108  2  196.256
108  3  175.933
108  4  147.158
108  5  113.901
108  6  80.6635
108  7  50.5482
108  8  24.89
108  9  3.76872
108  10  -13.36
108  11  -27.2338
108  12  -38.5685
108  13  -47.9787
108  14  -55.9644
108  15  -62.9266
108  16  -69.1906
108  17  -75.031
108  18  -80.6968
108  19  -86.4399
108  20  -92.5557
108  21  -99.454
108  22  -107.816
108  23  -119.042
108  24  -137.077
108  25  -188.598
109  1  211.792
109  2  199.121
109  3  178.057
109  4  148.273
109  5  113.902
109  6  79.6074
109  7  48.5913
109  8  22.2212
109  9  0.566888
109  10  -16.9428
109  11  -31.0757
109  12  -42.5747
109  13  -52.0752
109  14  -60.0929
109  15  -67.0404
109  16  -73.2501
109  17  -79.0004
109  18  -84.5415
109  19  -90.1231
109  20  -96.0337
109  21  -102.669
109  22  -110.678
109  23  -121.387
109  24  -138.479
109  25  -184.67
110  1  215.129
110  2  201.841
110  3  180.062
110  4  149.306
110  5  113.86
110  6  78.5468
110  7  46.662
110  8  19.6048
110  9  -2.5637
110  10  -20.4413
110  11  -34.8246
110  12  -46.4824
110  13  -56.0703
110  14  -64.1196
110  15  -71.053
110  16  -77.2106
110  17  -82.8747
110  18  -88.296
110  19  -93.7227
110  20  -99.4361
110  21  -105.818
110  22  -113.489
110  23  -123.702
110  24  -139.894
110  25  -181.034
111  1  218.56
111  2  204.635
111  3  182.11
111  4  150.339
111  5  113.772
111  6  77.3942
111  7  44.6018
111  8  16.8268
111  9  -5.87925
111  10  -24.1413
111  11  -38.7867
111  12  -50.6107
111  13  -60.2904
111  14  -68.373
111  15  -75.2925
111  16  -81.396
111  17  -86.9703
111  18  -92.2675
111  19  -97.5326
111  20  -103.041
111  21  -109.159
111  22  -116.478
111  23  -126.178
111  24  -141.438
111  25  -177.398
112  1  222.202
112  2  207.597
112  3  184.269
112  4  151.402
112  5  113.626
112  6  76.0992
112  7  42.3273
112  8  13.7773
112  9  -9.50931
112  10  -28.1868
112  11  -43.1154
112  12  -55.1193
112  13  -64.8985
112  14  -73.0176
112  15  -79.9224
112  16  -85.9683
112  17  -91.4462
112  18  -96.6097
112  19  -101.702
112  20  -106.99
112  21  -112.825
112  22  -119.767
112  23  -128.915
112  24  -143.181
112  25  -173.658
113  1  225.424
113  2  210.215
113  3  186.165
113  4  152.314
113  5  113.449
113  6  74.8893
113  7  40.2363
113  8  10.9889
113  9  -12.8201
113  10  -31.8716
113  11  -47.0552
113  12  -59.2213
113  13  -69.0906
113  14  -77.2428
113  15  -84.1349
113  16  -90.1292
113  17  -95.5212
113  18  -100.565
113  19  -105.502
113  20  -110.593
113  21  -116.175
113  22  -122.779
113  23  -131.435
113  24  -144.815
113  25  -170.458
114  1  228.791
114  2  212.946
114  3  188.131
114  4  153.235
114  5  113.215
114  6  73.5583
114  7  37.9692
114  8  7.98102
114  9  -16.3832
114  10  -35.8324
114  11  -51.2874
114  12  -63.6261
114  13  -73.5914
114  14  -81.7791
114  15  -88.658
114  16  -94.5983
114  17  -99.8994
114  18  -104.817
114  19  -109.589
114  20  -114.472
114  21  -119.787
114  22  -126.034
114  23  -134.171
114  24  -146.618
114  25  -167.228
115  1  232.269
115  2  215.764
115  3  190.146
115  4  154.151
115  5  112.917
115  6  72.1072
115  7  35.5339
115  8  4.7663
115  9  -20.182
115  10  -40.0497
115  11  -55.7904
115  12  -68.311
115  13  -78.3776
115  14  -86.6032
115  15  -93.4689
115  16  -99.3528
115  17  -104.559
115  18  -109.344
115  19  -113.945
115  20  -118.609
115  21  -123.644
115  22  -129.518
115  23  -137.113
115  24  -148.591
115  25  -164.018
116  1  235.866
116  2  218.674
116  3  192.21
116  4  155.06
116  5  112.546
116  6  70.5218
116  7  32.9113
116  8  1.32252
116  9  -24.2416
116  10  -44.5504
116  11  -60.5927
116  12  -73.3056
116  13  -83.4794
116  14  -91.7454
116  15  -98.5976
116  16  -104.423
116  17  -109.529
116  18  -114.176
116  19  -118.596
116  20  -123.031
116  21  -127.773
116  22  -133.256
116  23  -140.285
116  24  -150.752
116  25  -160.841
117  1  239.029
117  2  221.23
117  3  194.01
117  4  155.824
117  5  112.165
117  6  69.0523
117  7  30.5128
117  8  -1.81181
117  9  -27.9279
117  10  -48.6326
117  11  -64.9453
117  12  -77.8306
117  13  -88.1008
117  14  -96.4034
117  15  -103.244
117  16  -109.017
117  17  -114.035
117  18  -118.558
117  19  -122.818
117  20  -127.049
117  21  -131.529
117  22  -136.665
117  23  -143.189
117  24  -152.761
117  25  -158.17
118  1  242.381
118  2  223.934
118  3  195.899
118  4  156.596
118  5  111.702
118  6  67.4147
118  7  27.8724
118  8  -5.24656
118  9  -31.9588
118  10  -53.0908
118  11  -69.6955
118  12  -82.7675
118  13  -93.1424
118  14  -101.485
118  15  -108.313
118  16  -114.03
118  17  -118.954
118  18  -123.344
118  19  -127.432
118  20  -131.443
118  21  -135.642
118  22  -140.405
118  23  -146.389
118  24  -155.004
118  25  -155.471
119  1  245.775
119  2  226.667
119  3  197.791
119  4  157.337
119  5  111.168
119  6  65.6682
119  7  25.0905
119  8  -8.84866
119  9  -36.1761
119  10  -57.7497
119  11  -74.6567
119  12  -87.9218
119  13  -98.4049
119  14  -106.789
119  15  -113.606
119  16  -119.266
119  17  -124.092
119  18  -128.346
119  19  -132.256
119  20  -136.042
119  21  -139.953
119  22  -144.333
119  23  -149.764
119  24  -157.401
119  25  -152.883
120  1  248.964
120  2  229.231
120  3  199.551
120  4  157.993
120  5  110.602
120  6  63.9412
120  7  22.3715
120  8  -12.3539
120  9  -40.2716
120  10  -62.2685
120  11  -79.4653
120  12  -92.9158
120  13  -103.503
120  14  -111.928
120  15  -118.734
120  16  -124.339
120  17  -129.072
120  18  -133.197
120  19  -136.938
120  20  -140.51
120  21  -144.146
120  22  -148.16
120  23  -153.065
120  24  -159.775
120  25  -150.586
121  1  252.319
121  2  231.922
121  3  201.38
121  4  158.639
121  5  109.937
121  6  62.0294
121  7  19.3948
121  8  -16.1749
121  9  -44.7263
121  10  -67.1783
121  11  -84.6866
121  12  -98.3366
121  13  -109.036
121  14  -117.505
121  15  -124.299
121  16  -129.848
121  17  -134.482
121  18  -138.468
121  19  -142.028
121  20  -145.371
121  21  -148.713
121  22  -152.338
121  23  -156.682
121  24  -162.407
121  25  -148.318
122  1  255.686
122  2  234.619
122  3  203.194
122  4  159.241
122  5  109.195
122  6  60.0102
122  7  16.2841
122  8  -20.1509
122  9  -49.3521
122  10  -72.2706
122  11  -90.0987
122  12  -103.954
122  13  -114.769
122  14  -123.283
122  15  -130.067
122  16  -135.556
122  17  -140.09
122  18  -143.934
122  19  -147.311
122  20  -150.419
122  21  -153.463
122  22  -156.691
122  23  -160.464
122  24  -165.19
122  25  -146.196
123  1  259.134
123  2  237.373
123  3  205.025
123  4  159.803
123  5  108.351
123  6  57.8284
123  7  12.9589
123  8  -24.3825
123  9  -54.2646
123  10  -77.6721
123  11  -95.8353
123  12  -109.905
123  13  -120.842
123  14  -129.405
123  15  -136.178
123  16  -141.607
123  17  -146.036
123  18  -149.733
123  19  -152.918
123  20  -155.782
123  21  -158.514
123  22  -161.33
123  23  -164.509
123  24  -168.201
123  25  -144.194
124  1  262.601
124  2  240.136
124  3  206.839
124  4  160.311
124  5  107.412
124  6  55.5125
124  7  9.46643
124  8  -28.8083
124  9  -59.3915
124  10  -83.3032
124  11  -101.812
124  12  -116.104
124  13  -127.166
124  14  -135.779
124  15  -142.541
124  16  -147.909
124  17  -152.231
124  18  -155.778
124  19  -158.767
124  20  -161.382
124  21  -163.794
124  22  -166.187
124  23  -168.761
124  24  -171.399
124  25  -142.359
125  1  266.321
125  2  243.092
125  3  208.752
125  4  160.788
125  5  106.297
125  6  52.8823
125  7  5.54095
125  8  -33.7612
125  9  -65.1166
125  10  -89.5831
125  11  -108.473
125  12  -123.009
125  13  -134.211
125  14  -142.88
125  15  -149.631
125  16  -154.932
125  17  -159.137
125  18  -162.519
125  19  -165.293
125  20  -167.635
125  21  -169.699
125  22  -171.63
125  23  -173.542
125  24  -175.034
125  25  -140.598
126  1  270.253
126  2  246.205
126  3  210.733
126  4  161.209
126  5  104.989
126  6  49.9285
126  7  1.1797
126  8  -39.2392
126  9  -71.4338
126  10  -96.5038
126  11  -115.808
126  12  -130.611
126  13  -141.964
126  14  -150.695
126  15  -157.435
126  16  -162.664
126  17  -166.743
126  18  -169.948
126  19  -172.49
126  20  -174.537
126  21  -176.224
126  22  -177.657
126  23  -178.857
126  24  -179.117
126  25  -138.979
127  1  274.317
127  2  249.41
127  3  212.733
127  4  161.549
127  5  103.486
127  6  46.6716
127  7  -3.57714
127  8  -45.1863
127  9  -78.276
127  10  -103.99
127  11  -123.736
127  12  -138.824
127  13  -150.34
127  14  -159.137
127  15  -165.867
127  16  -171.02
127  17  -174.967
127  18  -177.983
127  19  -180.28
127  20  -182.015
127  21  -183.303
127  22  -184.209
127  23  -184.656
127  24  -183.619
127  25  -137.58
128  1  279.179
128  2  253.224
128  3  215.056
128  4  161.814
128  5  101.468
128  6  42.48
128  7  -9.62832
128  8  -52.7134
128  9  -86.9132
128  10  -113.426
128  11  -133.722
128  12  -149.164
128  13  -160.883
128  14  -169.764
128  15  -176.481
128  16  -181.543
128  17  -185.326
128  18  -188.112
128  19  -190.107
128  20  -191.457
128  21  -192.255
128  22  -192.513
128  23  -192.035
128  24  -189.412
128  25  -136.291
129  1  285.485
129  2  258.134
129  3  217.942
129  4  161.903
129  5  98.4537
129  6  36.5094
129  7  -18.1282
129  8  -63.2217
129  9  -98.9326
129  10  -126.533
129  11  -147.578
129  12  -163.504
129  13  -175.5
129  14  -184.497
129  15  -191.201
129  16  -196.14
129  17  -199.704
129  18  -202.179
129  19  -203.767
129  20  -204.6
129  21  -204.737
129  22  -204.123
129  23  -202.403
129  24  -197.658
129  25  -135.288
130  1  434.849
130  2  281.525
130  3  229.056
130  4  156.002
130  5  73.6432
130  6  -6.3263
130  7  -76.4008
130  8  -133.765
130  9  -178.723
130  10  -212.996
130  11  -238.648
130  12  -257.568
130  13  -271.305
130  14  -281.061
130  15  -287.735
130  16  -291.987
130  17  -294.284
130  18  -294.94
130  19  -294.137
130  20  -291.922
130  21  -288.166
130  22  -282.425
130  23  -273.44
130  24  -256.437
130  25  -144.706
