1  1  112.003
1  2  103.2
1  3  99.5561
1  4  97.0019
1  5  94.8234
1  6  92.7364
1  7  90.575
1  8  88.2145
1  9  85.5453
1  10  82.464
1  11  78.8726
1  12  74.6843
1  13  69.8354
1  14  64.3018
1  15  58.1184
1  16  51.3949
1  17  44.3196
1  18  37.1435
1  19  30.1422
1  20  23.557
1  21  17.5335
1  22  12.0539
1  23  6.83499
1  24  0.958241
1  25  -9.86534
2  1  129.064
2  2  120.497
2  3  117.05
2  4  114.581
2  5  112.402
2  6  110.229
2  7  107.878
2  8  105.198
2  9  102.032
2  10  98.2073
2  11  93.5252
2  12  87.756
2  13  80.6411
2  14  71.9059
2  15  61.2911
2  16  48.6092
2  17  33.8319
2  18  17.1967
2  19  -0.700278
2  20  -18.8908
2  21  -36.1683
2  22  -51.3857
2  23  -63.8639
2  24  -73.9521
2  25  -84.8575
3  1  140.62
3  2  132.065
3  3  128.758
3  4  126.353
3  5  124.175
3  6  121.941
3  7  119.46
3  8  116.562
3  9  113.066
3  10  108.762
3  11  103.395
3  12  96.6503
3  13  88.1491
3  14  77.4412
3  15  64.0238
3  16  47.3915
3  17  27.1459
3  18  3.18366
3  19  -24.0404
3  20  -53.2543
3  21  -82.2958
3  22  -108.437
3  23  -129.166
3  24  -143.188
3  25  -151.572
4  1  147.192
4  2  138.474
4  3  135.219
4  4  132.827
4  5  130.623
4  6  128.322
4  7  125.729
4  8  122.671
4  9  118.961
4  10  114.385
4  11  108.691
4  12  101.579
4  13  92.7038
4  14  81.6816
4  15  68.1295
4  16  51.7342
4  17  32.3703
4  18  10.2686
4  19  -13.8105
4  20  -38.4811
4  21  -61.8452
4  22  -81.8762
4  23  -96.9841
4  24  -106.547
4  25  -112.287
5  1  153.762
5  2  144.642
5  3  141.38
5  4  138.955
5  5  136.678
5  6  134.258
5  7  131.498
5  8  128.223
5  9  124.255
5  10  119.401
5  11  113.452
5  12  106.191
5  13  97.4073
5  14  86.9343
5  15  74.6972
5  16  60.7808
5  17  45.4969
5  18  29.4259
5  19  13.3975
5  20  -1.61669
5  21  -14.6846
5  22  -25.1173
5  23  -32.6244
5  24  -37.4527
5  25  -42.9079
6  1  160.193
6  2  150.32
6  3  146.953
6  4  144.423
6  5  142.008
6  6  139.405
6  7  136.414
6  8  132.868
6  9  128.611
6  10  123.495
6  11  117.389
6  12  110.201
6  13  101.895
6  14  92.5313
6  15  82.2866
6  16  71.4712
6  17  60.5127
6  18  49.9087
6  19  40.1511
6  20  31.6442
6  21  24.6376
6  22  19.1885
6  23  15.1367
6  24  11.9553
6  25  4.91849
7  1  166.293
7  2  155.309
7  3  151.721
7  4  149.012
7  5  146.402
7  6  143.57
7  7  140.316
7  8  136.487
7  9  131.956
7  10  126.631
7  11  120.467
7  12  113.478
7  13  105.761
7  14  97.4995
7  15  88.9595
7  16  80.4615
7  17  72.3405
7  18  64.8953
7  19  58.3458
7  20  52.8068
7  21  48.2785
7  22  44.644
7  23  41.6386
7  24  38.6163
7  25  29.6261
8  1  173.224
8  2  160.572
8  3  156.596
8  4  153.603
8  5  150.719
8  6  147.599
8  7  144.041
8  8  139.906
8  9  135.107
8  10  129.609
8  11  123.438
8  12  116.694
8  13  109.547
8  14  102.227
8  15  94.991
8  16  88.0938
8  17  81.7488
8  18  76.1029
8  19  71.2229
8  20  67.0953
8  21  63.6299
8  22  60.6553
8  23  57.8627
8  24  54.4858
8  25  43.2596
9  1  179.828
9  2  165.353
9  3  160.916
9  4  157.606
9  5  154.442
9  6  151.05
9  7  147.223
9  8  142.838
9  9  137.831
9  10  132.206
9  11  126.034
9  12  119.456
9  13  112.668
9  14  105.896
9  15  99.3688
9  16  93.2808
9  17  87.7722
9  18  82.9144
9  19  78.7104
9  20  75.0992
9  21  71.9615
9  22  69.1036
9  23  66.1833
9  24  62.3179
9  25  49.047
10  1  185.536
10  2  169.407
10  3  164.531
10  4  160.928
10  5  157.519
10  6  153.902
10  7  149.865
10  8  145.288
10  9  140.126
10  10  134.403
10  11  128.214
10  12  121.716
10  13  115.111
10  14  108.617
10  15  102.436
10  16  96.7277
10  17  91.5926
10  18  87.0656
10  19  83.1214
10  20  79.6793
10  21  76.605
10  22  73.6916
10  23  70.5668
10  24  66.2475
10  25  51.2727
11  1  190.112
11  2  172.627
11  3  167.382
11  4  163.536
11  5  159.931
11  6  156.139
11  7  151.942
11  8  147.223
11  9  141.945
11  10  136.144
11  11  129.926
11  12  123.457
11  13  116.938
11  14  110.58
11  15  104.566
11  16  99.0375
11  17  94.0713
11  18  89.6844
11  19  85.8361
11  20  82.4355
11  21  79.3401
11  22  76.3311
11  23  73.0127
11  24  68.3203
11  25  52.0019
12  1  194.32
12  2  175.561
12  3  169.962
12  4  165.886
12  5  162.098
12  6  158.146
12  7  153.806
12  8  148.96
12  9  143.578
12  10  137.702
12  11  131.448
12  12  124.983
12  13  118.508
12  14  112.227
12  15  106.31
12  16  100.883
12  17  96.0084
12  18  91.6893
12  19  87.8755
12  20  84.4686
12  21  81.3186
12  22  78.1972
12  23  74.6846
12  24  69.6407
12  25  52.0818
13  1  197.794
13  2  177.949
13  3  172.046
13  4  167.773
13  5  163.83
13  6  159.745
13  7  155.286
13  8  150.336
13  9  144.867
13  10  138.926
13  11  132.633
13  12  126.158
13  13  119.701
13  14  113.457
13  15  107.59
13  16  102.214
13  17  97.3813
13  18  93.0872
13  19  89.2746
13  20  85.8391
13  21  82.6258
13  22  79.3967
13  23  75.7125
13  24  70.3688
13  25  51.7645
14  1  200.939
14  2  180.07
14  3  173.877
14  4  169.417
14  5  165.328
14  6  161.119
14  7  156.55
14  8  151.504
14  9  145.953
14  10  139.95
14  11  133.615
14  12  127.122
14  13  120.667
14  14  114.44
14  15  108.6
14  16  103.25
14  17  98.4355
14  18  94.1455
14  19  90.3166
14  20  86.8405
14  21  83.5567
14  22  80.219
14  23  76.3688
14  24  70.7412
14  25  51.1552
15  1  203.774
15  2  181.929
15  3  175.457
15  4  170.819
15  5  166.591
15  6  162.264
15  7  157.591
15  8  152.455
15  9  146.827
15  10  140.763
15  11  134.385
15  12  127.867
15  13  121.404
15  14  115.182
15  15  109.352
15  16  104.011
15  17  99.1997
15  18  94.8996
15  19  91.0437
15  20  87.5193
15  21  84.1613
15  22  80.7152
15  23  76.704
15  24  70.8051
15  25  50.2859
16  1  206.361
16  2  183.558
16  3  176.81
16  4  171.996
16  5  167.631
16  6  163.19
16  7  158.417
16  8  153.192
16  9  147.489
16  10  141.363
16  11  134.941
16  12  128.393
16  13  121.914
16  14  115.687
16  15  109.856
16  16  104.513
16  17  99.6934
16  18  95.3733
16  19  91.4821
16  20  87.9034
16  21  84.4673
16  22  80.911
16  23  76.7395
16  24  70.5734
16  25  49.1392
17  1  208.45
17  2  184.801
17  3  177.809
17  4  172.838
17  5  168.353
17  6  163.811
17  7  158.95
17  8  153.647
17  9  147.877
17  10  141.697
17  11  135.232
17  12  128.655
17  13  122.157
17  14  115.918
17  15  110.079
17  16  104.728
17  17  99.8927
17  18  95.5484
17  19  91.6204
17  20  87.9891
17  21  84.4804
17  22  80.8244
17  23  76.5097
17  24  70.1069
17  25  47.8649
18  1  210.402
18  2  185.869
18  3  178.621
18  4  173.487
18  5  168.877
18  6  164.229
18  7  159.276
18  8  153.893
18  9  148.054
18  10  141.816
18  11  135.305
18  12  128.694
18  13  122.172
18  14  115.916
18  15  110.062
18  16  104.695
18  17  99.8385
18  18  95.4636
18  19  91.4927
18  20  87.8026
18  21  84.2154
18  22  80.4533
18  23  75.9882
18  24  69.3378
18  25  46.2534
19  1  211.97
19  2  186.622
19  3  179.137
19  4  173.853
19  5  169.126
19  6  164.382
19  7  159.345
19  8  153.888
19  9  147.984
19  10  141.692
19  11  135.137
19  12  128.492
19  13  121.945
19  14  115.668
19  15  109.797
19  16  104.411
19  17  99.5303
19  18  95.1231
19  19  91.109
19  20  87.3623
19  21  83.7005
19  22  79.839
19  23  75.2339
19  24  68.3546
19  25  44.4929
20  1  213.147
20  2  187.082
20  3  179.389
20  4  173.971
20  5  169.143
20  6  164.314
20  7  159.203
20  8  153.682
20  9  147.722
20  10  141.381
20  11  134.787
20  12  128.11
20  13  121.538
20  14  115.242
20  15  109.352
20  16  103.946
20  17  99.0408
20  18  94.6026
20  19  90.5483
20  20  86.7497
20  21  83.0211
20  22  79.0713
20  23  74.3426
20  24  67.2618
20  25  42.7171
21  1  214.121
21  2  187.341
21  3  179.44
21  4  173.889
21  5  168.959
21  6  164.045
21  7  158.861
21  8  153.275
21  9  147.258
21  10  140.869
21  11  134.235
21  12  127.526
21  13  120.927
21  14  114.609
21  15  108.698
21  16  103.269
21  17  98.3378
21  18  93.8666
21  19  89.7704
21  20  85.9186
21  21  82.1219
21  22  78.0833
21  23  73.2308
21  24  65.9486
21  25  40.7217
22  1  214.846
22  2  187.395
22  3  179.296
22  4  173.621
22  5  168.595
22  6  163.602
22  7  158.349
22  8  152.702
22  9  146.632
22  10  140.198
22  11  133.525
22  12  126.784
22  13  120.159
22  14  113.818
22  15  107.886
22  16  102.434
22  17  97.4761
22  18  92.9721
22  19  88.8354
22  20  84.9326
22  21  81.0713
22  22  76.9484
22  23  71.9793
22  24  64.5075
22  25  38.6402
23  1  215.395
23  2  187.25
23  3  178.949
23  4  173.144
23  5  168.021
23  6  162.945
23  7  157.622
23  8  151.912
23  9  145.787
23  10  139.305
23  11  132.592
23  12  125.818
23  13  119.165
23  14  112.799
23  15  106.843
23  16  101.366
23  17  96.3785
23  18  91.8394
23  19  87.6594
23  20  83.7029
23  21  79.7742
23  22  75.5641
23  23  70.4738
23  24  62.8066
23  25  36.2782
24  1  215.737
24  2  186.907
24  3  178.405
24  4  172.472
24  5  167.251
24  6  162.094
24  7  156.7
24  8  150.929
24  9  144.75
24  10  138.221
24  11  131.467
24  12  124.659
24  13  117.977
24  14  111.586
24  15  105.605
24  16  100.101
24  17  95.0837
24  18  90.5085
24  19  86.2847
24  20  82.2744
24  21  78.2783
24  22  73.9811
24  23  68.7711
24  24  60.91
24  25  33.7277
25  1  215.88
25  2  186.393
25  3  177.699
25  4  171.643
25  5  166.328
25  6  161.095
25  7  155.634
25  8  149.804
25  9  143.572
25  10  136.998
25  11  130.206
25  12  123.364
25  13  116.654
25  14  110.236
25  15  104.231
25  16  98.7009
25  17  93.6536
25  18  89.0431
25  19  84.7765
25  20  80.714
25  21  76.6529
25  22  72.2723
25  23  66.9475
25  24  58.901
25  25  31.0935
26  1  215.846
26  2  185.705
26  3  176.818
26  4  170.64
26  5  165.232
26  6  159.921
26  7  154.393
26  8  148.504
26  9  142.221
26  10  135.601
26  11  128.77
26  12  121.895
26  13  115.155
26  14  108.712
26  15  102.68
26  16  97.1229
26  17  92.0446
26  18  87.3981
26  19  83.0884
26  20  78.9733
26  21  74.8469
26  22  70.3827
26  23  64.9433
26  24  56.7116
26  25  28.2802
27  1  215.65
27  2  184.867
27  3  175.792
27  4  169.494
27  5  163.994
27  6  158.608
27  7  153.015
27  8  147.068
27  9  140.734
27  10  134.07
27  11  127.2
27  12  120.292
27  13  113.523
27  14  107.053
27  15  100.996
27  16  95.411
27  17  90.302
27  18  85.6195
27  19  81.2669
27  20  77.1
27  21  72.9094
27  22  68.3632
27  23  62.811
27  24  54.3981
27  25  25.3561
28  1  215.289
28  2  183.843
28  3  174.572
28  4  168.15
28  5  162.555
28  6  157.091
28  7  151.43
28  8  145.423
28  9  139.037
28  10  132.326
28  11  125.416
28  12  118.473
28  13  111.675
28  14  105.176
28  15  99.0912
28  16  93.4776
28  17  88.3363
28  18  83.6161
28  19  79.2186
28  20  74.9973
28  21  70.7401
28  22  66.1088
28  23  60.4399
28  24  51.8393
28  25  22.1652
29  1  214.807
29  2  182.722
29  3  173.263
29  4  166.722
29  5  161.037
29  6  155.497
29  7  149.771
29  8  143.707
29  9  137.27
29  10  130.515
29  11  123.566
29  12  116.59
29  13  109.761
29  14  103.236
29  15  97.1239
29  16  91.4819
29  17  86.309
29  18  81.5519
29  19  77.1111
29  20  72.8377
29  21  68.5163
29  22  63.8029
29  23  58.0219
29  24  49.2409
29  25  18.9598
30  1  214.268
30  2  181.6
30  3  171.97
30  4  165.319
30  5  159.552
30  6  153.943
30  7  148.158
30  8  142.042
30  9  135.558
30  10  128.763
30  11  121.779
30  12  114.772
30  13  107.916
30  14  101.366
30  15  95.2291
30  16  89.5611
30  17  84.359
30  18  79.5685
30  19  75.0878
30  20  70.7665
30  21  66.3863
30  22  61.5982
30  23  55.7149
30  24  46.7697
30  25  15.9359
31  1  213.65
31  2  180.401
31  3  170.6
31  4  163.84
31  5  157.989
31  6  152.312
31  7  146.468
31  8  140.299
31  9  133.77
31  10  126.934
31  11  119.915
31  12  112.877
31  13  105.994
31  14  99.4182
31  15  93.2569
31  16  87.5625
31  17  82.3312
31  18  77.5068
31  19  72.9864
31  20  68.6172
31  21  64.1784
31  22  59.3156
31  23  53.3303
31  24  44.2212
31  25  12.8359
32  1  212.983
32  2  179.161
32  3  169.191
32  4  162.323
32  5  156.391
32  6  150.646
32  7  144.744
32  8  138.524
32  9  131.949
32  10  125.073
32  11  118.019
32  12  110.952
32  13  104.042
32  14  97.4411
32  15  91.2552
32  16  85.5349
32  17  80.2747
32  18  75.4171
32  19  70.8572
32  20  66.4409
32  21  61.9443
32  22  57.0079
32  23  50.9222
32  24  41.6518
32  25  9.7235
33  1  212.316
33  2  177.95
33  3  167.82
33  4  160.851
33  5  154.841
33  6  149.032
33  7  143.074
33  8  136.806
33  9  130.188
33  10  123.275
33  11  116.188
33  12  109.091
33  13  102.156
33  14  95.5319
33  15  89.3228
33  16  83.578
33  17  78.2903
33  18  73.4011
33  19  68.804
33  20  64.343
33  21  59.7917
33  22  54.7856
33  23  48.6049
33  24  39.1815
33  25  6.73947
34  1  211.627
34  2  176.711
34  3  166.418
34  4  159.346
34  5  153.258
34  6  147.384
34  7  141.37
34  8  135.053
34  9  128.392
34  10  121.44
34  11  114.32
34  12  107.194
34  13  100.234
34  14  93.5858
34  15  87.3531
34  16  81.5835
34  17  76.2682
34  18  71.3471
34  19  66.7125
34  20  62.2062
34  21  57.5995
34  22  52.5231
34  23  46.2461
34  24  36.6683
34  25  3.70702
35  1  210.936
35  2  175.461
35  3  165.003
35  4  157.827
35  5  151.659
35  6  145.719
35  7  139.649
35  8  133.281
35  9  126.576
35  10  119.586
35  11  112.432
35  12  105.278
35  13  98.2914
35  14  91.6195
35  15  85.3632
35  16  79.5686
35  17  74.2256
35  18  69.2722
35  19  64.5994
35  20  60.0476
35  21  55.385
35  22  50.2371
35  23  43.8628
35  24  34.1288
35  25  0.641393
36  1  210.363
36  2  174.403
36  3  163.803
36  4  156.535
36  5  150.298
36  6  144.302
36  7  138.182
36  8  131.772
36  9  125.028
36  10  118.005
36  11  110.822
36  12  103.643
36  13  96.6345
36  14  89.9421
36  15  83.6657
36  16  77.8498
36  17  72.4826
36  18  67.5017
36  19  62.7961
36  20  58.205
36  21  53.4937
36  22  48.2844
36  23  41.8259
36  24  31.9564
36  25  -1.98588
37  1  209.781
37  2  173.286
37  3  162.528
37  4  155.16
37  5  148.847
37  6  142.787
37  7  136.613
37  8  130.155
37  9  123.37
37  10  116.31
37  11  109.096
37  12  101.889
37  13  94.8565
37  14  88.142
37  15  81.8437
37  16  76.0045
37  17  70.6115
37  18  65.6001
37  19  60.8587
37  20  56.2241
37  21  51.4598
37  22  46.1827
37  23  39.6315
37  24  29.6131
37  25  -4.82987
38  1  209.295
38  2  172.285
38  3  161.376
38  4  153.911
38  5  147.525
38  6  141.405
38  7  135.178
38  8  128.674
38  9  121.849
38  10  114.754
38  11  107.51
38  12  100.277
38  13  93.2219
38  14  86.4866
38  15  80.1678
38  16  74.3068
38  17  68.8891
38  18  63.8492
38  19  59.0735
38  20  54.3978
38  21  49.5826
38  22  44.2407
38  23  37.6008
38  24  27.4398
38  25  -7.48292
39  1  208.926
39  2  171.437
39  3  160.387
39  4  152.833
39  5  146.378
39  6  140.202
39  7  133.927
39  8  127.38
39  9  120.518
39  10  113.39
39  11  106.118
39  12  98.8622
39  13  91.7866
39  14  85.0324
39  15  78.6949
39  16  72.814
39  17  67.374
39  18  62.3077
39  19  57.5008
39  20  52.7869
39  21  47.9249
39  22  42.5228
39  23  35.8008
39  24  25.5074
39  25  -9.85996
40  1  208.649
40  2  170.655
40  3  159.457
40  4  151.809
40  5  145.282
40  6  139.046
40  7  132.72
40  8  126.129
40  9  119.227
40  10  112.066
40  11  104.766
40  12  97.4852
40  13  90.3884
40  14  83.615
40  15  77.2587
40  16  71.3578
40  17  65.8948
40  18  60.8015
40  19  55.962
40  20  51.2087
40  21  46.2974
40  22  40.8328
40  23  34.0248
40  24  23.5928
40  25  -12.2403
41  1  208.511
41  2  170.027
41  3  158.684
41  4  150.944
41  5  144.348
41  6  138.054
41  7  131.679
41  8  125.044
41  9  118.104
41  10  110.911
41  11  103.583
41  12  96.2794
41  13  89.1631
41  14  82.372
41  15  75.9982
41  16  70.0786
41  17  64.5942
41  18  59.4751
41  19  54.6047
41  20  49.8134
41  21  44.8553
41  22  39.3301
41  23  32.4387
41  24  21.8732
41  25  -14.4104
42  1  208.52
42  2  169.567
42  3  158.087
42  4  150.259
42  5  143.596
42  6  137.247
42  7  130.824
42  8  124.148
42  9  117.173
42  10  109.949
42  11  102.595
42  12  95.2706
42  13  88.1363
42  14  81.329
42  15  74.9397
42  16  69.003
42  17  63.4988
42  18  58.3562
42  19  53.4569
42  20  48.6301
42  21  43.6274
42  22  38.0448
42  23  31.0749
42  24  20.382
42  25  -16.3292
43  1  208.695
43  2  169.261
43  3  157.641
43  4  149.723
43  5  142.992
43  6  136.586
43  7  130.115
43  8  123.397
43  9  116.385
43  10  109.129
43  11  101.751
43  12  94.4048
43  13  87.2531
43  14  80.4309
43  15  74.0263
43  16  68.0735
43  17  62.5502
43  18  57.3843
43  19  52.4564
43  20  47.5938
43  21  42.5462
43  22  36.906
43  23  29.856
43  24  19.034
43  25  -18.1119
44  1  209.031
44  2  169.146
44  3  157.394
44  4  149.392
44  5  142.596
44  6  136.138
44  7  129.621
44  8  122.864
44  9  115.818
44  10  108.534
44  11  101.132
44  12  93.7678
44  13  86.601
44  14  79.7655
44  15  73.3486
44  16  67.3816
44  17  61.8418
44  18  56.6552
44  19  51.7011
44  20  46.8061
44  21  41.7173
44  22  36.0233
44  23  28.8991
44  24  17.9574
44  25  -19.5925
45  1  209.528
45  2  169.211
45  3  157.332
45  4  149.25
45  5  142.392
45  6  135.883
45  7  129.322
45  8  122.527
45  9  115.449
45  10  108.139
45  11  100.715
45  12  93.3342
45  13  86.1544
45  14  79.308
45  15  72.8803
45  16  66.9016
45  17  61.347
45  18  56.1418
45  19  51.1638
45  20  46.2386
45  21  41.1111
45  22  35.3664
45  23  28.172
45  24  17.1162
45  25  -20.8173
46  1  210.22
46  2  169.467
46  3  157.461
46  4  149.298
46  5  142.379
46  6  135.818
46  7  129.213
46  8  122.38
46  9  115.27
46  10  107.934
46  11  100.49
46  12  93.0931
46  13  85.9017
46  14  79.0459
46  15  72.6093
46  16  66.6204
46  17  61.0527
46  18  55.8302
46  19  50.8297
46  20  45.8749
46  21  40.7096
46  22  34.9151
46  23  27.6509
46  24  16.4819
46  25  -21.8328
47  1  211.095
47  2  169.918
47  3  157.789
47  4  149.547
47  5  142.567
47  6  135.957
47  7  129.31
47  8  122.44
47  9  115.299
47  10  107.938
47  11  100.476
47  12  93.0658
47  13  85.8652
47  14  79.0023
47  15  72.5592
47  16  66.5623
47  17  60.984
47  18  55.7464
47  19  50.7255
47  20  45.7436
47  21  40.5427
47  22  34.701
47  23  27.3705
47  24  16.0935
47  25  -22.5855
48  1  212.127
48  2  170.548
48  3  158.302
48  4  149.985
48  5  142.948
48  6  136.291
48  7  129.603
48  8  122.699
48  9  115.53
48  10  108.146
48  11  100.667
48  12  93.2466
48  13  86.0394
48  14  79.1724
48  15  72.7255
48  16  66.7237
48  17  61.1374
48  18  55.8877
48  19  50.8491
48  20  45.843
48  21  40.6099
48  22  34.7246
48  23  27.3328
48  24  15.9552
48  25  -23.0628
49  1  213.412
49  2  171.419
49  3  159.053
49  4  150.66
49  5  143.565
49  6  136.858
49  7  130.129
49  8  123.19
49  9  115.992
49  10  108.587
49  11  101.093
49  12  93.6638
49  13  86.4525
49  14  79.5844
49  15  73.1371
49  16  67.1333
49  17  61.5415
49  18  56.2818
49  19  51.2274
49  20  46.1987
49  21  40.9342
49  22  35.006
49  23  27.5528
49  24  16.0745
49  25  -23.2833
50  1  214.737
50  2  172.382
50  3  159.913
50  4  151.453
50  5  144.306
50  6  137.557
50  7  130.792
50  8  123.822
50  9  116.6
50  10  109.178
50  11  101.673
50  12  94.2387
50  13  87.027
50  14  80.1612
50  15  73.7168
50  16  67.7146
50  17  62.1213
50  18  56.8558
50  19  51.79
50  20  46.7436
50  21  41.4534
50  22  35.4897
50  23  27.9852
50  24  16.4219
50  25  -23.2231
51  1  216.286
51  2  173.566
51  3  160.992
51  4  152.464
51  5  145.266
51  6  138.474
51  7  131.672
51  8  124.673
51  9  117.428
51  10  109.989
51  11  102.476
51  12  95.0394
51  13  87.8312
51  14  80.9721
51  15  74.5349
51  16  68.5384
51  17  62.9476
51  18  57.6795
51  19  52.6053
51  20  47.5439
51  21  42.2306
51  22  36.2333
51  23  28.6794
51  24  17.034
51  25  -22.8891
52  1  217.84
52  2  174.8
52  3  162.134
52  4  153.548
52  5  146.304
52  6  139.474
52  7  132.641
52  8  125.615
52  9  118.351
52  10  110.9
52  11  103.382
52  12  95.9479
52  13  88.7471
52  14  81.8982
52  15  75.4722
52  16  69.4853
52  17  63.9006
52  18  58.6342
52  19  53.5563
52  20  48.4844
52  21  43.1534
52  22  37.1292
52  23  29.5349
52  24  17.8211
52  25  -22.3333
53  1  219.584
53  2  176.225
53  3  163.469
53  4  154.825
53  5  147.536
53  6  140.669
53  7  133.804
53  8  126.753
53  9  119.471
53  10  112.01
53  11  104.491
53  12  97.0641
53  13  89.8759
53  14  83.0434
53  15  76.6344
53  16  70.6626
53  17  65.0897
53  18  59.8296
53  19  54.7522
53  20  49.6739
53  21  44.3289
53  22  38.2811
53  23  30.65
53  24  18.8737
53  25  -21.4929
54  1  221.619
54  2  177.932
54  3  165.086
54  4  156.382
54  5  149.047
54  6  142.141
54  7  135.244
54  8  128.168
54  9  120.87
54  10  113.403
54  11  105.888
54  12  98.4751
54  13  91.3081
54  14  84.501
54  15  78.1184
54  16  72.1709
54  17  66.6178
54  18  61.3716
54  19  56.3008
54  20  51.2215
54  21  45.8669
54  22  39.8001
54  23  32.1367
54  24  20.3032
54  25  -20.2566
55  1  223.639
55  2  179.667
55  3  166.742
55  4  157.987
55  5  150.611
55  6  143.672
55  7  136.747
55  8  129.651
55  9  122.341
55  10  114.874
55  11  107.37
55  12  99.9774
55  13  92.8391
55  14  86.0652
55  15  79.7169
55  16  73.8015
55  17  68.2755
55  18  63.0503
55  19  57.993
55  20  52.9196
55  21  47.5632
55  22  41.4858
55  23  33.8007
55  24  21.9268
55  25  -18.7699
56  1  225.682
56  2  181.456
56  3  168.463
56  4  159.663
56  5  152.252
56  6  145.282
56  7  138.333
56  8  131.22
56  9  123.904
56  10  116.443
56  11  108.957
56  12  101.594
56  13  94.4945
56  14  87.7643
56  15  81.4604
56  16  75.5869
56  17  70.0977
56  18  64.9024
56  19  59.8673
56  20  54.808
56  21  49.4576
56  22  43.378
56  23  35.6822
56  24  23.7843
56  25  -16.9931
57  1  227.924
57  2  183.459
57  3  170.405
57  4  161.564
57  5  154.118
57  6  147.12
57  7  140.148
57  8  133.023
57  9  125.707
57  10  118.261
57  11  110.806
57  12  103.489
57  13  96.4465
57  14  89.779
57  15  83.5392
57  16  77.7265
57  17  72.2913
57  18  67.1412
57  19  62.1422
57  20  57.1095
57  21  51.777
57  22  45.7073
57  23  38.0141
57  24  26.1117
57  25  -14.6784
58  1  230.092
58  2  185.438
58  3  172.339
58  4  163.467
58  5  155.993
58  6  148.972
58  7  141.984
58  8  134.853
58  9  127.546
58  10  120.126
58  11  112.717
58  12  105.463
58  13  98.4956
58  14  91.9107
58  15  85.7541
58  16  80.0203
58  17  74.6564
58  18  69.5677
58  19  64.6193
58  20  59.6273
58  21  54.3265
58  22  48.2819
58  23  40.6093
58  24  28.7301
58  25  -11.9763
59  1  232.099
59  2  187.316
59  3  174.191
59  4  165.298
59  5  157.806
59  6  150.767
59  7  143.77
59  8  136.642
59  9  129.354
59  10  121.976
59  11  114.631
59  12  107.46
59  13  100.59
59  14  94.111
59  15  88.0605
59  16  82.4275
59  17  77.1547
59  18  72.1458
59  19  67.2653
59  20  62.3302
59  21  57.0773
59  22  51.0746
59  23  43.444
59  24  31.6201
59  25  -8.8883
60  1  234.044
60  2  189.193
60  3  176.065
60  4  167.164
60  5  159.661
60  6  152.613
60  7  145.614
60  8  138.5
60  9  131.251
60  10  123.94
60  11  116.69
60  12  109.642
60  13  102.912
60  14  96.5817
60  15  90.6798
60  16  85.1875
60  17  80.0429
60  18  75.1466
60  19  70.3636
60  20  65.5127
60  21  60.3338
60  22  54.4002
60  23  46.8437
60  24  35.1241
60  25  -5.01055
61  1  235.762
61  2  190.94
61  3  177.844
61  4  168.953
61  5  161.452
61  6  154.406
61  7  147.419
61  8  140.34
61  9  133.158
61  10  125.953
61  11  118.85
61  12  111.982
61  13  105.455
61  14  99.3369
61  15  93.6447
61  16  88.3502
61  17  83.3848
61  18  78.6476
61  19  74.0033
61  20  69.2743
61  21  64.2056
61  22  58.3792
61  23  50.942
61  24  39.3961
61  25  -0.106244
62  1  237.097
62  2  192.469
62  3  179.462
62  4  170.615
62  5  163.137
62  6  156.113
62  7  149.166
62  8  142.163
62  9  135.11
62  10  128.094
62  11  121.239
62  12  114.665
62  13  108.462
62  14  102.676
62  15  97.3081
62  16  92.3151
62  17  87.6223
62  18  83.1258
62  19  78.6932
62  20  74.1516
62  21  69.2556
62  22  63.601
62  23  56.3613
62  24  45.1106
62  25  6.70708
63  1  237.5
63  2  193.331
63  3  180.505
63  4  171.756
63  5  164.342
63  6  157.384
63  7  150.535
63  8  143.691
63  9  136.88
63  10  130.195
63  11  123.752
63  12  117.648
63  13  111.943
63  14  106.656
63  15  101.76
63  16  97.2006
63  17  92.8936
63  18  88.7351
63  19  84.598
63  20  80.3192
63  21  75.6674
63  22  70.2603
63  23  63.3115
63  24  52.5092
63  25  15.8477
64  1  236.228
64  2  192.948
64  3  180.462
64  4  171.917
64  5  164.665
64  6  157.884
64  7  151.28
64  8  144.788
64  9  138.455
64  10  132.369
64  11  126.617
64  12  121.254
64  13  116.294
64  14  111.717
64  15  107.472
64  16  103.488
64  17  99.6801
64  18  95.9485
64  19  92.1777
64  20  88.2204
64  21  83.8662
64  22  78.7631
64  23  72.1825
64  24  61.9754
64  25  27.8471
65  1  232.932
65  2  190.941
65  3  178.977
65  4  170.807
65  5  163.911
65  6  157.539
65  7  151.447
65  8  145.593
65  9  140.017
65  10  134.774
65  11  129.9
65  12  125.397
65  13  121.237
65  14  117.372
65  15  113.738
65  16  110.262
65  17  106.868
65  18  103.468
65  19  99.9615
65  20  96.2186
65  21  92.0497
65  22  87.1314
65  23  80.7877
65  24  71.0292
65  25  39.3743
66  1  228.278
66  2  187.845
66  3  176.607
66  4  169.077
66  5  162.857
66  6  157.24
66  7  151.988
66  8  147.04
66  9  142.392
66  10  138.047
66  11  133.996
66  12  130.209
66  13  126.642
66  14  123.243
66  15  119.955
66  16  116.72
66  17  113.471
66  18  110.138
66  19  106.632
66  20  102.835
66  21  98.5702
66  22  93.528
66  23  87.0602
66  24  77.2695
66  25  47.0239
67  1  223.14
67  2  184.52
67  3  174.315
67  4  167.853
67  5  162.792
67  6  158.39
67  7  154.341
67  8  150.511
67  9  146.838
67  10  143.29
67  11  139.845
67  12  136.476
67  13  133.157
67  14  129.854
67  15  126.533
67  16  123.152
67  17  119.663
67  18  116.004
67  19  112.096
67  20  107.826
67  21  103.014
67  22  97.3471
67  23  90.1685
67  24  79.582
67  25  49.1459
68  1  218.332
68  2  181.845
68  3  173.277
68  4  168.731
68  5  165.762
68  6  163.419
68  7  161.198
68  8  158.834
68  9  156.214
68  10  153.311
68  11  150.142
68  12  146.736
68  13  143.118
68  14  139.302
68  15  135.291
68  16  131.069
68  17  126.608
68  18  121.857
68  19  116.74
68  20  111.14
68  21  104.863
68  22  97.5703
68  23  88.5537
68  24  75.8165
68  25  42.9334
69  1  212.938
69  2  180.816
69  3  178.696
69  4  182.902
69  5  189.7
69  6  196.654
69  7  202.103
69  8  205.165
69  9  205.61
69  10  203.604
69  11  199.492
69  12  193.65
69  13  186.412
69  14  178.039
69  15  168.72
69  16  158.58
69  17  147.681
69  18  136.032
69  19  123.588
69  20  110.233
69  21  95.7503
69  22  79.7396
69  23  61.3711
69  24  38.3846
69  25  -6.41241
70  1  203.494
70  2  175.22
70  3  177.064
70  4  185.865
70  5  197.315
70  6  208.4
70  7  217.125
70  8  222.535
70  9  224.487
70  10  223.289
70  11  219.421
70  12  213.363
70  13  205.516
70  14  196.179
70  15  185.556
70  16  173.766
70  17  160.848
70  18  146.772
70  19  131.432
70  20  114.629
70  21  96.0277
70  22  75.0534
70  23  50.5993
70  24  19.88
70  25  -35.9408
71  1  188.651
71  2  165.606
71  3  172.062
71  4  185.365
71  5  200.7
71  6  214.713
71  7  225.372
71  8  231.904
71  9  234.409
71  10  233.412
71  11  229.543
71  12  223.37
71  13  215.337
71  14  205.758
71  15  194.825
71  16  182.628
71  17  169.165
71  18  154.342
71  19  137.966
71  20  119.713
71  21  99.0634
71  22  75.155
71  23  46.3907
71  24  9.00552
71  25  -59.0279
72  1  186.11
72  2  166.07
72  3  173.568
72  4  187.051
72  5  201.883
72  6  214.971
72  7  224.595
72  8  230.236
72  9  232.145
72  10  230.894
72  11  227.099
72  12  221.283
72  13  213.833
72  14  205.009
72  15  194.953
72  16  183.706
72  17  171.216
72  18  157.332
72  19  141.783
72  20  124.138
72  21  103.698
72  22  79.289
72  23  48.7043
72  24  6.76842
72  25  -73.8056
73  1  184.76
73  2  167.437
73  3  175.245
73  4  188.043
73  5  201.59
73  6  213.171
73  7  221.385
73  8  225.921
73  9  227.112
73  10  225.529
73  11  221.743
73  12  216.217
73  13  209.285
73  14  201.157
73  15  191.937
73  16  181.633
73  17  170.164
73  18  157.347
73  19  142.874
73  20  126.244
73  21  106.642
73  22  82.6501
73  23  51.4957
73  24  6.42171
73  25  -87.2088
74  1  186.504
74  2  171.999
74  3  179.653
74  4  191.213
74  5  202.996
74  6  212.716
74  7  219.283
74  8  222.552
74  9  222.899
74  10  220.866
74  11  216.964
74  12  211.593
74  13  205.033
74  14  197.451
74  15  188.916
74  16  179.416
74  17  168.851
74  18  157.025
74  19  143.61
74  20  128.078
74  21  109.547
74  22  86.4362
74  23  55.5119
74  24  8.408
74  25  -99.5211
75  1  188.885
75  2  176.906
75  3  184.152
75  4  194.413
75  5  204.536
75  6  212.595
75  7  217.735
75  8  219.918
75  9  219.532
75  10  217.084
75  11  213.029
75  12  207.716
75  13  201.38
75  14  194.157
75  15  186.092
75  16  177.158
75  17  167.247
75  18  156.159
75  19  143.563
75  20  128.927
75  21  111.35
75  22  89.1779
75  23  58.9112
75  24  10.9857
75  25  -109.752
76  1  191.584
76  2  182.03
76  3  188.688
76  4  197.606
76  5  206.122
76  6  212.623
76  7  216.444
76  8  217.626
76  9  216.557
76  10  213.704
76  11  209.471
76  12  204.161
76  13  197.971
76  14  191.007
76  15  183.297
76  16  174.803
76  17  165.41
76  18  154.917
76  19  143.001
76  20  129.132
76  21  112.415
76  22  91.1771
76  23  61.781
76  24  13.8105
76  25  -118.857
77  1  194.393
77  2  187.066
77  3  193.027
77  4  200.633
77  5  207.647
77  6  212.719
77  7  215.34
77  8  215.61
77  9  213.91
77  10  210.67
77  11  206.246
77  12  200.901
77  13  194.798
77  14  188.019
77  15  180.577
77  16  172.421
77  17  163.435
77  18  153.419
77  19  142.054
77  20  128.825
77  21  112.85
77  22  92.4701
77  23  64.0067
77  24  16.5335
77  25  -126.511
78  1  159.271
78  2  154.396
78  3  161.046
78  4  169.573
78  5  177.729
78  6  184.018
78  7  187.81
78  8  189.14
78  9  188.372
78  10  185.939
78  11  182.221
78  12  177.498
78  13  171.956
78  14  165.694
78  15  158.743
78  16  151.066
78  17  142.562
78  18  133.043
78  19  122.209
78  20  109.563
78  21  94.2504
78  22  74.6427
78  23  47.085
78  24  0.418144
78  25  -150.886
79  1  173.172
79  2  169.69
79  3  174.723
79  4  180.81
79  5  186.194
79  6  189.791
79  7  191.238
79  8  190.678
79  9  188.468
79  10  184.986
79  11  180.536
79  12  175.331
79  13  169.501
79  14  163.104
79  15  156.137
79  16  148.544
79  17  140.207
79  18  130.937
79  19  120.43
79  20  108.199
79  21  93.4076
79  22  74.4623
79  23  47.7593
79  24  2.08737
79  25  -155.859
80  1  250.952
80  2  247.542
80  3  248.032
80  4  247.38
80  5  245.007
80  6  240.964
80  7  235.645
80  8  229.508
80  9  222.913
80  10  216.088
80  11  209.144
80  12  202.113
80  13  194.97
80  14  187.653
80  15  180.071
80  16  172.099
80  17  163.575
80  18  154.274
80  19  143.875
80  20  131.885
80  21  117.474
80  22  99.0813
80  23  73.1692
80  24  28.6058
80  25  -134.27
81  1  258.467
81  2  256.125
81  3  255.659
81  4  253.673
81  5  249.842
81  6  244.428
81  7  237.952
81  8  230.914
81  9  223.66
81  10  216.38
81  11  209.145
81  12  201.95
81  13  194.74
81  14  187.435
81  15  179.926
81  16  172.082
81  17  163.733
81  18  154.655
81  19  144.532
81  20  132.879
81  21  118.889
81  22  101.039
81  23  75.8743
81  24  32.4286
81  25  -133.378
82  1  265.483
82  2  264.049
82  3  262.651
82  4  259.402
82  5  254.201
82  6  247.505
82  7  239.953
82  8  232.08
82  9  224.221
82  10  216.527
82  11  209.03
82  12  201.691
82  13  194.431
82  14  187.147
82  15  179.718
82  16  172.003
82  17  163.83
82  18  154.975
82  19  145.124
82  20  133.805
82  21  120.233
82  22  102.927
82  23  78.5251
82  24  36.3018
82  25  -130.925
83  1  271.354
83  2  270.531
83  3  268.336
83  4  264.027
83  5  257.681
83  6  249.917
83  7  241.472
83  8  232.909
83  9  224.549
83  10  216.515
83  11  208.806
83  12  201.352
83  13  194.054
83  14  186.791
83  15  179.433
83  16  171.832
83  17  163.811
83  18  155.146
83  19  145.53
83  20  134.499
83  21  121.286
83  22  104.45
83  23  80.7196
83  24  39.6238
83  25  -127.462
84  1  276.751
84  2  276.321
84  3  273.391
84  4  268.114
84  5  260.726
84  6  251.992
84  7  242.734
84  8  233.546
84  9  224.733
84  10  216.392
84  11  208.49
84  12  200.934
84  13  193.602
84  14  186.361
84  15  179.07
84  16  171.573
84  17  163.692
84  18  155.204
84  19  145.804
84  20  135.037
84  21  122.157
84  22  105.758
84  23  82.6567
84  24  42.653
84  25  -123.111
85  1  282.231
85  2  282.016
85  3  278.344
85  4  272.099
85  5  263.668
85  6  253.963
85  7  243.894
85  8  234.08
85  9  224.815
85  10  216.166
85  11  208.073
85  12  200.414
85  13  193.049
85  14  185.829
85  15  178.603
85  16  171.211
85  17  163.471
85  18  155.159
85  19  145.975
85  20  135.475
85  21  122.929
85  22  106.972
85  23  84.5105
85  24  45.6438
85  25  -117.643
86  1  287.478
86  2  287.294
86  3  282.924
86  4  275.769
86  5  266.356
86  6  255.738
86  7  244.906
86  8  234.502
86  9  224.811
86  10  215.872
86  11  207.596
86  12  199.839
86  13  192.441
86  14  185.24
86  15  178.075
86  16  170.78
86  17  163.17
86  18  155.023
86  19  146.042
86  20  135.791
86  21  123.56
86  22  108.018
86  23  86.1636
86  24  48.3925
86  25  -111.584
87  1  292.624
87  2  292.323
87  3  287.279
87  4  279.248
87  5  268.89
87  6  257.39
87  7  245.822
87  8  234.849
87  9  224.745
87  10  215.524
87  11  207.07
87  12  199.217
87  13  191.785
87  14  184.599
87  15  177.491
87  16  170.288
87  17  162.802
87  18  154.812
87  19  146.023
87  20  136.012
87  21  124.081
87  22  108.938
87  23  87.6678
87  24  50.9642
87  25  -105.045
88  1  297.267
88  2  296.753
88  3  291.113
88  4  282.304
88  5  271.106
88  6  258.823
88  7  246.598
88  8  235.117
88  9  224.644
88  10  215.171
88  11  206.557
88  12  198.616
88  13  191.151
88  14  183.978
88  15  176.918
88  16  169.793
88  17  162.416
88  18  154.562
88  19  145.944
88  20  136.141
88  21  124.475
88  22  109.684
88  23  88.93
88  24  53.178
88  25  -98.7855
89  1  302.204
89  2  301.375
89  3  295.11
89  4  285.486
89  5  273.407
89  6  260.299
89  7  247.384
89  8  235.368
89  9  224.505
89  10  214.764
89  11  205.98
89  12  197.943
89  13  190.443
89  14  183.28
89  15  176.267
89  16  169.224
89  17  161.957
89  18  154.244
89  19  145.801
89  20  136.215
89  21  124.823
89  22  110.398
89  23  90.1818
89  24  55.4256
89  25  -91.8803
90  1  307.133
90  2  305.917
90  3  299.038
90  4  288.61
90  5  275.659
90  6  261.738
90  7  248.138
90  8  235.592
90  9  224.342
90  10  214.334
90  11  205.378
90  12  197.245
90  13  189.706
90  14  182.55
90  15  175.582
90  16  168.615
90  17  161.455
90  18  153.88
90  19  145.606
90  20  136.231
90  21  125.107
90  22  111.037
90  23  91.3465
90  24  57.567
90  25  -84.8356
91  1  311.942
91  2  310.296
91  3  302.826
91  4  291.621
91  5  277.827
91  6  263.116
91  7  248.852
91  8  235.79
91  9  224.163
91  10  213.894
91  11  204.77
91  12  196.541
91  13  188.962
91  14  181.81
91  15  174.884
91  16  167.989
91  17  160.929
91  18  153.483
91  19  145.371
91  20  136.197
91  21  125.327
91  22  111.598
91  23  92.4098
91  24  59.5663
91  25  -77.8919
92  1  316.669
92  2  314.564
92  3  306.517
92  4  294.555
92  5  279.936
92  6  264.453
92  7  249.539
92  8  235.971
92  9  223.972
92  10  213.446
92  11  204.156
92  12  195.83
92  13  188.21
92  14  181.06
92  15  174.171
92  16  167.344
92  17  160.381
92  18  153.058
92  19  145.101
92  20  136.12
92  21  125.496
92  22  112.095
92  23  93.3912
92  24  61.4522
92  25  -71.0537
93  1  321.458
93  2  318.861
93  3  310.235
93  4  297.508
93  5  282.058
93  6  265.794
93  7  250.223
93  8  236.142
93  9  223.767
93  10  212.979
93  11  203.518
93  12  195.093
93  13  187.429
93  14  180.279
93  15  173.425
93  16  166.664
93  17  159.795
93  18  152.596
93  19  144.792
93  20  136.003
93  21  125.623
93  22  112.548
93  23  94.3266
93  24  63.2891
93  25  -64.1512
94  1  325.908
94  2  322.836
94  3  313.675
94  4  300.241
94  5  284.02
94  6  267.032
94  7  250.85
94  8  236.292
94  9  223.566
94  10  212.533
94  11  202.913
94  12  194.394
94  13  186.687
94  14  179.535
94  15  172.712
94  16  166.011
94  17  159.227
94  18  152.139
94  19  144.475
94  20  135.861
94  21  125.704
94  22  112.927
94  23  95.1476
94  24  64.9351
94  25  -57.7845
95  1  330.599
95  2  327.015
95  3  317.293
95  4  303.115
95  5  286.082
95  6  268.33
95  7  251.503
95  8  236.442
95  9  223.345
95  10  212.052
95  11  202.261
95  12  193.641
95  13  185.887
95  14  178.732
95  15  171.939
95  16  165.299
95  17  158.603
95  18  151.63
95  19  144.112
95  20  135.679
95  21  125.753
95  22  113.287
95  23  95.9661
95  24  66.6113
95  25  -51.1392
96  1  335.351
96  2  331.24
96  3  320.952
96  4  306.021
96  5  288.165
96  6  269.639
96  7  252.158
96  8  236.585
96  9  223.11
96  10  211.553
96  11  201.588
96  12  192.864
96  13  185.061
96  14  177.899
96  15  171.136
96  16  164.555
96  17  157.946
96  18  151.088
96  19  143.714
96  20  135.462
96  21  125.768
96  22  113.612
96  23  96.7498
96  24  68.2514
96  25  -44.4894
97  1  340.38
97  2  335.706
97  3  324.82
97  4  309.092
97  5  290.365
97  6  271.019
97  7  252.845
97  8  236.728
97  9  222.851
97  10  211.012
97  11  200.86
97  12  192.024
97  13  184.167
97  14  176.997
97  15  170.263
97  16  163.743
97  17  157.225
97  18  150.485
97  19  143.262
97  20  135.2
97  21  125.747
97  22  113.915
97  23  97.5321
97  24  69.9284
97  25  -37.5506
98  1  344.848
98  2  339.67
98  3  328.254
98  4  311.819
98  5  292.317
98  6  272.241
98  7  253.448
98  8  236.847
98  9  222.611
98  10  210.52
98  11  200.2
98  12  191.263
98  13  183.357
98  14  176.178
98  15  169.469
98  16  163.001
98  17  156.561
98  18  149.926
98  19  142.835
98  20  134.939
98  21  125.699
98  22  114.151
98  23  98.1888
98  24  71.3695
98  25  -31.4782
99  1  349.864
99  2  344.122
99  3  332.111
99  4  314.88
99  5  294.507
99  6  273.608
99  7  254.119
99  8  236.971
99  9  222.33
99  10  209.953
99  11  199.444
99  12  190.392
99  13  182.428
99  14  175.238
99  15  168.554
99  16  162.145
99  17  155.791
99  18  149.271
99  19  142.327
99  20  134.615
99  21  125.611
99  22  114.379
99  23  98.885
99  24  72.9367
99  25  -24.7637
100  1  354.878
100  2  348.572
100  3  335.967
100  4  317.939
100  5  296.692
100  6  274.969
100  7  254.781
100  8  237.084
100  9  222.036
100  10  209.372
100  11  198.671
100  12  189.502
100  13  181.479
100  14  174.276
100  15  167.617
100  16  161.264
100  17  154.995
100  18  148.589
100  19  141.79
100  20  134.26
100  21  125.49
100  22  114.571
100  23  99.5392
100  24  74.4511
100  25  -18.1658
101  1  359.909
101  2  353.039
101  3  339.836
101  4  321.008
101  5  298.882
101  6  276.329
101  7  255.437
101  8  237.187
101  9  221.728
101  10  208.773
101  11  197.877
101  12  188.589
101  13  180.506
101  14  173.289
101  15  166.653
101  16  160.354
101  17  154.17
101  18  147.877
101  19  141.221
101  20  133.873
101  21  125.335
101  22  114.727
101  23  100.155
101  24  75.9209
101  25  -11.659
102  1  365.377
102  2  357.896
102  3  344.045
102  4  324.344
102  5  301.259
102  6  277.8
102  7  256.139
102  8  237.284
102  9  221.375
102  10  208.102
102  11  196.993
102  12  187.574
102  13  179.423
102  14  172.188
102  15  165.576
102  16  159.336
102  17  153.242
102  18  147.07
102  19  140.569
102  20  133.417
102  21  125.129
102  22  114.857
102  23  100.78
102  24  77.4638
102  25  -4.71449
103  1  370.644
103  2  362.579
103  3  348.102
103  4  327.557
103  5  303.546
103  6  279.21
103  7  256.804
103  8  237.363
103  9  221.018
103  10  207.436
103  11  196.119
103  12  186.571
103  13  178.354
103  14  171.102
103  15  164.511
103  16  158.326
103  17  152.318
103  18  146.262
103  19  139.909
103  20  132.943
103  21  124.894
103  22  114.943
103  23  101.34
103  24  78.8983
103  25  1.85074
104  1  375.718
104  2  367.093
104  3  352.011
104  4  330.651
104  5  305.743
104  6  280.559
104  7  257.433
104  8  237.424
104  9  220.657
104  10  206.774
104  11  195.256
104  12  185.583
104  13  177.3
104  14  170.029
104  15  163.458
104  16  157.326
104  17  151.399
104  18  145.453
104  19  139.241
104  20  132.454
104  21  124.635
104  22  114.991
104  23  101.84
104  24  80.2328
104  25  8.05869
105  1  381.139
105  2  371.919
105  3  356.19
105  4  333.956
105  5  308.086
105  6  281.992
105  7  258.091
105  8  237.472
105  9  220.25
105  10  206.044
105  11  194.308
105  12  184.5
105  13  176.146
105  14  168.854
105  15  162.303
105  16  156.226
105  17  150.385
105  18  144.556
105  19  138.494
105  20  131.897
105  21  124.321
105  22  115.003
105  23  102.332
105  24  81.6092
105  25  14.57
106  1  386.502
106  2  376.698
106  3  360.326
106  4  337.224
106  5  310.398
106  6  283.398
106  7  258.728
106  8  237.502
106  9  219.826
106  10  205.298
106  11  193.345
106  12  183.401
106  13  174.975
106  14  167.661
106  15  161.129
106  16  155.105
106  17  149.349
106  18  143.634
106  19  137.72
106  20  131.31
106  21  123.974
106  22  114.977
106  23  102.778
106  24  82.9214
106  25  20.8889
107  1  392.223
107  2  381.799
107  3  364.74
107  4  340.708
107  5  312.856
107  6  284.886
107  7  259.389
107  8  237.511
107  9  219.349
107  10  204.475
107  11  192.287
107  12  182.197
107  13  173.692
107  14  166.354
107  15  159.841
107  16  153.873
107  17  148.206
107  18  142.613
107  19  136.856
107  20  130.644
107  21  123.563
107  22  114.907
107  23  103.208
107  24  84.2678
107  25  27.497
108  1  398.026
108  2  386.978
108  3  369.219
108  4  344.239
108  5  315.342
108  6  286.381
108  7  260.041
108  8  237.497
108  9  218.838
108  10  203.609
108  11  191.181
108  12  180.941
108  13  172.355
108  14  164.991
108  15  158.496
108  16  152.584
108  17  147.006
108  18  141.537
108  19  135.938
108  20  129.927
108  21  123.102
108  22  114.79
108  23  103.596
108  24  85.5782
108  25  34.0634
109  1  404.004
109  2  392.317
109  3  373.834
109  4  347.872
109  5  317.892
109  6  287.904
109  7  260.689
109  8  237.454
109  9  218.279
109  10  202.682
109  11  190.005
109  12  179.607
109  13  170.937
109  14  163.545
109  15  157.068
109  16  151.212
109  17  145.727
109  18  140.383
109  19  134.947
109  20  129.141
109  21  122.581
109  22  114.622
109  23  103.945
109  24  86.8696
109  25  40.6845
110  1  409.758
110  2  397.46
110  3  378.279
110  4  351.365
110  5  320.336
110  6  289.353
110  7  261.291
110  8  237.387
110  9  217.711
110  10  201.757
110  11  188.837
110  12  178.287
110  13  169.534
110  14  162.113
110  15  155.653
110  16  149.851
110  17  144.453
110  18  139.23
110  19  133.95
110  20  128.342
110  21  122.035
110  22  114.415
110  23  104.234
110  24  88.0589
110  25  46.9248
111  1  415.752
111  2  402.822
111  3  382.908
111  4  354.999
111  5  322.87
111  6  290.844
111  7  261.894
111  8  237.287
111  9  217.085
111  10  200.755
111  11  187.581
111  12  176.869
111  13  168.028
111  14  160.577
111  15  154.134
111  16  148.387
111  17  143.08
111  18  137.983
111  19  132.864
111  20  127.462
111  21  121.419
111  22  114.151
111  23  104.483
111  24  89.2403
111  25  53.2869
112  1  422.199
112  2  408.593
112  3  387.888
112  4  358.901
112  5  325.581
112  6  292.426
112  7  262.512
112  8  237.143
112  9  216.372
112  10  199.634
112  11  186.183
112  12  175.296
112  13  166.359
112  14  158.874
112  15  152.447
112  16  146.76
112  17  141.55
112  18  136.587
112  19  131.642
112  20  126.461
112  21  120.701
112  22  113.81
112  23  104.694
112  24  90.4463
112  25  59.9752
113  1  427.974
113  2  413.767
113  3  392.348
113  4  362.389
113  5  327.996
113  6  293.821
113  7  263.038
113  8  236.982
113  9  215.695
113  10  198.59
113  11  184.887
113  12  173.841
113  13  164.817
113  14  157.301
113  15  150.888
113  16  145.253
113  17  140.13
113  18  135.287
113  19  130.498
113  20  125.515
113  21  120.008
113  22  113.455
113  23  104.831
113  24  91.4695
113  25  65.8318
114  1  434.081
114  2  419.241
114  3  397.064
114  4  366.071
114  5  330.535
114  6  295.274
114  7  263.565
114  8  236.776
114  9  214.941
114  10  197.442
114  11  183.472
114  12  172.257
114  13  163.138
114  14  155.588
114  15  149.189
114  16  143.61
114  17  138.579
114  18  133.862
114  19  129.238
114  20  124.463
114  21  119.224
114  22  113.028
114  23  104.924
114  24  92.4936
114  25  71.8898
115  1  440.469
115  2  424.971
115  3  401.997
115  4  369.914
115  5  333.173
115  6  296.769
115  7  264.083
115  8  236.521
115  9  214.107
115  10  196.193
115  11  181.941
115  12  170.545
115  13  161.327
115  14  153.74
115  15  147.355
115  16  141.833
115  17  136.897
115  18  132.314
115  19  127.861
115  20  123.305
115  21  118.346
115  22  112.523
115  23  104.961
115  24  93.5005
115  25  78.0791
116  1  447.16
116  2  430.978
116  3  407.162
116  4  373.929
116  5  335.916
116  6  298.303
116  7  264.587
116  8  236.208
116  9  213.181
116  10  194.83
116  11  180.278
116  12  168.691
116  13  159.367
116  14  151.741
116  15  145.37
116  16  139.907
116  17  135.071
116  18  130.626
116  19  126.355
116  20  122.027
116  21  117.362
116  22  111.93
116  23  104.934
116  24  94.4843
116  25  84.402
117  1  453.118
117  2  436.328
117  3  411.759
117  4  377.495
117  5  338.341
117  6  299.643
117  7  265.001
117  8  235.889
117  9  212.312
117  10  193.566
117  11  178.745
117  12  166.987
117  13  157.567
117  14  149.905
117  15  143.546
117  16  138.135
117  17  133.388
117  18  129.067
117  19  124.956
117  20  120.833
117  21  116.429
117  22  111.345
117  23  104.853
117  24  95.2989
117  25  89.8953
118  1  459.506
118  2  442.069
118  3  416.687
118  4  381.308
118  5  340.92
118  6  301.051
118  7  265.407
118  8  235.502
118  9  211.33
118  10  192.158
118  11  177.045
118  12  165.101
118  13  155.577
118  14  147.874
118  15  141.528
118  16  136.173
118  17  131.521
118  18  127.333
118  19  123.394
118  20  119.491
118  21  115.367
118  22  110.656
118  23  104.705
118  24  96.1077
118  25  95.6458
119  1  466.055
119  2  447.957
119  3  421.734
119  4  385.204
119  5  343.542
119  6  302.461
119  7  265.782
119  8  235.057
119  9  210.27
119  10  190.656
119  11  175.24
119  12  163.103
119  13  153.47
119  14  145.726
119  15  139.392
119  16  134.094
119  17  129.54
119  18  125.487
119  19  121.726
119  20  118.048
119  21  114.213
119  22  109.885
119  23  104.486
119  24  96.8668
119  25  101.391
120  1  472.284
120  2  453.561
120  3  426.534
120  4  388.9
120  5  346.014
120  6  303.77
120  7  266.098
120  8  234.585
120  9  209.207
120  10  189.169
120  11  173.463
120  12  161.14
120  13  151.403
120  14  143.618
120  15  137.295
120  16  132.051
120  17  127.589
120  18  123.666
120  19  120.074
120  20  116.61
120  21  113.05
120  22  109.087
120  23  104.215
120  24  97.5228
120  25  106.718
121  1  478.92
121  2  459.533
121  3  431.642
121  4  392.821
121  5  348.622
121  6  305.129
121  7  266.389
121  8  234.03
121  9  208.016
121  10  187.522
121  11  171.503
121  12  158.98
121  13  149.13
121  14  141.301
121  15  134.988
121  16  129.801
121  17  125.438
121  18  121.654
121  19  118.242
121  20  115.007
121  21  111.741
121  22  108.168
121  23  103.857
121  24  98.1486
121  25  112.244
122  1  485.666
122  2  465.608
122  3  436.831
122  4  396.795
122  5  351.248
122  6  306.473
122  7  266.638
122  8  233.41
122  9  206.744
122  10  185.781
122  11  169.442
122  12  156.712
122  13  146.745
122  14  138.87
122  15  132.568
122  16  127.439
122  17  123.176
122  18  119.533
122  19  116.305
122  20  113.305
122  21  110.337
122  22  107.16
122  23  103.42
122  24  98.7108
122  25  117.712
123  1  492.668
123  2  471.915
123  3  442.212
123  4  400.902
123  5  353.943
123  6  307.824
123  7  266.84
123  8  232.702
123  9  205.352
123  10  183.897
123  11  167.22
123  12  154.274
123  13  144.185
123  14  136.26
123  15  129.968
123  16  124.9
123  17  120.741
123  18  117.245
123  19  114.208
123  20  111.451
123  21  108.795
123  22  106.031
123  23  102.884
123  24  99.2098
123  25  123.223
124  1  499.808
124  2  478.349
124  3  447.693
124  4  405.071
124  5  356.658
124  6  309.156
124  7  266.989
124  8  231.912
124  9  203.857
124  10  181.895
124  11  164.87
124  12  151.7
124  13  141.484
124  14  133.508
124  15  127.225
124  16  122.218
124  17  118.166
124  18  114.82
124  19  111.979
124  20  109.471
124  21  107.134
124  22  104.793
124  23  102.251
124  24  99.6306
124  25  128.677
125  1  507.586
125  2  485.361
125  3  453.657
125  4  409.591
125  5  359.578
125  6  310.551
125  7  267.081
125  8  230.971
125  9  202.138
125  10  179.617
125  11  162.208
125  12  148.792
125  13  138.434
125  14  130.401
125  15  124.128
125  16  119.187
125  17  115.252
125  18  112.07
125  19  109.443
125  20  107.208
125  21  105.22
125  22  103.34
125  23  101.46
125  24  99.9864
125  25  134.429
126  1  515.943
126  2  492.897
126  3  460.055
126  4  414.42
126  5  362.667
126  6  311.984
126  7  267.097
126  8  229.862
126  9  200.184
126  10  177.055
126  11  159.228
126  12  145.542
126  13  135.031
126  14  126.935
126  15  120.672
126  16  115.802
126  17  111.991
126  18  108.986
126  19  106.591
126  20  104.651
126  21  103.039
126  22  101.657
126  23  100.49
126  24  100.248
126  25  140.391
127  1  524.741
127  2  500.833
127  3  466.778
127  4  419.472
127  5  365.864
127  6  313.415
127  7  267.018
127  8  228.584
127  9  198.003
127  10  174.225
127  11  155.952
127  12  141.977
127  13  131.301
127  14  123.136
127  15  116.883
127  16  112.087
127  17  108.409
127  18  105.591
127  19  103.441
127  20  101.813
127  21  100.6
127  22  99.745
127  23  99.3306
127  24  100.385
127  25  146.43
128  1  535.491
128  2  510.532
128  3  474.977
128  4  425.599
128  5  369.691
128  6  315.052
128  7  266.781
128  8  226.859
128  9  195.159
128  10  170.575
128  11  151.747
128  12  137.414
128  13  126.532
128  14  118.281
128  15  112.038
128  16  107.333
128  17  103.817
128  18  101.229
128  19  99.3806
128  20  98.136
128  21  97.4136
128  22  97.2063
128  23  97.7162
128  24  100.356
128  25  153.483
129  1  549.837
129  2  523.477
129  3  485.884
129  4  433.689
129  5  374.654
129  6  317.036
129  7  266.216
129  8  224.269
129  9  191.045
129  10  165.362
129  11  145.777
129  12  130.955
129  13  119.79
129  14  111.42
129  15  105.188
129  16  100.604
129  17  97.3049
129  18  95.0274
129  19  93.5847
129  20  92.8571
129  21  92.7952
129  22  93.4599
129  23  95.2118
129  24  99.9736
129  25  162.35
130  1  748.838
130  2  596.471
130  3  546.513
130  4  477.172
130  5  399.078
130  6  323.288
130  7  256.901
130  8  202.575
130  9  160.02
130  10  127.599
130  11  103.357
130  12  85.5035
130  13  72.5699
130  14  63.4196
130  15  57.2006
130  16  53.2912
130  17  51.2506
130  18  50.7852
130  19  51.7285
130  20  54.0456
130  21  57.8739
130  22  63.6634
130  23  72.6795
130  24  89.6992
130  25  201.436
