1  1  18.0681
1  2  9.32042
1  3  5.83962
1  4  3.58433
1  5  1.87558
1  6  0.47178
1  7  -0.742131
1  8  -1.83138
1  9  -2.83804
1  10  -3.7925
1  11  -4.71935
1  12  -5.64044
1  13  -6.57684
1  14  -7.54985
1  15  -8.58157
1  16  -9.69487
1  17  -10.9137
1  18  -12.2638
1  19  -13.7757
1  20  -15.4927
1  21  -17.4858
1  22  -19.891
1  23  -23.0077
1  24  -27.686
1  25  -38.0921
2  1  21.0034
2  2  12.5094
2  3  9.27441
2  4  7.19635
2  5  5.63539
2  6  4.36814
2  7  3.29093
2  8  2.34782
2  9  1.50579
2  10  0.744127
2  11  0.0492049
2  12  -0.588633
2  13  -1.17728
2  14  -1.72521
2  15  -2.24415
2  16  -2.75275
2  17  -3.28082
2  18  -3.87444
2  19  -4.60043
2  20  -5.54995
2  21  -6.84403
2  22  -8.65346
2  23  -11.2765
2  24  -15.4731
2  25  -24.2761
3  1  23.1281
3  2  14.661
3  3  11.6145
3  4  9.68862
3  5  8.27022
3  6  7.15224
3  7  6.24439
3  8  5.50441
3  9  4.91524
3  10  4.4759
3  11  4.19823
3  12  4.10548
3  13  4.23212
3  14  4.62337
3  15  5.3329
3  16  6.41667
3  17  7.91978
3  18  9.85281
3  19  12.1573
3  20  14.669
3  21  17.095
3  22  19.0301
3  23  20.0003
3  24  19.4077
3  25  15.9027
4  1  24.6462
4  2  16.0305
4  3  13.0742
4  4  11.2316
4  5  9.89801
4  6  8.8752
4  7  8.0805
4  8  7.48043
4  9  7.06803
4  10  6.8546
4  11  6.86653
4  12  7.14439
4  13  7.7422
4  14  8.72554
4  15  10.1663
4  16  12.1317
4  17  14.663
4  18  17.7466
4  19  21.2769
4  20  25.0304
4  21  28.6694
4  22  31.7912
4  23  34.0012
4  24  34.915
4  25  32.9371
5  1  26.6725
5  2  17.6711
5  3  14.7581
5  4  12.9737
5  5  11.7083
5  6  10.7672
5  7  10.0733
5  8  9.59869
5  9  9.34216
5  10  9.32004
5  11  9.56166
5  12  10.1059
5  13  10.9969
5  14  12.2769
5  15  13.9754
5  16  16.0948
5  17  18.5933
5  18  21.3706
5  19  24.2651
5  20  27.0673
5  21  29.5506
5  22  31.5042
5  23  32.7432
5  24  33.0057
5  25  29.3429
6  1  29.4609
6  2  19.7275
6  3  16.7676
6  4  14.9848
6  5  13.7418
6  6  12.8392
6  7  12.1988
6  8  11.7919
6  9  11.6149
6  10  11.6776
6  11  11.9965
6  12  12.5888
6  13  13.4647
6  14  14.6199
6  15  16.027
6  16  17.6305
6  17  19.3454
6  18  21.0638
6  19  22.6658
6  20  24.0352
6  21  25.0683
6  22  25.6704
6  23  25.7166
6  24  24.8572
6  25  18.6272
7  1  33.0613
7  2  22.2362
7  3  19.1123
7  4  17.2521
7  5  15.9652
7  6  15.0365
7  7  14.3798
7  8  13.9594
7  9  13.7623
7  10  13.7853
7  11  14.0267
7  12  14.479
7  13  15.1242
7  14  15.928
7  15  16.8403
7  16  17.7959
7  17  18.7218
7  18  19.5436
7  19  20.1924
7  20  20.6073
7  21  20.7306
7  22  20.4877
7  23  19.7278
7  24  17.9601
7  25  9.40285
8  1  38.2298
8  2  25.7555
8  3  22.2989
8  4  20.2515
8  5  18.8323
8  6  17.7965
8  7  17.0429
8  8  16.523
8  9  16.2112
8  10  16.0895
8  11  16.1392
8  12  16.3354
8  13  16.644
8  14  17.0221
8  15  17.419
8  16  17.7823
8  17  18.0602
8  18  18.2069
8  19  18.1807
8  20  17.9411
8  21  17.4369
8  22  16.5805
8  23  15.1719
8  24  12.5619
8  25  1.59926
9  1  43.902
9  2  29.6188
9  3  25.7391
9  4  23.4397
9  5  21.8338
9  6  20.6423
9  7  19.7457
9  8  19.0832
9  9  18.6178
9  10  18.3212
9  11  18.1649
9  12  18.1159
9  13  18.1363
9  14  18.1831
9  15  18.212
9  16  18.1804
9  17  18.0496
9  18  17.7847
9  19  17.3524
9  20  16.7134
9  21  15.8105
9  22  14.5362
9  23  12.644
9  24  9.34597
9  25  -3.73025
10  1  49.1437
10  2  33.2138
10  3  28.9186
10  4  26.3659
10  5  24.5705
10  6  23.2205
10  7  22.18
10  8  21.3778
10  9  20.7692
10  10  20.3186
10  11  19.9923
10  12  19.754
10  13  19.5641
10  14  19.3821
10  15  19.1671
10  16  18.8822
10  17  18.4938
10  18  17.9703
10  19  17.2796
10  20  16.3799
10  21  15.2051
10  22  13.6314
10  23  11.3734
10  24  7.53167
10  25  -7.2795
11  1  53.475
11  2  36.1944
11  3  31.5434
11  4  28.7714
11  5  26.8114
11  6  25.3242
11  7  24.1606
11  8  23.2415
11  9  22.516
11  10  21.9443
11  11  21.4893
11  12  21.1127
11  13  20.7748
11  14  20.4357
11  15  20.0569
11  16  19.6038
11  17  19.0446
11  18  18.3492
11  19  17.4838
11  20  16.4036
11  21  15.0359
11  22  13.2423
11  23  10.7089
11  24  6.44852
11  25  -9.72197
12  1  57.5214
12  2  38.9694
12  3  33.9748
12  4  30.9898
12  5  28.8697
12  6  27.2494
12  7  25.9675
12  8  24.9373
12  9  24.1029
12  10  23.4209
12  11  22.8514
12  12  22.3548
12  13  21.8909
12  14  21.4203
12  15  20.906
12  16  20.3144
12  17  19.6147
12  18  18.7762
12  19  17.7639
12  20  16.5295
12  21  14.9932
12  22  13.0051
12  23  10.2236
12  24  5.58181
12  25  -11.8395
13  1  60.8909
13  2  41.2565
13  3  35.9641
13  4  32.7937
13  5  30.5342
13  6  28.7982
13  7  27.414
13  8  26.2887
13  9  25.3624
13  10  24.5887
13  11  23.9257
13  12  23.3326
13  13  22.7688
13  14  22.1951
13  15  21.5752
13  16  20.8756
13  17  20.0661
13  18  19.1151
13  19  17.9865
13  20  16.6281
13  21  14.9552
13  22  12.8066
13  23  9.81912
13  24  4.85828
13  25  -13.615
14  1  63.9593
14  2  43.3024
14  3  37.7251
14  4  34.3768
14  5  31.9835
14  6  30.1368
14  7  28.655
14  8  27.4398
14  9  26.4272
14  10  25.5683
14  11  24.8196
14  12  24.1388
14  13  23.4853
14  14  22.8197
14  15  22.1057
14  16  21.3104
14  17  20.4029
14  18  19.3516
14  19  18.1177
14  20  16.6466
14  21  14.848
14  22  12.5513
14  23  9.37185
14  24  4.11276
14  25  -15.3473
15  1  66.7345
15  2  45.1031
15  3  39.2514
15  4  35.7317
15  5  33.209
15  6  31.2557
15  7  29.6804
15  8  28.379
15  9  27.2846
15  10  26.3456
15  11  25.5168
15  12  24.7551
15  13  24.0193
15  14  23.2695
15  15  22.47
15  16  21.5874
15  17  20.5906
15  18  19.4468
15  19  18.116
15  20  16.5402
15  21  14.6242
15  22  12.1882
15  23  8.82745
15  24  3.28571
15  25  -17.1114
16  1  69.2728
16  2  46.6842
16  3  40.561
16  4  36.871
16  5  34.2205
16  6  32.1614
16  7  30.4934
16  8  29.1074
16  9  27.9329
16  10  26.916
16  11  26.01
16  12  25.1707
16  13  24.356
16  14  23.5267
16  15  22.6459
16  16  21.6805
16  17  20.5988
16  18  19.3669
16  19  17.9429
16  20  16.2662
16  21  14.2367
16  22  11.6649
16  23  8.12725
16  24  2.30908
16  25  -19.0063
17  1  71.3259
17  2  47.8915
17  3  41.5266
17  4  37.6854
17  5  34.9207
17  6  32.7677
17  7  31.0175
17  8  29.5565
17  9  28.3114
17  10  27.2262
17  11  26.2527
17  12  25.346
17  13  24.4635
17  14  23.5652
17  15  22.6146
17  16  21.5779
17  17  20.423
17  18  19.1148
17  19  17.6101
17  20  15.8454
17  21  13.7162
17  22  11.0254
17  23  7.3319
17  24  1.27009
17  25  -20.8556
18  1  73.2446
18  2  48.9275
18  3  42.3098
18  4  38.3093
18  5  35.425
18  6  33.1732
18  7  31.337
18  8  29.7978
18  9  28.4791
18  10  27.3231
18  11  26.28
18  12  25.304
18  13  24.3519
18  14  23.3833
18  15  22.3612
18  16  21.2516
18  17  20.0214
18  18  18.6351
18  19  17.0472
18  20  15.1914
18  21  12.959
18  22  10.1445
18  23  6.28908
18  24  -0.0266594
18  25  -22.997
19  1  74.7863
19  2  49.655
19  3  42.8024
19  4  38.6546
19  5  35.6592
19  6  33.316
19  7  31.4001
19  8  29.7885
19  9  28.4021
19  10  27.181
19  11  26.0743
19  12  25.0351
19  13  24.0195
19  14  22.9868
19  15  21.8999
19  16  20.7241
19  17  19.4258
19  18  17.9682
19  19  16.3041
19  20  14.3653
19  21  12.0382
19  22  9.10994
19  23  5.10515
19  24  -1.44473
19  25  -25.1942
20  1  75.9419
20  2  50.095
20  3  43.0357
20  4  38.7578
20  5  35.6644
20  6  33.2406
20  7  31.2544
20  8  29.5793
20  9  28.1333
20  10  26.8553
20  11  25.6929
20  12  24.5987
20  13  23.5281
20  14  22.4399
20  15  21.2966
20  16  20.0634
20  17  18.7058
20  18  17.1861
20  19  15.4556
20  20  13.4439
20  21  11.034
20  22  8.00613
20  23  3.87028
20  24  -2.88526
20  25  -27.3192
21  1  76.8974
21  2  50.3359
21  3  43.0696
21  4  38.6613
21  5  35.4698
21  6  32.9652
21  7  30.9089
21  8  29.1701
21  9  27.6648
21  10  26.33
21  11  25.1124
21  12  23.9634
21  13  22.8383
21  14  21.6954
21  15  20.4965
21  16  19.2062
21  17  17.79
21  18  16.2087
21  19  14.4125
21  20  12.3284
21  21  9.83582
21  22  6.70862
21  23  2.44218
21  24  -4.51849
21  25  -29.636
22  1  77.6057
22  2  50.3731
22  3  42.9117
22  4  38.3808
22  5  35.097
22  6  32.5163
22  7  30.3938
22  8  28.5953
22  9  27.0343
22  10  25.6464
22  11  24.377
22  12  23.1771
22  13  22.0011
22  14  20.8069
22  15  19.5563
22  16  18.2133
22  17  16.7421
22  18  15.1032
22  19  13.2457
22  20  11.094
22  21  8.52405
22  22  5.30359
22  23  0.914533
22  24  -6.23899
22  25  -31.998
23  1  78.1393
23  2  50.2139
23  3  42.551
23  4  37.8931
23  5  34.5137
23  6  31.8545
23  7  29.6636
23  8  27.8033
23  9  26.1849
23  10  24.7422
23  11  23.4197
23  12  22.1675
23  13  20.9393
23  14  19.6926
23  15  18.3889
23  16  16.9915
23  17  15.4641
23  18  13.7663
23  19  11.8454
23  20  9.62401
23  21  6.97454
23  22  3.65804
23  23  -0.857747
23  24  -8.20986
23  25  -34.6311
24  1  78.4674
24  2  49.8567
24  3  41.994
24  4  37.2102
24  5  33.736
24  6  30.9988
24  7  28.7402
24  8  26.8188
24  9  25.1436
24  10  23.6468
24  11  22.2719
24  12  20.9681
24  13  19.6886
24  14  18.3904
24  15  17.0343
24  16  15.5835
24  17  14.0009
24  18  12.245
24  19  10.2617
24  20  7.9716
24  21  5.24348
24  22  1.83181
24  23  -2.80889
24  24  -10.3579
24  25  -37.434
25  1  78.5968
25  2  49.3304
25  3  41.2764
25  4  36.3722
25  5  32.8071
25  6  29.995
25  7  27.6718
25  8  25.6919
25  9  23.9623
25  10  22.4139
25  11  20.989
25  12  19.6359
25  13  18.3075
25  14  16.9603
25  15  15.5546
25  16  14.053
25  17  12.4179
25  18  10.6066
25  19  8.56376
25  20  6.20805
25  21  3.40468
25  22  -0.0975502
25  23  -4.85786
25  24  -12.5949
25  25  -40.2971
26  1  78.5507
26  2  48.6299
26  3  40.3847
26  4  35.3599
26  5  31.7039
26  6  28.8174
26  7  26.4293
26  8  24.391
26  9  22.6073
26  10  21.0074
26  11  19.5327
26  12  18.1307
26  13  16.7536
26  14  15.3577
26  15  13.9026
26  16  12.3506
26  17  10.6629
26  18  8.79658
26  19  6.69466
26  20  4.27358
26  21  1.39534
26  22  -2.19744
26  23  -7.07689
26  24  -15.0015
26  25  -43.3286
27  1  78.3434
27  2  47.7816
27  3  39.3489
27  4  34.2058
27  5  30.4609
27  6  27.5011
27  7  25.0496
27  8  22.9541
27  9  21.1173
27  10  19.467
27  11  17.9436
27  12  16.4939
27  13  15.0694
27  14  13.6259
27  15  12.1227
27  16  10.5213
27  17  8.78259
27  18  6.86249
27  19  4.70269
27  20  2.21785
27  21  -0.733702
27  22  -4.41485
27  23  -9.4113
27  24  -17.5195
27  25  -46.458
28  1  77.9718
28  2  46.7461
28  3  38.119
28  4  32.8533
28  5  29.0161
28  6  25.9805
28  7  23.4631
28  8  21.3084
28  9  19.4166
28  10  17.7143
28  11  16.1404
28  12  14.6415
28  13  13.168
28  14  11.6754
28  15  10.1224
28  16  8.47017
28  17  6.67888
28  18  4.70327
28  19  2.4837
28  20  -0.0674255
28  21  -3.09458
28  22  -6.86733
28  23  -11.9846
28  24  -20.2828
28  25  -49.8543
29  1  77.4793
29  2  45.6155
29  3  36.8015
29  4  31.418
29  5  27.4921
29  6  24.3834
29  7  21.8027
29  8  19.5911
29  9  17.6465
29  10  15.8941
29  11  14.272
29  12  12.7258
29  13  11.2053
29  14  9.66569
29  15  8.06519
29  16  6.36418
29  17  4.52243
29  18  2.49334
29  19  0.216543
29  20  -2.39776
29  21  -5.49752
29  22  -9.35833
29  23  -14.5916
29  24  -23.0724
29  25  -53.2515
30  1  76.9305
30  2  44.4848
30  3  35.5004
30  4  30.0093
30  5  26.0023
30  6  22.8271
30  7  20.1888
30  8  17.9252
30  9  15.9326
30  10  14.1346
30  11  12.4687
30  12  10.8793
30  13  9.31619
30  14  7.73376
30  15  6.09001
30  16  4.34479
30  17  2.45702
30  18  0.379669
30  19  -1.94936
30  20  -4.62133
30  21  -7.78738
30  22  -11.7282
30  23  -17.0672
30  24  -25.7141
30  25  -56.4466
31  1  76.3035
31  2  43.2767
31  3  34.1219
31  4  28.5231
31  5  24.4352
31  6  21.1935
31  7  18.4975
31  8  16.182
31  9  14.1414
31  10  12.298
31  11  10.5881
31  12  8.95583
31  13  7.35032
31  14  5.72529
31  15  4.03834
31  16  2.24884
31  17  0.315354
31  18  -1.81035
31  19  -4.19115
31  20  -6.92078
31  21  -10.1528
31  22  -14.1734
31  23  -19.6179
31  24  -28.4306
31  25  -59.7153
32  1  75.6278
32  2  42.028
32  3  32.7052
32  4  27.0006
32  5  22.8328
32  6  19.5255
32  7  16.7727
32  8  14.4061
32  9  12.3182
32  10  10.4299
32  11  8.67703
32  12  7.00249
32  13  5.35514
32  14  3.68824
32  15  1.95893
32  16  0.126033
32  17  -1.85243
32  18  -4.02557
32  19  -6.45764
32  20  -9.24382
32  21  -12.5406
32  22  -16.6401
32  23  -22.1882
32  24  -31.164
32  25  -62.9923
33  1  74.9527
33  2  40.8096
33  3  31.3274
33  4  25.5222
33  5  21.2787
33  6  17.9093
33  7  15.1025
33  8  12.6875
33  9  10.5547
33  10  8.62412
33  11  6.83024
33  12  5.11583
33  13  3.42879
33  14  1.72227
33  15  -0.0471099
33  16  -1.92098
33  17  -3.94215
33  18  -6.16023
33  19  -8.64063
33  20  -11.4803
33  21  -14.8386
33  22  -19.0125
33  23  -24.6588
33  24  -33.7892
33  25  -66.1318
34  1  74.2552
34  2  39.5619
34  3  29.9185
34  4  24.0115
34  5  19.6913
34  6  16.2588
34  7  13.3975
34  8  10.9335
34  9  8.75537
34  10  6.7819
34  11  4.94671
34  12  3.19182
34  13  1.46481
34  14  -0.281674
34  15  -2.09168
34  16  -4.00708
34  17  -6.07129
34  18  -8.33463
34  19  -10.8639
34  20  -13.7579
34  21  -17.1782
34  22  -21.4273
34  23  -27.173
34  24  -36.4596
34  25  -69.322
35  1  73.5558
35  2  38.3038
35  3  28.4966
35  4  22.4862
35  5  18.0882
35  6  14.5918
35  7  11.6752
35  8  9.16132
35  9  6.93723
35  10  4.9202
35  11  3.04324
35  12  1.24728
35  13  -0.520239
35  14  -2.30729
35  15  -4.15838
35  16  -6.11577
35  17  -8.22347
35  18  -10.5329
35  19  -13.1118
35  20  -16.0604
35  21  -19.5437
35  22  -23.8691
35  23  -29.7153
35  24  -39.1599
35  25  -72.5489
36  1  72.9756
36  2  37.2392
36  3  27.29
36  4  21.19
36  5  16.7245
36  6  13.1727
36  7  10.2081
36  8  7.65112
36  9  5.38715
36  10  3.3326
36  11  1.41914
36  12  -0.412126
36  13  -2.21463
36  14  -4.0369
36  15  -5.92347
36  16  -7.91717
36  17  -10.0627
36  18  -12.4118
36  19  -15.0335
36  20  -18.0295
36  21  -21.5675
36  22  -25.9587
36  23  -31.8918
36  24  -41.4734
36  25  -75.3178
37  1  72.3855
37  2  36.1141
37  3  26.0081
37  4  19.8092
37  5  15.2692
37  6  11.6563
37  7  8.63867
37  8  6.03414
37  9  3.72623
37  10  1.63006
37  11  -0.323381
37  12  -2.19372
37  13  -4.03502
37  14  -5.89585
37  15  -7.82157
37  16  -9.85542
37  17  -12.0423
37  18  -14.4354
37  19  -17.1042
37  20  -20.1526
37  21  -23.7503
37  22  -28.2141
37  23  -34.2431
37  24  -43.9753
37  25  -78.321
38  1  71.8908
38  2  35.1052
38  3  24.8486
38  4  18.5547
38  5  13.9432
38  6  10.2715
38  7  7.20303
38  8  4.55281
38  9  2.20278
38  10  0.0665586
38  11  -1.9251
38  12  -3.83308
38  13  -5.71147
38  14  -7.60943
38  15  -9.5726
38  16  -11.6448
38  17  -13.8716
38  18  -16.3065
38  19  -19.0207
38  20  -22.1189
38  21  -25.7744
38  22  -30.3076
38  23  -36.4283
38  24  -46.3049
38  25  -81.1308
39  1  71.5148
39  2  34.2502
39  3  23.8535
39  4  17.4712
39  5  12.7931
39  6  9.06679
39  7  5.95104
39  8  3.25834
39  9  0.868911
39  10  -1.30422
39  11  -3.33162
39  12  -5.27434
39  13  -7.18709
39  14  -9.11964
39  15  -11.1177
39  16  -13.2256
39  17  -15.4894
39  18  -17.9633
39  19  -20.7194
39  20  -23.8642
39  21  -27.5727
39  22  -32.1707
39  23  -38.3766
39  24  -48.3871
39  25  -83.6582
40  1  71.2294
40  2  33.4607
40  3  22.9166
40  4  16.4413
40  5  11.6932
40  6  7.90946
40  7  4.74397
40  8  2.00661
40  9  -0.424101
40  10  -2.63603
40  11  -4.70095
40  12  -6.68034
40  13  -8.62947
40  14  -10.5982
40  15  -12.6329
40  16  -14.7781
40  17  -17.0806
40  18  -19.5954
40  19  -22.3956
40  20  -25.5891
40  21  -29.3537
40  22  -34.0191
40  23  -40.3142
40  24  -50.465
40  25  -86.2024
41  1  71.0827
41  2  32.824
41  3  22.1367
41  4  15.5712
41  5  10.7551
41  6  6.91559
41  7  3.70183
41  8  0.92112
41  9  -1.54947
41  10  -3.79941
41  11  -5.9006
41  12  -7.91557
41  13  -9.89969
41  14  -11.9035
41  15  -13.9736
41  16  -16.155
41  17  -18.4951
41  18  -21.0498
41  19  -23.8924
41  20  -27.1332
41  21  -30.9517
41  22  -35.6826
41  23  -42.0642
41  24  -52.3504
41  25  -88.5388
42  1  71.0837
42  2  32.3565
42  3  21.5325
42  4  14.8808
42  5  9.99992
42  6  6.10711
42  7  2.8473
42  8  0.0252494
42  9  -2.48361
42  10  -4.76945
42  11  -6.90553
42  12  -8.95415
42  13  -10.9718
42  14  -13.0092
42  15  -15.113
42  16  -17.3291
42  17  -19.705
42  18  -22.2972
42  19  -25.1804
42  20  -28.4659
42  21  -32.336
42  22  -37.1292
42  23  -43.5927
42  24  -54.0079
42  25  -90.6245
43  1  71.2496
43  2  32.0424
43  3  21.0786
43  4  14.3388
43  5  9.3915
43  6  5.44427
43  7  2.13737
43  8  -0.726933
43  9  -3.27489
43  10  -5.59764
43  11  -7.76898
43  12  -9.85241
43  13  -11.9042
43  14  -13.9755
43  15  -16.1142
43  16  -18.3654
43  17  -20.7778
43  18  -23.4084
43  19  -26.3329
43  20  -29.6642
43  21  -33.5867
43  22  -38.443
43  23  -44.99
43  24  -55.5363
43  25  -92.5881
44  1  71.5768
44  2  31.9192
44  3  20.8245
44  4  14.0021
44  5  8.99278
44  6  4.99459
44  7  1.64362
44  8  -1.26018
44  9  -3.84453
44  10  -6.20188
44  11  -8.40646
44  12  -10.522
44  13  -12.6059
44  14  -14.7093
44  15  -16.8799
44  16  -19.1643
44  17  -21.6107
44  18  -24.2771
44  19  -27.2403
44  20  -30.614
44  21  -34.5853
44  22  -39.5007
44  23  -46.1253
44  24  -56.7932
44  25  -94.2497
45  1  72.0656
45  2  31.9755
45  3  20.7553
45  4  13.8539
45  5  8.78509
45  6  4.73811
45  7  1.34496
45  8  -1.59682
45  9  -4.21612
45  10  -6.60628
45  11  -8.84264
45  12  -10.9892
45  13  -13.1037
45  14  -15.2376
45  15  -17.4392
45  16  -19.7547
45  17  -22.2338
45  18  -24.9344
45  19  -27.9345
45  20  -31.3485
45  21  -35.3662
45  22  -40.3378
45  23  -47.0362
45  24  -57.8201
45  25  -95.6607
46  1  72.7485
46  2  32.2229
46  3  20.8766
46  4  13.8959
46  5  8.76737
46  6  4.67144
46  7  1.23593
46  8  -1.74377
46  9  -4.39813
46  10  -6.82138
46  11  -9.08949
46  12  -11.2673
46  13  -13.4124
46  14  -15.577
46  15  -17.8095
46  16  -20.1565
46  17  -22.6681
46  18  -25.403
46  19  -28.4394
46  20  -31.8942
46  21  -35.9582
46  22  -40.9855
46  23  -47.7574
46  24  -58.6568
46  25  -96.8792
47  1  73.6131
47  2  32.6645
47  3  21.1962
47  4  14.1386
47  5  8.95231
47  6  4.80901
47  7  1.33256
47  8  -1.68381
47  9  -4.37215
47  10  -6.82751
47  11  -9.12619
47  12  -11.334
47  13  -13.5087
47  14  -15.703
47  15  -17.9653
47  16  -20.3429
47  17  -22.8858
47  18  -25.6535
47  19  -28.7253
47  20  -32.219
47  21  -36.3273
47  22  -41.4081
47  23  -48.2505
47  24  -59.26
47  25  -97.8474
48  1  74.6347
48  2  33.2843
48  3  21.7005
48  4  14.5704
48  5  9.32947
48  6  5.14139
48  7  1.62624
48  8  -1.42487
48  9  -4.14513
48  10  -6.63063
48  11  -8.95863
48  12  -11.1947
48  13  -13.3974
48  14  -15.6196
48  15  -17.9101
48  16  -20.3163
48  17  -22.8886
48  18  -25.6872
48  19  -28.7921
48  20  -32.3222
48  21  -36.472
48  22  -41.603
48  23  -48.5109
48  24  -59.6233
48  25  -98.5506
49  1  75.909
49  2  34.1451
49  3  22.443
49  4  15.2385
49  5  9.94171
49  6  5.70784
49  7  2.15312
49  8  -0.933475
49  9  -3.68639
49  10  -6.20286
49  11  -8.56041
49  12  -10.8257
49  13  -13.0571
49  14  -15.3077
49  15  -17.6269
49  16  -20.0621
49  17  -22.6646
49  18  -25.4947
49  19  -28.6331
49  20  -32.1999
49  21  -36.3917
49  22  -41.573
49  23  -48.5472
49  24  -59.763
49  25  -99.0309
50  1  77.2233
50  2  35.0983
50  3  23.2936
50  4  16.0246
50  5  10.6794
50  6  6.40579
50  7  2.8168
50  8  -0.300638
50  9  -3.08189
50  10  -5.62501
50  11  -8.0083
50  12  -10.2985
50  13  -12.5548
50  14  -14.8302
50  15  -17.1742
50  16  -19.6346
50  17  -22.2629
50  18  -25.1198
50  19  -28.2871
50  20  -31.8853
50  21  -36.1131
50  22  -41.3373
50  23  -48.3676
50  24  -59.671
50  25  -99.227
51  1  78.7598
51  2  36.2703
51  3  24.3627
51  4  17.0291
51  5  11.6354
51  6  7.32209
51  7  3.6988
51  8  0.55071
51  9  -2.259
51  10  -4.82886
51  11  -7.23785
51  12  -9.55332
51  13  -11.8344
51  14  -14.1344
51  15  -16.5032
51  16  -18.9885
51  17  -21.6424
51  18  -24.526
51  19  -27.7217
51  20  -31.3507
51  21  -35.6135
51  22  -40.8798
51  23  -47.9649
51  24  -59.3535
51  25  -99.1884
52  1  80.3029
52  2  37.493
52  3  25.4957
52  4  18.1059
52  5  12.67
52  6  8.32218
52  7  4.66908
52  8  1.49435
52  9  -1.34007
52  10  -3.93321
52  11  -6.36469
52  12  -8.70174
52  13  -11.0043
52  14  -13.3259
52  15  -15.716
52  16  -18.2231
52  17  -20.8991
52  18  -23.8055
52  19  -27.0252
52  20  -30.6807
52  21  -34.9732
52  22  -40.2749
52  23  -47.4059
52  24  -58.8659
52  25  -98.9331
53  1  82.0333
53  2  38.9056
53  3  26.8204
53  4  19.3756
53  5  13.8984
53  6  9.51679
53  7  5.83455
53  8  2.63368
53  9  -0.224573
53  10  -2.84061
53  11  -5.29398
53  12  -7.65244
53  13  -9.9762
53  14  -12.3185
53  15  -14.7295
53  16  -17.2576
53  17  -19.9547
53  18  -22.8832
53  19  -26.1259
53  20  -29.8062
53  21  -34.1267
53  22  -39.4617
53  23  -46.636
53  24  -58.162
53  25  -98.4426
54  1  84.0529
54  2  40.5985
54  3  28.4244
54  4  20.9242
54  5  15.4053
54  6  10.9897
54  7  7.27811
54  8  4.05097
54  9  1.16835
54  10  -1.47047
54  11  -3.94584
54  12  -6.32592
54  13  -8.67084
54  14  -11.0342
54  15  -13.4661
54  16  -16.0151
54  17  -18.7332
54  18  -21.6831
54  19  -24.9481
54  20  -28.6524
54  21  -32.9997
54  22  -38.366
54  23  -45.5804
54  24  -57.1679
54  25  -97.6432
55  1  86.0571
55  2  42.318
55  3  30.0682
55  4  22.5209
55  5  16.9668
55  6  12.5223
55  7  8.78583
55  8  5.53648
55  9  2.63348
55  10  -0.0248929
55  11  -2.51895
55  12  -4.91734
55  13  -7.28027
55  14  -9.66154
55  15  -12.1108
55  16  -14.6771
55  17  -17.4126
55  18  -20.3798
55  19  -23.6628
55  20  -27.386
55  21  -31.7538
55  22  -37.144
55  23  -44.3886
55  24  -56.0212
55  25  -96.6351
56  1  88.0825
56  2  44.0911
56  3  31.7766
56  4  24.189
56  5  18.6049
56  6  14.1358
56  7  10.3783
56  8  7.11005
56  9  4.18946
56  10  1.51483
56  11  -0.995412
56  12  -3.4095
56  13  -5.78788
56  14  -8.18414
56  15  -10.6483
56  16  -13.2289
56  17  -15.9784
56  18  -18.9594
56  19  -22.2561
56  20  -25.9934
56  21  -30.3763
56  22  -35.7836
56  23  -43.0486
56  24  -54.7107
56  25  -95.407
57  1  90.3049
57  2  46.0763
57  3  33.7043
57  4  26.0814
57  5  20.4708
57  6  15.9803
57  7  12.2042
57  8  8.91932
57  9  5.9834
57  10  3.29404
57  11  0.769586
57  12  -1.65847
57  13  -4.05047
57  14  -6.46025
57  15  -8.93712
57  16  -11.5297
57  17  -14.2905
57  18  -17.2821
57  19  -20.5886
57  20  -24.3354
57  21  -28.7275
57  22  -34.144
57  23  -41.4189
57  24  -53.0922
57  25  -93.8036
58  1  92.4528
58  2  48.037
58  3  35.6248
58  4  27.9774
58  5  22.3486
58  6  17.8432
58  7  14.0543
58  8  10.7579
58  9  7.81133
58  10  5.11147
58  11  2.57682
58  12  0.138625
58  13  -2.2633
58  14  -4.68217
58  15  -7.16767
58  16  -9.7679
58  17  -12.5349
58  18  -15.5314
58  19  -18.8415
58  20  -22.5902
58  21  -26.9824
58  22  -32.3963
58  23  -39.6651
58  24  -51.3232
58  25  -91.9537
59  1  94.4421
59  2  49.898
59  3  37.4656
59  4  29.8066
59  5  24.169
59  6  19.6564
59  7  15.8613
59  8  12.5593
59  9  9.60719
59  10  6.90183
59  11  4.36145
59  12  1.91736
59  13  -0.490081
59  14  -2.91407
59  15  -5.40338
59  16  -8.006
59  17  -10.7738
59  18  -13.7687
59  19  -17.0749
59  20  -20.8168
59  21  -25.1985
59  22  -30.5968
59  23  -37.8408
59  24  -49.453
59  25  -89.8886
60  1  96.3714
60  2  51.7627
60  3  39.3346
60  4  31.6792
60  5  26.0444
60  6  21.5337
60  7  17.7401
60  8  14.439
60  9  11.4873
60  10  8.7816
60  11  6.24033
60  12  3.79507
60  13  1.38653
60  14  -1.03772
60  15  -3.52581
60  16  -6.12496
60  17  -8.88625
60  18  -11.8718
60  19  -15.1644
60  20  -18.8877
60  21  -23.2443
60  22  -28.608
60  23  -35.8001
60  24  -47.3203
60  25  -87.3864
61  1  98.0895
61  2  53.514
61  3  41.1265
61  4  33.4977
61  5  27.8821
61  6  23.3866
61  7  19.6054
61  8  16.3147
61  9  13.3713
61  10  10.6721
61  11  8.13592
61  12  5.69493
61  13  3.29082
61  14  0.872281
61  15  -1.60784
61  16  -4.19552
61  17  -6.94151
61  18  -9.90617
61  19  -13.172
61  20  -16.8605
61  21  -21.1718
61  22  -26.4739
61  23  -33.5761
61  24  -44.9388
61  25  -84.3782
62  1  99.4793
62  2  55.1027
62  3  42.819
62  4  35.2556
62  5  29.6874
62  6  25.2286
62  7  21.477
62  8  18.2102
62  9  15.2862
62  10  12.6024
62  11  10.0786
62  12  7.64823
62  13  5.25484
62  14  2.84879
62  15  0.385217
62  16  -2.18092
62  17  -4.89804
62  18  -7.82569
62  19  -11.0439
62  20  -14.6719
62  21  -18.9047
62  22  -24.101
62  23  -31.0482
62  24  -42.1391
62  25  -80.4877
63  1  100.12
63  2  56.2092
63  3  44.1259
63  4  36.6864
63  5  31.2056
63  6  26.8123
63  7  23.1109
63  8  19.8824
63  9  16.9865
63  10  14.3226
63  11  11.8128
63  12  9.39326
63  13  7.01076
63  14  4.61881
63  15  2.175
63  16  -0.362851
63  17  -3.04105
63  18  -5.91696
63  19  -9.06777
63  20  -12.6083
63  21  -16.7261
63  22  -21.7651
63  23  -28.4795
63  24  -39.1539
63  25  -75.7715
64  1  99.6926
64  2  56.6762
64  3  44.9455
64  4  37.7178
64  5  32.3796
64  6  28.0851
64  7  24.4497
64  8  21.2608
64  9  18.383
64  10  15.7206
64  11  13.2006
64  12  10.7653
64  13  8.36733
64  14  5.96505
64  15  3.52016
64  16  0.993631
64  17  -1.65814
64  18  -4.48988
64  19  -7.57506
64  20  -11.0227
64  21  -15.0101
64  22  -19.8614
64  23  -26.282
64  24  -36.4019
64  25  -70.5003
65  1  98.467
65  2  56.7269
65  3  45.4738
65  4  38.5259
65  5  33.3629
65  6  29.1707
65  7  25.5798
65  8  22.3882
65  9  19.4705
65  10  16.741
65  11  14.1372
65  12  11.6105
65  13  9.12041
65  14  6.63125
65  15  4.1082
65  16  1.51503
65  17  -1.19062
65  18  -4.06103
65  19  -7.16767
65  20  -10.6156
65  21  -14.5734
65  22  -19.3473
65  23  -25.5994
65  24  -35.3081
65  25  -66.9458
66  1  97.2749
66  2  57.0361
66  3  46.3425
66  4  39.7318
66  5  34.7768
66  6  30.691
66  7  27.12
66  8  23.8757
66  9  20.8478
66  10  17.9664
66  11  15.183
66  12  12.4597
66  13  9.76408
66  14  7.06552
66  15  4.33238
66  16  1.52945
66  17  -1.38528
66  18  -4.46464
66  19  -7.78047
66  20  -11.4372
66  21  -15.6026
66  22  -20.5768
66  23  -27.0016
66  24  -36.769
66  25  -67.0065
67  1  96.5349
67  2  57.9954
67  3  48.0121
67  4  41.9176
67  5  37.3476
67  6  33.517
67  7  30.0684
67  8  26.8201
67  9  23.6775
67  10  20.5908
67  11  17.5311
67  12  14.4774
67  13  11.4098
67  14  8.30602
67  15  5.14006
67  16  1.87857
67  17  -1.51959
67  18  -5.10903
67  19  -8.96518
67  20  -13.1983
67  21  -17.9835
67  22  -23.6318
67  23  -30.799
67  24  -41.3792
67  25  -71.813
68  1  96.1533
68  2  59.5876
68  3  50.8031
68  4  45.9067
68  5  42.4816
68  6  39.6244
68  7  36.8827
68  8  34.032
68  9  30.9823
68  10  27.7171
68  11  24.2519
68  12  20.6087
68  13  16.804
68  14  12.8432
68  15  8.71931
68  16  4.41187
68  17  -0.114867
68  18  -4.91465
68  19  -10.0677
68  20  -15.695
68  21  -21.9905
68  22  -29.2961
68  23  -38.3209
68  24  -51.0624
68  25  -83.9469
69  1  95.1048
69  2  62.6999
69  3  59.8077
69  4  62.7843
69  5  68.0238
69  6  73.2749
69  7  77.049
69  8  78.5917
69  9  77.732
69  10  74.6508
69  11  69.6767
69  12  63.1562
69  13  55.3895
69  14  46.6088
69  15  36.9781
69  16  26.5992
69  17  15.52
69  18  3.73652
69  19  -8.80792
69  20  -22.2359
69  21  -36.7699
69  22  -52.8156
69  23  -71.2062
69  24  -94.2047
69  25  -139.006
70  1  88.839
70  2  60.0922
70  3  60.6519
70  4  67.4366
70  5  76.3762
70  6  84.7752
70  7  90.9164
70  8  94.0286
70  9  94.0431
70  10  91.2723
70  11  86.1585
70  12  79.1281
70  13  70.5294
70  14  60.6165
70  15  49.5547
70  16  37.4303
70  17  24.2609
70  18  9.99647
70  19  -5.48317
70  20  -22.3879
70  21  -41.061
70  22  -62.084
70  23  -86.5689
70  24  -117.305
70  25  -173.131
71  1  76.5883
71  2  52.8738
71  3  57.5245
71  4  68.0253
71  5  79.9258
71  6  90.3277
71  7  97.5756
71  8  101.122
71  9  101.147
71  10  98.1591
71  11  92.7267
71  12  85.3428
71  13  76.3802
71  14  66.0907
71  15  54.6177
71  16  42.0119
71  17  28.2407
71  18  13.1874
71  19  -3.35927
71  20  -21.7362
71  21  -42.473
71  22  -66.4408
71  23  -95.2425
71  24  -132.648
71  25  -200.688
72  1  75.9431
72  2  55.0493
72  3  60.2561
72  4  70.2124
72  5  80.7769
72  6  89.4403
72  7  94.9415
72  8  97.0198
72  9  95.9992
72  10  92.4175
72  11  86.8046
72  12  79.5875
72  13  71.0669
72  14  61.4276
72  15  50.7529
72  16  39.0386
72  17  26.1966
72  18  12.0491
72  19  -3.69314
72  20  -21.4799
72  21  -42.0195
72  22  -66.4959
72  23  -97.1233
72  24  -139.082
72  25  -219.664
73  1  75.8748
73  2  57.5337
73  3  62.621
73  4  71.2606
73  5  79.8248
73  6  86.2919
73  7  89.7912
73  8  90.2897
73  9  88.1869
73  10  83.9996
73  11  78.1923
73  12  71.1155
73  13  63.0008
73  14  53.9746
73  15  44.0736
73  16  33.2559
73  17  21.4006
73  18  8.2959
73  19  -6.39064
73  20  -23.1749
73  21  -42.8856
73  22  -66.9519
73  23  -98.1531
73  24  -143.252
73  25  -236.891
74  1  78.5391
74  2  62.8584
74  3  67.38
74  4  74.1832
74  5  80.3091
74  6  84.2739
74  7  85.5801
74  8  84.3773
74  9  81.099
74  10  76.2137
74  11  70.1069
74  12  63.0497
74  13  55.2062
74  14  46.6503
74  15  37.3798
74  16  27.3244
74  17  16.3422
74  18  4.20488
74  19  -9.43941
74  20  -25.1378
74  21  -43.7862
74  22  -66.9773
74  23  -97.952
74  24  -145.083
74  25  -253.021
75  1  81.507
75  2  68.22
75  3  71.9919
75  4  76.9995
75  5  80.911
75  6  82.6906
75  7  82.1245
75  8  79.482
75  9  75.2022
75  10  69.7001
75  11  63.2917
75  12  56.182
75  13  48.4814
75  14  40.2237
75  15  31.3779
75  16  21.8553
75  17  11.5024
75  18  0.0842842
75  19  -12.7543
75  20  -27.5667
75  21  -45.2686
75  22  -67.5255
75  23  -97.8455
75  24  -145.8
75  25  -266.547
76  1  84.6658
76  2  73.6825
76  3  76.5501
76  4  79.7551
76  5  81.5475
76  6  81.285
76  7  78.9893
76  8  75.0207
76  9  69.8093
76  10  63.7165
76  11  56.9923
76  12  49.783
76  13  42.152
76  14  34.0975
76  15  25.5651
76  16  16.4504
76  17  6.59198
76  18  -4.24731
76  19  -16.42
76  20  -30.4739
76  21  -47.3221
76  22  -68.6493
76  23  -98.1015
76  24  -146.102
76  25  -278.78
77  1  87.8997
77  2  79.0302
77  3  80.9051
77  4  82.3716
77  5  82.186
77  6  80.0432
77  7  76.1644
77  8  70.9795
77  9  64.9049
77  10  58.25
77  11  51.2054
77  12  43.8646
77  13  36.2486
77  14  28.3257
77  15  20.0203
77  16  11.2147
77  17  1.74117
77  18  -8.6382
77  19  -20.2709
77  20  -33.6944
77  21  -49.8064
77  22  -70.2798
77  23  -98.8018
77  24  -146.307
77  25  -289.362
78  1  96.6769
78  2  89.1643
78  3  88.837
78  4  86.9028
78  5  82.8268
78  6  76.8959
78  7  69.7112
78  8  61.8526
78  9  53.7289
78  10  45.5668
78  11  37.4545
78  12  29.39
78  13  21.3165
78  14  13.1424
78  15  4.74839
78  16  -4.01436
78  17  -13.3337
78  18  -23.4587
78  19  -34.7404
78  20  -47.711
78  21  -63.2532
78  22  -83.0165
78  23  -110.672
78  24  -157.392
78  25  -308.714
79  1  99.0987
79  2  93.1689
79  3  91.7324
79  4  88.1367
79  5  82.2271
79  6  74.5709
79  7  65.9342
79  8  56.9502
79  9  48.0101
79  10  39.2919
79  11  30.8305
79  12  22.5779
79  13  14.4409
79  14  6.30086
79  15  -1.98043
79  16  -10.5627
79  17  -19.6405
79  18  -29.4634
79  19  -40.3776
79  20  -52.9039
79  21  -67.9039
79  22  -86.9908
79  23  -113.783
79  24  -159.503
79  25  -317.466
80  1  88.1249
80  2  84.339
80  3  83.8356
80  4  81.6993
80  5  77.5984
80  6  71.8377
80  7  64.9831
80  8  57.5651
80  9  49.9485
80  10  42.3294
80  11  34.7781
80  12  27.2853
80  13  19.793
80  14  12.2127
80  15  4.43169
80  16  -3.6893
80  17  -12.3259
80  18  -21.7102
80  19  -32.1707
80  20  -44.2057
80  21  -58.6475
80  22  -77.0618
80  23  -102.987
80  24  -147.558
80  25  -310.436
81  1  91.3395
81  2  88.6462
81  3  87.2506
81  4  83.8778
81  5  78.4356
81  6  71.4223
81  7  63.5189
81  8  55.2915
81  9  47.0902
81  10  39.0751
81  11  31.2779
81  12  23.6552
81  13  16.1231
81  14  8.57397
81  15  0.881823
81  16  -7.10089
81  17  -15.5535
81  18  -24.7081
81  19  -34.8885
81  20  -46.5827
81  21  -60.6014
81  22  -78.471
81  23  -103.648
81  24  -147.101
81  25  -312.909
82  1  94.8727
82  2  93.0873
82  3  90.7613
82  4  86.1282
82  5  79.3215
82  6  71.0348
82  7  62.065
82  8  53.0134
82  9  44.2149
82  10  35.7929
82  11  27.7401
82  12  19.9791
82  13  12.3996
82  14  4.87435
82  15  -2.73605
82  16  -10.587
82  17  -18.8622
82  18  -27.7938
82  19  -37.7007
82  20  -49.0599
82  21  -62.6607
82  22  -79.9867
82  23  -104.401
82  24  -146.631
82  25  -313.859
83  1  98.2752
83  2  97.0836
83  3  93.9181
83  4  88.1622
83  5  80.14
83  6  70.7175
83  7  60.7952
83  8  51.0055
83  9  41.6701
83  10  32.8799
83  11  24.5925
83  12  16.7011
83  13  9.07119
83  14  1.559
83  15  -5.98701
83  16  -13.7299
83  17  -21.857
83  18  -30.6004
83  19  -40.275
83  20  -51.3484
83  21  -64.5909
83  22  -81.4469
83  23  -105.191
83  24  -146.293
83  25  -313.381
84  1  101.74
84  2  100.915
84  3  96.9446
84  4  90.1188
84  5  80.9371
84  6  70.43
84  7  59.5963
84  8  49.099
84  9  39.2465
84  10  30.0994
84  11  21.5825
84  12  13.5601
84  13  5.87592
84  14  -1.63088
84  15  -9.12267
84  16  -16.77
84  17  -24.7635
84  18  -33.3358
84  19  -42.7983
84  20  -53.6093
84  21  -66.5213
84  22  -82.9415
84  23  -106.057
84  24  -146.068
84  25  -311.834
85  1  105.531
85  2  104.885
85  3  100.08
85  4  92.1493
85  5  81.7679
85  6  70.1367
85  7  58.3572
85  8  47.1239
85  9  36.7318
85  10  27.2102
85  11  18.4503
85  12  10.2867
85  13  2.53998
85  14  -4.9673
85  15  -12.4094
85  16  -19.9644
85  17  -27.8269
85  18  -36.2298
85  19  -45.4807
85  20  -56.0293
85  21  -68.6091
85  22  -84.5896
85  23  -107.066
85  24  -145.94
85  25  -309.23
86  1  109.351
86  2  108.697
86  3  103.091
86  4  94.0986
86  5  82.563
86  6  69.8493
86  7  57.1575
86  8  45.2124
86  9  34.2973
86  10  24.4112
86  11  15.4125
86  12  7.10829
86  13  -0.703439
86  14  -8.21619
86  15  -15.6159
86  16  -23.0873
86  17  -30.8292
86  18  -39.0749
86  19  -48.1289
86  20  -58.4319
86  21  -70.7005
86  22  -86.2672
86  23  -108.138
86  24  -145.918
86  25  -305.897
87  1  113.213
87  2  112.401
87  3  106.015
87  4  95.9886
87  5  83.3269
87  6  69.5556
87  7  55.9711
87  8  43.3292
87  9  31.9002
87  10  21.6547
87  11  12.4195
87  12  3.9738
87  13  -3.90526
87  14  -11.4275
87  15  -18.7897
87  16  -26.1841
87  17  -33.8125
87  18  -41.9095
87  19  -50.7761
87  20  -60.8448
87  21  -72.8158
87  22  -87.9855
87  23  -109.273
87  24  -145.986
87  25  -301.999
88  1  116.752
88  2  115.69
88  3  108.609
88  4  97.6609
88  5  83.9937
88  6  69.2768
88  7  54.894
88  8  41.6271
88  9  29.737
88  10  19.1677
88  11  9.71831
88  12  1.14388
88  13  -6.79838
88  14  -14.3319
88  15  -21.6634
88  16  -28.9918
88  17  -36.5222
88  18  -44.4891
88  19  -53.1917
88  20  -63.0551
88  21  -74.7643
88  22  -89.5841
88  23  -110.356
88  24  -146.118
88  25  -298.085
89  1  120.536
89  2  119.12
89  3  111.312
89  4  99.3963
89  5  84.6735
89  6  68.9632
89  7  53.7405
89  8  39.8157
89  9  27.4393
89  10  16.5278
89  11  6.85138
89  12  -1.86115
89  13  -9.87191
89  14  -17.4196
89  15  -24.7216
89  16  -31.9828
89  17  -39.4127
89  18  -47.2463
89  19  -55.7793
89  20  -65.4299
89  21  -76.8675
89  22  -91.3239
89  23  -111.56
89  24  -146.326
89  25  -293.636
90  1  124.307
90  2  122.467
90  3  113.945
90  4  101.08
90  5  85.3186
90  6  68.6302
90  7  52.5798
90  8  38.0063
90  9  25.1492
90  10  13.8992
90  11  3.99693
90  12  -4.8532
90  13  -12.9334
90  14  -20.4975
90  15  -27.7722
90  16  -34.9697
90  17  -42.3027
90  18  -50.007
90  19  -58.3755
90  20  -67.8193
90  21  -78.9923
90  22  -93.0945
90  23  -112.806
90  24  -146.597
90  25  -289.003
91  1  127.962
91  2  125.657
91  3  116.452
91  4  102.674
91  5  85.9137
91  6  68.2841
91  7  51.4366
91  8  36.2377
91  9  22.9169
91  10  11.3394
91  11  1.21852
91  12  -7.7659
91  13  -15.9148
91  14  -23.496
91  15  -30.7461
91  16  -37.8841
91  17  -45.1256
91  18  -52.7071
91  19  -60.9191
91  20  -70.1658
91  21  -81.0865
91  22  -94.8502
91  23  -114.06
91  24  -146.916
91  25  -284.378
92  1  131.519
92  2  128.722
92  3  118.855
92  4  104.193
92  5  86.465
92  6  67.9225
92  7  50.3014
92  8  34.4949
92  9  20.7231
92  10  8.82669
92  11  -1.50766
92  12  -10.6236
92  13  -18.8403
92  14  -26.4395
92  15  -33.6674
92  16  -40.7487
92  17  -47.9026
92  18  -55.3665
92  19  -63.4281
92  20  -72.4852
92  21  -83.1629
92  22  -96.6003
92  23  -115.327
92  24  -147.278
92  25  -279.788
93  1  135.078
93  2  131.757
93  3  121.231
93  4  105.686
93  5  86.9895
93  6  67.5334
93  7  49.1379
93  8  32.7228
93  9  18.4987
93  10  6.28221
93  11  -4.26688
93  12  -13.5156
93  13  -21.8016
93  14  -29.4197
93  15  -36.6263
93  16  -43.6521
93  17  -50.7198
93  18  -58.0669
93  19  -65.9794
93  20  -74.8479
93  21  -85.2837
93  22  -98.3963
93  23  -116.641
93  24  -147.692
93  25  -275.136
94  1  138.34
94  2  134.519
94  3  123.387
94  4  107.032
94  5  87.4462
94  6  67.1506
94  7  48.0431
94  8  31.0682
94  9  16.4279
94  10  3.91645
94  11  -6.83101
94  12  -16.2026
94  13  -24.5528
94  14  -32.1895
94  15  -39.3773
94  16  -46.353
94  17  -53.3422
94  18  -60.5831
94  19  -68.3592
94  20  -77.0556
94  21  -87.2704
94  22  -100.086
94  23  -117.89
94  24  -148.116
94  25  -270.84
95  1  141.731
95  2  137.371
95  3  125.61
95  4  108.409
95  5  87.8962
95  6  66.7247
95  7  46.8737
95  8  29.314
95  9  14.2385
95  10  1.41838
95  11  -9.53686
95  12  -19.0374
95  13  -27.4557
95  14  -35.1124
95  15  -42.2815
95  16  -49.2055
95  17  -56.1135
95  18  -63.2443
95  19  -70.8792
95  20  -79.3964
95  21  -89.3815
95  22  -101.888
95  23  -119.234
95  24  -148.603
95  25  -266.358
96  1  145.114
96  2  140.202
96  3  127.811
96  4  109.763
96  5  88.3197
96  6  66.269
96  7  45.6719
96  8  27.5248
96  9  12.012
96  10  -1.11865
96  11  -12.2831
96  12  -21.9139
96  13  -30.4013
96  14  -38.0787
96  15  -45.2298
96  16  -52.1028
96  17  -58.9299
96  18  -65.9509
96  19  -73.4445
96  20  -81.7831
96  21  -91.5386
96  22  -103.736
96  23  -120.625
96  24  -149.137
96  25  -261.883
97  1  148.638
97  2  143.139
97  3  130.087
97  4  111.152
97  5  88.7328
97  6  65.76
97  7  44.3796
97  8  25.6156
97  9  9.64333
97  10  -3.81383
97  11  -15.1984
97  12  -24.9668
97  13  -33.5272
97  14  -41.2273
97  15  -48.36
97  16  -55.18
97  17  -61.923
97  18  -68.8296
97  19  -76.1759
97  20  -84.3276
97  21  -93.8429
97  22  -105.718
97  23  -122.128
97  24  -149.746
97  25  -257.23
98  1  151.72
98  2  145.699
98  3  132.066
98  4  112.349
98  5  89.0704
98  6  65.2845
98  7  43.2134
98  8  23.9052
98  9  7.52737
98  10  -6.21829
98  11  -17.7975
98  12  -27.6875
98  13  -36.3131
98  14  -44.0337
98  15  -51.1507
98  16  -57.9245
98  17  -64.594
98  18  -71.3999
98  19  -78.6168
98  20  -86.6045
98  21  -95.9091
98  22  -107.501
98  23  -123.49
98  24  -150.324
98  25  -253.177
99  1  155.128
99  2  148.523
99  3  134.244
99  4  113.654
99  5  89.4168
99  6  64.724
99  7  41.882
99  8  21.9661
99  9  5.1353
99  10  -8.93262
99  11  -20.7298
99  12  -30.7561
99  13  -39.4548
99  14  -47.1988
99  15  -54.299
99  16  -61.0218
99  17  -67.6097
99  18  -74.3041
99  19  -81.377
99  20  -89.1824
99  21  -98.2523
99  22  -109.529
99  23  -125.051
99  24  -151.015
99  25  -248.72
100  1  158.481
100  2  151.294
100  3  136.374
100  4  114.919
100  5  89.7289
100  6  64.1351
100  7  40.5273
100  8  20.0074
100  9  2.72596
100  10  -11.6628
100  11  -23.6769
100  12  -33.8393
100  13  -42.6112
100  14  -50.3788
100  15  -57.4627
100  16  -64.1355
100  17  -70.6427
100  18  -77.2268
100  19  -84.1574
100  20  -91.7821
100  21  -100.62
100  22  -111.584
100  23  -126.644
100  24  -151.748
100  25  -244.37
101  1  161.794
101  2  154.027
101  3  138.467
101  4  116.149
101  5  90.0088
101  6  63.5154
101  7  39.1425
101  8  18.0194
101  9  0.287606
101  10  -14.422
101  11  -26.6532
101  12  -36.952
101  13  -45.7975
101  14  -53.5891
101  15  -60.6573
101  16  -67.2806
101  17  -73.7078
101  18  -80.1822
101  19  -86.9714
101  20  -94.4163
101  21  -103.023
101  22  -113.676
101  23  -128.278
101  24  -152.528
101  25  -240.113
102  1  165.34
102  2  156.946
102  3  140.696
102  4  117.444
102  5  90.2755
102  6  62.8087
102  7  37.6073
102  8  15.8307
102  9  -2.38904
102  10  -17.4463
102  11  -29.9132
102  12  -40.3601
102  13  -49.2855
102  14  -57.1039
102  15  -64.1553
102  16  -70.7255
102  17  -77.0667
102  18  -83.4229
102  19  -90.0593
102  20  -97.3104
102  21  -105.668
102  22  -115.987
102  23  -130.093
102  24  -153.426
102  25  -235.609
103  1  168.703
103  2  159.711
103  3  142.799
103  4  118.651
103  5  90.4958
103  6  62.0943
103  7  36.0977
103  8  13.6932
103  9  -4.99531
103  10  -20.3868
103  11  -33.0805
103  12  -43.6702
103  13  -52.6731
103  14  -60.5175
103  15  -67.5535
103  16  -74.0729
103  17  -80.3319
103  18  -86.5751
103  19  -93.0656
103  20  -100.131
103  21  -108.25
103  22  -118.249
103  23  -131.882
103  24  -154.34
103  25  -231.393
104  1  171.896
104  2  162.332
104  3  144.785
104  4  119.777
104  5  90.6745
104  6  61.3751
104  7  34.6142
104  8  11.6065
104  9  -7.53297
104  10  -23.2463
104  11  -36.1582
104  12  -46.8853
104  13  -55.9629
104  14  -63.8328
104  15  -70.8543
104  16  -77.3256
104  17  -83.506
104  18  -89.641
104  19  -95.9918
104  20  -102.88
104  21  -110.77
104  22  -120.462
104  23  -133.644
104  24  -155.268
104  25  -227.447
105  1  175.261
105  2  165.091
105  3  146.868
105  4  120.943
105  5  90.8292
105  6  60.5722
105  7  32.9957
105  8  9.34392
105  9  -10.277
105  10  -26.3337
105  11  -39.4788
105  12  -50.353
105  13  -59.5109
105  14  -67.4084
105  15  -74.4148
105  16  -80.835
105  17  -86.9322
105  18  -92.9523
105  19  -99.1545
105  20  -105.854
105  21  -113.502
105  22  -122.868
105  23  -135.57
105  24  -156.31
105  25  -223.355
106  1  178.544
106  2  167.78
106  3  148.888
106  4  122.058
106  5  90.9459
106  6  59.7421
106  7  31.3596
106  8  7.07104
106  9  -13.026
106  10  -29.4228
106  11  -42.7989
106  12  -53.8189
106  13  -63.0566
106  14  -70.9815
106  15  -77.9735
106  16  -84.3438
106  17  -90.3589
106  18  -96.2659
106  19  -102.322
106  20  -108.835
106  21  -116.244
106  22  -125.29
106  23  -137.52
106  24  -157.394
106  25  -219.432
107  1  181.998
107  2  170.605
107  3  151.003
107  4  123.208
107  5  91.0305
107  6  58.8174
107  7  29.5748
107  8  4.60667
107  9  -15.9985
107  10  -32.7582
107  11  -46.3811
107  12  -57.5571
107  13  -66.8802
107  14  -74.835
107  15  -81.812
107  16  -88.1294
107  17  -94.0576
107  18  -99.8446
107  19  -105.745
107  20  -112.061
107  21  -119.216
107  22  -127.921
107  23  -139.652
107  24  -158.608
107  25  -215.385
108  1  185.454
108  2  173.429
108  3  153.106
108  4  124.332
108  5  91.0745
108  6  57.8367
108  7  27.7214
108  8  2.0632
108  9  -19.0583
108  10  -36.187
108  11  -50.0606
108  12  -61.3953
108  13  -70.8055
108  14  -78.7912
108  15  -85.7534
108  16  -92.0173
108  17  -97.8579
108  18  -103.524
108  19  -109.267
108  20  -115.382
108  21  -122.281
108  22  -130.643
108  23  -141.869
108  24  -159.904
108  25  -211.424
109  1  188.965
109  2  176.295
109  3  155.23
109  4  125.446
109  5  91.0749
109  6  56.7806
109  7  25.7645
109  8  -0.605784
109  9  -22.2599
109  10  -39.7696
109  11  -53.9025
109  12  -65.4015
109  13  -74.902
109  14  -82.9197
109  15  -89.8672
109  16  -96.0768
109  17  -101.827
109  18  -107.368
109  19  -112.95
109  20  -118.86
109  21  -125.495
109  22  -133.505
109  23  -144.214
109  24  -161.306
109  25  -207.497
110  1  192.302
110  2  179.015
110  3  157.235
110  4  126.479
110  5  91.0333
110  6  55.7198
110  7  23.835
110  8  -3.22204
110  9  -25.3907
110  10  -43.2681
110  11  -57.6514
110  12  -69.3092
110  13  -78.8971
110  14  -86.9463
110  15  -93.88
110  16  -100.037
110  17  -105.701
110  18  -111.123
110  19  -116.549
110  20  -122.263
110  21  -128.645
110  22  -136.315
110  23  -146.529
110  24  -162.721
110  25  -203.861
111  1  195.733
111  2  181.809
111  3  159.284
111  4  127.512
111  5  90.9451
111  6  54.5672
111  7  21.775
111  8  -6.00005
111  9  -28.706
111  10  -46.9681
111  11  -61.6135
111  12  -73.4374
111  13  -83.1172
111  14  -91.1998
111  15  -98.1193
111  16  -104.223
111  17  -109.797
111  18  -115.094
111  19  -120.359
111  20  -125.868
111  21  -131.986
111  22  -139.305
111  23  -149.005
111  24  -164.265
111  25  -200.224
112  1  199.376
112  2  184.771
112  3  161.443
112  4  128.576
112  5  90.7987
112  6  53.2724
112  7  19.5005
112  8  -9.04948
112  9  -32.3361
112  10  -51.0136
112  11  -65.9421
112  12  -77.9461
112  13  -87.7253
112  14  -95.8443
112  15  -102.749
112  16  -108.795
112  17  -114.273
112  18  -119.436
112  19  -124.528
112  20  -129.816
112  21  -135.652
112  22  -142.594
112  23  -151.742
112  24  -166.007
112  25  -196.484
113  1  202.598
113  2  187.388
113  3  163.338
113  4  129.487
113  5  90.6218
113  6  52.0625
113  7  17.4095
113  8  -11.8379
113  9  -35.6469
113  10  -54.6984
113  11  -69.8822
113  12  -82.0483
113  13  -91.9174
113  14  -100.07
113  15  -106.962
113  16  -112.956
113  17  -118.348
113  18  -123.392
113  19  -128.329
113  20  -133.419
113  21  -139.002
113  22  -145.606
113  23  -154.262
113  24  -167.641
113  25  -193.285
114  1  205.964
114  2  190.119
114  3  165.304
114  4  130.408
114  5  90.3877
114  6  50.7313
114  7  15.1424
114  8  -14.8458
114  9  -39.2102
114  10  -58.6593
114  11  -74.1142
114  12  -86.4531
114  13  -96.4182
114  14  -104.606
114  15  -111.485
114  16  -117.425
114  17  -122.726
114  18  -127.644
114  19  -132.416
114  20  -137.298
114  21  -142.613
114  22  -148.86
114  23  -156.997
114  24  -169.445
114  25  -190.055
115  1  209.442
115  2  192.937
115  3  167.319
115  4  131.324
115  5  90.0901
115  6  49.2804
115  7  12.707
115  8  -18.0605
115  9  -43.0088
115  10  -62.8765
115  11  -78.6172
115  12  -91.138
115  13  -101.204
115  14  -109.43
115  15  -116.296
115  16  -122.179
115  17  -127.386
115  18  -132.171
115  19  -136.772
115  20  -141.435
115  21  -146.47
115  22  -152.345
115  23  -159.94
115  24  -171.418
115  25  -186.845
116  1  213.039
116  2  195.848
116  3  169.383
116  4  132.233
116  5  89.7197
116  6  47.6948
116  7  10.0845
116  8  -21.5043
116  9  -47.0684
116  10  -67.3774
116  11  -83.4195
116  12  -96.1324
116  13  -106.306
116  14  -114.572
116  15  -121.424
116  16  -127.249
116  17  -132.356
116  18  -137.003
116  19  -141.423
116  20  -145.858
116  21  -150.6
116  22  -156.083
116  23  -163.112
116  24  -173.579
116  25  -183.667
117  1  216.203
117  2  198.403
117  3  171.183
117  4  132.997
117  5  89.3385
117  6  46.2255
117  7  7.68595
117  8  -24.6386
117  9  -50.7547
117  10  -71.4594
117  11  -87.772
117  12  -100.657
117  13  -110.928
117  14  -119.23
117  15  -126.071
117  16  -131.844
117  17  -136.862
117  18  -141.385
117  19  -145.645
117  20  -149.875
117  21  -154.356
117  22  -159.491
117  23  -166.016
117  24  -175.587
117  25  -180.997
118  1  219.555
118  2  201.107
118  3  173.072
118  4  133.77
118  5  88.8753
118  6  44.5879
118  7  5.0454
118  8  -28.0734
118  9  -54.7856
118  10  -75.9175
118  11  -92.5223
118  12  -105.594
118  13  -115.969
118  14  -124.312
118  15  -131.14
118  16  -136.857
118  17  -141.78
118  18  -146.171
118  19  -150.258
118  20  -154.27
118  21  -158.469
118  22  -163.232
118  23  -169.216
118  24  -177.83
118  25  -178.298
119  1  222.948
119  2  203.84
119  3  174.964
119  4  134.51
119  5  88.3409
119  6  42.8412
119  7  2.26368
119  8  -31.6755
119  9  -59.0031
119  10  -80.5766
119  11  -97.4834
119  12  -110.749
119  13  -121.232
119  14  -129.616
119  15  -136.433
119  16  -142.093
119  17  -146.918
119  18  -151.173
119  19  -155.083
119  20  -158.869
119  21  -162.78
119  22  -167.159
119  23  -172.59
119  24  -180.228
119  25  -175.71
120  1  226.137
120  2  206.404
120  3  176.724
120  4  135.167
120  5  87.7755
120  6  41.1144
120  7  -0.455343
120  8  -35.1807
120  9  -63.0984
120  10  -85.0953
120  11  -102.292
120  12  -115.743
120  13  -126.33
120  14  -134.755
120  15  -141.561
120  16  -147.166
120  17  -151.899
120  18  -156.024
120  19  -159.765
120  20  -163.336
120  21  -166.973
120  22  -170.987
120  23  -175.892
120  24  -182.602
120  25  -173.413
121  1  229.492
121  2  209.096
121  3  178.553
121  4  135.812
121  5  87.1102
121  6  39.2025
121  7  -3.43205
121  8  -39.0017
121  9  -67.5531
121  10  -90.005
121  11  -107.513
121  12  -121.163
121  13  -131.863
121  14  -140.332
121  15  -147.126
121  16  -152.674
121  17  -157.309
121  18  -161.295
121  19  -164.855
121  20  -168.197
121  21  -171.54
121  22  -175.165
121  23  -179.508
121  24  -185.234
121  25  -171.144
122  1  232.859
122  2  211.792
122  3  180.367
122  4  136.414
122  5  86.3687
122  6  37.1834
122  7  -6.54273
122  8  -42.9777
122  9  -72.1789
122  10  -95.0974
122  11  -112.925
122  12  -126.78
122  13  -137.596
122  14  -146.11
122  15  -152.893
122  16  -158.383
122  17  -162.917
122  18  -166.761
122  19  -170.138
122  20  -173.246
122  21  -176.289
122  22  -179.518
122  23  -183.29
122  24  -188.017
122  25  -169.022
123  1  236.307
123  2  214.547
123  3  182.199
123  4  136.976
123  5  85.5245
123  6  35.0016
123  7  -9.86787
123  8  -47.2093
123  9  -77.0914
123  10  -100.499
123  11  -118.662
123  12  -132.732
123  13  -143.669
123  14  -152.232
123  15  -159.004
123  16  -164.434
123  17  -168.863
123  18  -172.56
123  19  -175.745
123  20  -178.609
123  21  -181.341
123  22  -184.156
123  23  -187.336
123  24  -191.028
123  25  -167.02
124  1  239.774
124  2  217.309
124  3  184.012
124  4  137.484
124  5  84.5855
124  6  32.6857
124  7  -13.3606
124  8  -51.6351
124  9  -82.2183
124  10  -106.13
124  11  -124.639
124  12  -138.93
124  13  -149.993
124  14  -158.606
124  15  -165.368
124  16  -170.736
124  17  -175.058
124  18  -178.605
124  19  -181.593
124  20  -184.208
124  21  -186.621
124  22  -189.014
124  23  -191.588
124  24  -194.226
124  25  -165.186
125  1  243.494
125  2  220.265
125  3  185.925
125  4  137.961
125  5  83.4702
125  6  30.0554
125  7  -17.2861
125  8  -56.5882
125  9  -87.9433
125  10  -112.41
125  11  -131.3
125  12  -145.836
125  13  -157.038
125  14  -165.707
125  15  -172.458
125  16  -177.758
125  17  -181.964
125  18  -185.346
125  19  -188.12
125  20  -190.462
125  21  -192.526
125  22  -194.457
125  23  -196.369
125  24  -197.861
125  25  -163.424
126  1  247.426
126  2  223.378
126  3  187.906
126  4  138.382
126  5  82.1621
126  6  27.1017
126  7  -21.6471
126  8  -62.066
126  9  -94.2606
126  10  -119.331
126  11  -138.635
126  12  -153.438
126  13  -164.791
126  14  -173.522
126  15  -180.262
126  16  -185.491
126  17  -189.57
126  18  -192.775
126  19  -195.317
126  20  -197.364
126  21  -199.051
126  22  -200.484
126  23  -201.683
126  24  -201.943
126  25  -161.806
127  1  251.49
127  2  226.583
127  3  189.906
127  4  138.722
127  5  80.6591
127  6  23.8448
127  7  -26.4039
127  8  -68.0131
127  9  -101.103
127  10  -126.817
127  11  -146.563
127  12  -161.651
127  13  -173.167
127  14  -181.964
127  15  -188.694
127  16  -193.847
127  17  -197.793
127  18  -200.81
127  19  -203.107
127  20  -204.842
127  21  -206.13
127  22  -207.036
127  23  -207.482
127  24  -206.446
127  25  -160.406
128  1  256.352
128  2  230.397
128  3  192.23
128  4  138.987
128  5  78.6415
128  6  19.6532
128  7  -32.4551
128  8  -75.5404
128  9  -109.74
128  10  -136.253
128  11  -156.548
128  12  -171.991
128  13  -183.71
128  14  -192.59
128  15  -199.308
128  16  -204.369
128  17  -208.152
128  18  -210.938
128  19  -212.933
128  20  -214.284
128  21  -215.081
128  22  -215.339
128  23  -214.862
128  24  -212.239
128  25  -159.118
129  1  262.658
129  2  235.308
129  3  195.115
129  4  139.077
129  5  75.6269
129  6  13.6826
129  7  -40.955
129  8  -86.0485
129  9  -121.759
129  10  -149.36
129  11  -170.405
129  12  -186.331
129  13  -198.327
129  14  -207.324
129  15  -214.028
129  16  -218.967
129  17  -222.531
129  18  -225.006
129  19  -226.594
129  20  -227.427
129  21  -227.564
129  22  -226.949
129  23  -225.229
129  24  -220.485
129  25  -158.114
130  1  412.023
130  2  258.699
130  3  206.229
130  4  133.175
130  5  50.8164
130  6  -29.1531
130  7  -99.2276
130  8  -156.592
130  9  -201.549
130  10  -235.823
130  11  -261.475
130  12  -280.394
130  13  -294.132
130  14  -303.888
130  15  -310.562
130  16  -314.814
130  17  -317.111
130  18  -317.767
130  19  -316.964
130  20  -314.749
130  21  -310.993
130  22  -305.252
130  23  -296.267
130  24  -279.264
130  25  -167.533
