1  1  107.594
1  2  98.846
1  3  95.3652
1  4  93.1099
1  5  91.4011
1  6  89.9973
1  7  88.7834
1  8  87.6942
1  9  86.6875
1  10  85.7331
1  11  84.8062
1  12  83.8851
1  13  82.9487
1  14  81.9757
1  15  80.944
1  16  79.8307
1  17  78.6119
1  18  77.2617
1  19  75.7498
1  20  74.0328
1  21  72.0398
1  22  69.6345
1  23  66.5178
1  24  61.8395
1  25  51.4335
2  1  117.158
2  2  108.664
2  3  105.429
2  4  103.351
2  5  101.79
2  6  100.522
2  7  99.4451
2  8  98.502
2  9  97.6599
2  10  96.8983
2  11  96.2034
2  12  95.5655
2  13  94.9769
2  14  94.4289
2  15  93.91
2  16  93.4014
2  17  92.8733
2  18  92.2797
2  19  91.5537
2  20  90.6042
2  21  89.3101
2  22  87.5007
2  23  84.8777
2  24  80.6811
2  25  71.8781
3  1  123.777
3  2  115.31
3  3  112.264
3  4  110.338
3  5  108.919
3  6  107.802
3  7  106.894
3  8  106.154
3  9  105.565
3  10  105.125
3  11  104.848
3  12  104.755
3  13  104.881
3  14  105.273
3  15  105.982
3  16  107.066
3  17  108.569
3  18  110.502
3  19  112.807
3  20  115.318
3  21  117.744
3  22  119.679
3  23  120.65
3  24  120.057
3  25  116.552
4  1  127.846
4  2  119.231
4  3  116.274
4  4  114.432
4  5  113.098
4  6  112.075
4  7  111.281
4  8  110.681
4  9  110.268
4  10  110.055
4  11  110.067
4  12  110.345
4  13  110.942
4  14  111.926
4  15  113.367
4  16  115.332
4  17  117.863
4  18  120.947
4  19  124.477
4  20  128.231
4  21  131.87
4  22  134.991
4  23  137.202
4  24  138.115
4  25  136.137
5  1  132.367
5  2  123.366
5  3  120.453
5  4  118.668
5  5  117.403
5  6  116.462
5  7  115.768
5  8  115.293
5  9  115.037
5  10  115.015
5  11  115.256
5  12  115.801
5  13  116.692
5  14  117.972
5  15  119.67
5  16  121.789
5  17  124.288
5  18  127.065
5  19  129.96
5  20  132.762
5  21  135.245
5  22  137.199
5  23  138.438
5  24  138.7
5  25  135.038
6  1  137.427
6  2  127.694
6  3  124.734
6  4  122.951
6  5  121.708
6  6  120.806
6  7  120.165
6  8  119.758
6  9  119.581
6  10  119.644
6  11  119.963
6  12  120.555
6  13  121.431
6  14  122.586
6  15  123.993
6  16  125.597
6  17  127.312
6  18  129.03
6  19  130.632
6  20  132.002
6  21  133.035
6  22  133.637
6  23  133.683
6  24  132.824
6  25  126.594
7  1  142.872
7  2  132.047
7  3  128.923
7  4  127.062
7  5  125.776
7  6  124.847
7  7  124.19
7  8  123.77
7  9  123.573
7  10  123.596
7  11  123.837
7  12  124.289
7  13  124.934
7  14  125.738
7  15  126.651
7  16  127.606
7  17  128.532
7  18  129.354
7  19  130.003
7  20  130.418
7  21  130.541
7  22  130.298
7  23  129.538
7  24  127.77
7  25  119.213
8  1  149.632
8  2  137.157
8  3  133.701
8  4  131.653
8  5  130.234
8  6  129.198
8  7  128.445
8  8  127.925
8  9  127.613
8  10  127.491
8  11  127.541
8  12  127.737
8  13  128.046
8  14  128.424
8  15  128.821
8  16  129.184
8  17  129.462
8  18  129.609
8  19  129.582
8  20  129.343
8  21  128.839
8  22  127.982
8  23  126.574
8  24  123.964
8  25  113.001
9  1  156.346
9  2  142.063
9  3  138.183
9  4  135.884
9  5  134.278
9  6  133.087
9  7  132.19
9  8  131.527
9  9  131.062
9  10  130.765
9  11  130.609
9  12  130.56
9  13  130.581
9  14  130.627
9  15  130.656
9  16  130.625
9  17  130.494
9  18  130.229
9  19  129.797
9  20  129.158
9  21  128.255
9  22  126.98
9  23  125.088
9  24  121.79
9  25  108.714
10  1  162.211
10  2  146.281
10  3  141.986
10  4  139.433
10  5  137.638
10  6  136.288
10  7  135.248
10  8  134.445
10  9  133.837
10  10  133.386
10  11  133.06
10  12  132.822
10  13  132.632
10  14  132.45
10  15  132.235
10  16  131.95
10  17  131.561
10  18  131.038
10  19  130.347
10  20  129.447
10  21  128.273
10  22  126.699
10  23  124.441
10  24  120.599
10  25  105.788
11  1  166.914
11  2  149.633
11  3  144.982
11  4  142.21
11  5  140.25
11  6  138.763
11  7  137.599
11  8  136.68
11  9  135.955
11  10  135.383
11  11  134.928
11  12  134.551
11  13  134.213
11  14  133.874
11  15  133.496
11  16  133.042
11  17  132.483
11  18  131.788
11  19  130.922
11  20  129.842
11  21  128.474
11  22  126.681
11  23  124.148
11  24  119.887
11  25  103.717
12  1  171.23
12  2  152.678
12  3  147.684
12  4  144.699
12  5  142.579
12  6  140.958
12  7  139.677
12  8  138.646
12  9  137.812
12  10  137.13
12  11  136.56
12  12  136.064
12  13  135.6
12  14  135.129
12  15  134.615
12  16  134.023
12  17  133.324
12  18  132.485
12  19  131.473
12  20  130.239
12  21  128.702
12  22  126.714
12  23  123.933
12  24  119.291
12  25  101.87
13  1  174.786
13  2  155.152
13  3  149.859
13  4  146.689
13  5  144.429
13  6  142.693
13  7  141.309
13  8  140.184
13  9  139.257
13  10  138.484
13  11  137.821
13  12  137.228
13  13  136.664
13  14  136.09
13  15  135.47
13  16  134.771
13  17  133.961
13  18  133.01
13  19  131.881
13  20  130.523
13  21  128.85
13  22  126.702
13  23  123.714
13  24  118.753
13  25  100.28
14  1  178.001
14  2  157.344
14  3  151.767
14  4  148.419
14  5  146.025
14  6  144.179
14  7  142.697
14  8  141.482
14  9  140.469
14  10  139.61
14  11  138.861
14  12  138.181
14  13  137.527
14  14  136.862
14  15  136.148
14  16  135.352
14  17  134.445
14  18  133.393
14  19  132.16
14  20  130.688
14  21  128.89
14  22  126.593
14  23  123.414
14  24  118.155
14  25  98.6945
15  1  180.896
15  2  159.264
15  3  153.413
15  4  149.893
15  5  147.37
15  6  145.417
15  7  143.842
15  8  142.54
15  9  141.446
15  10  140.507
15  11  139.678
15  12  138.916
15  13  138.181
15  14  137.431
15  15  136.631
15  16  135.749
15  17  134.752
15  18  133.608
15  19  132.277
15  20  130.701
15  21  128.786
15  22  126.349
15  23  122.989
15  24  117.447
15  25  97.0499
16  1  183.536
16  2  160.947
16  3  154.824
16  4  151.134
16  5  148.483
16  6  146.424
16  7  144.756
16  8  143.37
16  9  142.196
16  10  141.179
16  11  140.273
16  12  139.434
16  13  138.619
16  14  137.789
16  15  136.909
16  16  135.943
16  17  134.862
16  18  133.63
16  19  132.206
16  20  130.529
16  21  128.499
16  22  125.928
16  23  122.39
16  24  116.572
16  25  95.2565
17  1  185.668
17  2  162.233
17  3  155.869
17  4  152.027
17  5  149.263
17  6  147.11
17  7  145.359
17  8  143.898
17  9  142.653
17  10  141.568
17  11  140.595
17  12  139.688
17  13  138.805
17  14  137.907
17  15  136.956
17  16  135.92
17  17  134.765
17  18  133.457
17  19  131.952
17  20  130.187
17  21  128.058
17  22  125.367
17  23  121.674
17  24  115.612
17  25  93.4863
18  1  187.66
18  2  163.343
18  3  156.725
18  4  152.725
18  5  149.841
18  6  147.589
18  7  145.753
18  8  144.213
18  9  142.895
18  10  141.739
18  11  140.696
18  12  139.72
18  13  138.768
18  14  137.799
18  15  136.777
18  16  135.667
18  17  134.437
18  18  133.051
18  19  131.463
18  20  129.607
18  21  127.375
18  22  124.56
18  23  120.705
18  24  114.389
18  25  91.4186
19  1  189.263
19  2  164.132
19  3  157.279
19  4  153.132
19  5  150.136
19  6  147.793
19  7  145.877
19  8  144.266
19  9  142.879
19  10  141.658
19  11  140.551
19  12  139.512
19  13  138.497
19  14  137.464
19  15  136.377
19  16  135.201
19  17  133.903
19  18  132.445
19  19  130.781
19  20  128.842
19  21  126.515
19  22  123.587
19  23  119.582
19  24  113.032
19  25  89.2827
20  1  190.468
20  2  164.621
20  3  157.562
20  4  153.284
20  5  150.191
20  6  147.767
20  7  145.781
20  8  144.106
20  9  142.66
20  10  141.382
20  11  140.219
20  12  139.125
20  13  138.054
20  14  136.966
20  15  135.823
20  16  134.59
20  17  133.232
20  18  131.712
20  19  129.982
20  20  127.97
20  21  125.56
20  22  122.533
20  23  118.397
20  24  111.641
20  25  87.2072
21  1  191.47
21  2  164.908
21  3  157.642
21  4  153.234
21  5  150.042
21  6  147.538
21  7  145.481
21  8  143.742
21  9  142.237
21  10  140.902
21  11  139.685
21  12  138.536
21  13  137.411
21  14  136.268
21  15  135.069
21  16  133.779
21  17  132.362
21  18  130.781
21  19  128.985
21  20  126.901
21  21  124.408
21  22  121.281
21  23  117.014
21  24  110.054
21  25  84.9363
22  1  192.218
22  2  164.986
22  3  157.524
22  4  152.993
22  5  149.71
22  6  147.129
22  7  145.006
22  8  143.208
22  9  141.647
22  10  140.259
22  11  138.99
22  12  137.79
22  13  136.614
22  14  135.419
22  15  134.169
22  16  132.826
22  17  131.355
22  18  129.716
22  19  127.858
22  20  125.707
22  21  123.137
22  22  119.916
22  23  115.527
22  24  108.374
22  25  82.6145
23  1  192.791
23  2  164.866
23  3  157.203
23  4  152.545
23  5  149.165
23  6  146.506
23  7  144.315
23  8  142.455
23  9  140.837
23  10  139.394
23  11  138.071
23  12  136.819
23  13  135.591
23  14  134.344
23  15  133.041
23  16  131.643
23  17  130.116
23  18  128.418
23  19  126.497
23  20  124.276
23  21  121.626
23  22  118.31
23  23  113.794
23  24  106.442
23  25  80.0206
24  1  193.156
24  2  164.545
24  3  156.682
24  4  151.898
24  5  148.424
24  6  145.687
24  7  143.429
24  8  141.507
24  9  139.832
24  10  138.335
24  11  136.96
24  12  135.656
24  13  134.377
24  14  133.079
24  15  131.723
24  16  130.272
24  17  128.689
24  18  126.933
24  19  124.95
24  20  122.66
24  21  119.932
24  22  116.52
24  23  111.879
24  24  104.33
24  25  77.2543
25  1  193.318
25  2  164.052
25  3  155.998
25  4  151.094
25  5  147.529
25  6  144.717
25  7  142.393
25  8  140.414
25  9  138.684
25  10  137.136
25  11  135.711
25  12  134.358
25  13  133.029
25  14  131.682
25  15  130.276
25  16  128.775
25  17  127.14
25  18  125.328
25  19  123.285
25  20  120.93
25  21  118.126
25  22  114.624
25  23  109.864
25  24  102.127
25  25  74.4246
26  1  193.304
26  2  163.384
26  3  155.138
26  4  150.114
26  5  146.458
26  6  143.571
26  7  141.183
26  8  139.145
26  9  137.361
26  10  135.761
26  11  134.286
26  12  132.884
26  13  131.507
26  14  130.111
26  15  128.656
26  16  127.104
26  17  125.417
26  18  123.55
26  19  121.448
26  20  119.027
26  21  116.149
26  22  112.556
26  23  107.677
26  24  99.7522
26  25  71.4251
27  1  193.127
27  2  162.565
27  3  154.133
27  4  148.99
27  5  145.245
27  6  142.285
27  7  139.833
27  8  137.738
27  9  135.901
27  10  134.251
27  11  132.727
27  12  131.278
27  13  129.853
27  14  128.41
27  15  126.907
27  16  125.305
27  17  123.567
27  18  121.646
27  19  119.487
27  20  117.002
27  21  114.05
27  22  110.369
27  23  105.373
27  24  97.2644
27  25  68.3259
28  1  192.786
28  2  161.56
28  3  152.933
28  4  147.668
28  5  143.83
28  6  140.795
28  7  138.277
28  8  136.123
28  9  134.231
28  10  132.529
28  11  130.955
28  12  129.456
28  13  127.982
28  14  126.49
28  15  124.937
28  16  123.284
28  17  121.493
28  18  119.518
28  19  117.298
28  20  114.747
28  21  111.72
28  22  107.947
28  23  102.83
28  24  94.5315
28  25  64.96
29  1  192.322
29  2  160.458
29  3  151.644
29  4  146.261
29  5  142.335
29  6  139.226
29  7  136.646
29  8  134.434
29  9  132.489
29  10  130.737
29  11  129.115
29  12  127.569
29  13  126.048
29  14  124.508
29  15  122.908
29  16  121.207
29  17  119.365
29  18  117.336
29  19  115.059
29  20  112.445
29  21  109.345
29  22  105.484
29  23  100.251
29  24  91.7704
29  25  61.5913
30  1  191.799
30  2  159.353
30  3  150.369
30  4  144.878
30  5  140.871
30  6  137.695
30  7  135.057
30  8  132.793
30  9  130.801
30  10  129.003
30  11  127.337
30  12  125.748
30  13  124.185
30  14  122.602
30  15  120.958
30  16  119.213
30  17  117.325
30  18  115.248
30  19  112.919
30  20  110.247
30  21  107.081
30  22  103.14
30  23  97.8011
30  24  89.1542
30  25  58.4217
31  1  191.197
31  2  158.17
31  3  149.015
31  4  143.417
31  5  139.329
31  6  136.087
31  7  133.391
31  8  131.076
31  9  129.035
31  10  127.192
31  11  125.482
31  12  123.849
31  13  122.244
31  14  120.619
31  15  118.932
31  16  117.142
31  17  115.209
31  18  113.083
31  19  110.702
31  20  107.973
31  21  104.741
31  22  100.72
31  23  95.2756
31  24  86.463
31  25  55.1783
32  1  190.546
32  2  156.946
32  3  147.623
32  4  141.919
32  5  137.751
32  6  134.444
32  7  131.691
32  8  129.324
32  9  127.236
32  10  125.348
32  11  123.595
32  12  121.921
32  13  120.273
32  14  118.606
32  15  116.877
32  16  115.044
32  17  113.066
32  18  110.893
32  19  108.461
32  20  105.674
32  21  102.378
32  22  98.2782
32  23  92.7301
32  24  83.7542
32  25  51.926
33  1  189.894
33  2  155.751
33  3  146.269
33  4  140.464
33  5  136.22
33  6  132.851
33  7  130.044
33  8  127.629
33  9  125.496
33  10  123.566
33  11  121.772
33  12  120.058
33  13  118.37
33  14  116.664
33  15  114.895
33  16  113.021
33  17  111.
33  18  108.781
33  19  106.301
33  20  103.461
33  21  100.103
33  22  95.9292
33  23  90.2829
33  24  81.1525
33  25  48.8099
34  1  189.221
34  2  154.527
34  3  144.884
34  4  138.977
34  5  134.657
34  6  131.224
34  7  128.363
34  8  125.899
34  9  123.721
34  10  121.747
34  11  119.912
34  12  118.157
34  13  116.43
34  14  114.684
34  15  112.874
34  16  110.958
34  17  108.894
34  18  106.631
34  19  104.102
34  20  101.208
34  21  97.7873
34  22  93.5382
34  23  87.7926
34  24  78.5059
34  25  45.6435
35  1  188.546
35  2  153.294
35  3  143.487
35  4  137.476
35  5  133.078
35  6  129.582
35  7  126.665
35  8  124.151
35  9  121.927
35  10  119.91
35  11  118.033
35  12  116.237
35  13  114.47
35  14  112.683
35  15  110.832
35  16  108.874
35  17  106.767
35  18  104.457
35  19  101.878
35  20  98.9296
35  21  95.4463
35  22  91.1209
35  23  85.2747
35  24  75.8301
35  25  42.4411
36  1  187.987
36  2  152.251
36  3  142.302
36  4  136.202
36  5  131.736
36  6  128.184
36  7  125.22
36  8  122.663
36  9  120.399
36  10  118.344
36  11  116.431
36  12  114.599
36  13  112.797
36  14  110.975
36  15  109.088
36  16  107.094
36  17  104.949
36  18  102.6
36  19  99.978
36  20  96.9821
36  21  93.4441
36  22  89.0529
36  23  83.1198
36  24  73.5381
36  25  39.6937
37  1  187.421
37  2  151.15
37  3  141.044
37  4  134.845
37  5  130.305
37  6  126.692
37  7  123.675
37  8  121.07
37  9  118.762
37  10  116.666
37  11  114.712
37  12  112.842
37  13  111.001
37  14  109.14
37  15  107.214
37  16  105.18
37  17  102.994
37  18  100.6
37  19  97.9317
37  20  94.8833
37  21  91.2855
37  22  86.8217
37  23  80.7928
37  24  71.0605
37  25  36.7148
38  1  186.951
38  2  150.165
38  3  139.908
38  4  133.615
38  5  129.003
38  6  125.331
38  7  122.263
38  8  119.613
38  9  117.263
38  10  115.126
38  11  113.135
38  12  111.227
38  13  109.348
38  14  107.45
38  15  105.487
38  16  103.415
38  17  101.188
38  18  98.7534
38  19  96.0392
38  20  92.941
38  21  89.2855
38  22  84.7523
38  23  78.6316
38  24  68.755
38  25  33.9291
39  1  186.598
39  2  149.333
39  3  138.936
39  4  132.554
39  5  127.876
39  6  124.15
39  7  121.034
39  8  118.341
39  9  115.952
39  10  113.779
39  11  111.751
39  12  109.809
39  13  107.896
39  14  105.963
39  15  103.965
39  16  101.857
39  17  99.5936
39  18  97.1197
39  19  94.3636
39  20  91.2188
39  21  87.5103
39  22  82.9123
39  23  76.7064
39  24  66.6959
39  25  31.4248
40  1  186.338
40  2  148.569
40  3  138.025
40  4  131.55
40  5  126.802
40  6  123.018
40  7  119.852
40  8  117.115
40  9  114.684
40  10  112.472
40  11  110.407
40  12  108.428
40  13  106.479
40  14  104.51
40  15  102.475
40  16  100.33
40  17  98.0277
40  18  95.5129
40  19  92.7127
40  20  89.5192
40  21  85.7546
40  22  81.0891
40  23  74.7941
40  24  64.6433
40  25  28.9059
41  1  186.217
41  2  147.958
41  3  137.271
41  4  130.705
41  5  125.889
41  6  122.05
41  7  118.836
41  8  116.055
41  9  113.585
41  10  111.335
41  11  109.233
41  12  107.218
41  13  105.234
41  14  103.231
41  15  101.16
41  16  98.979
41  17  96.6389
41  18  94.0843
41  19  91.2416
41  20  88.0009
41  21  84.1824
41  22  79.4514
41  23  73.0698
41  24  62.7836
41  25  26.5952
42  1  186.244
42  2  147.516
42  3  136.692
42  4  130.041
42  5  125.16
42  6  121.267
42  7  118.007
42  8  115.185
42  9  112.676
42  10  110.391
42  11  108.254
42  12  106.206
42  13  104.188
42  14  102.151
42  15  100.047
42  16  97.8309
42  17  95.455
42  18  92.8628
42  19  89.9796
42  20  86.6941
42  21  82.824
42  22  78.0307
42  23  71.5673
42  24  61.1521
42  25  24.5355
43  1  186.438
43  2  147.231
43  3  136.267
43  4  129.527
43  5  124.58
43  6  120.632
43  7  117.326
43  8  114.461
43  9  111.913
43  10  109.591
43  11  107.419
43  12  105.336
43  13  103.284
43  14  101.213
43  15  99.0741
43  16  96.8228
43  17  94.4104
43  18  91.7798
43  19  88.8553
43  20  85.524
43  21  81.6015
43  22  76.7452
43  23  70.1982
43  24  59.6519
43  25  22.6001
44  1  186.793
44  2  147.136
44  3  136.041
44  4  129.219
44  5  124.209
44  6  120.211
44  7  116.86
44  8  113.956
44  9  111.372
44  10  109.015
44  11  106.81
44  12  104.695
44  13  102.611
44  14  100.507
44  15  98.3366
44  16  96.0523
44  17  93.6058
44  18  90.9394
44  19  87.9762
44  20  84.6025
44  21  80.6312
44  22  75.7159
44  23  69.0913
44  24  58.4233
44  25  20.9669
45  1  187.311
45  2  147.221
45  3  136.001
45  4  129.1
45  5  124.031
45  6  119.984
45  7  116.591
45  8  113.649
45  9  111.03
45  10  108.64
45  11  106.403
45  12  104.257
45  13  102.142
45  14  100.008
45  15  97.8067
45  16  95.4911
45  17  93.012
45  18  90.3114
45  19  87.3114
45  20  83.8973
45  21  79.8796
45  22  74.908
45  23  68.2096
45  24  57.4257
45  25  19.5852
46  1  188.026
46  2  147.501
46  3  136.155
46  4  129.174
46  5  124.045
46  6  119.949
46  7  116.514
46  8  113.534
46  9  110.88
46  10  108.457
46  11  106.188
46  12  104.011
46  13  101.865
46  14  99.7009
46  15  97.4685
46  16  95.1214
46  17  92.6098
46  18  89.8749
46  19  86.8385
46  20  83.3837
46  21  79.3197
46  22  74.2924
46  23  67.5205
46  24  56.6211
46  25  18.3987
47  1  188.925
47  2  147.977
47  3  136.508
47  4  129.451
47  5  124.264
47  6  120.121
47  7  116.645
47  8  113.628
47  9  110.94
47  10  108.485
47  11  106.186
47  12  103.978
47  13  101.803
47  14  99.6091
47  15  97.3469
47  16  94.9692
47  17  92.4263
47  18  89.6586
47  19  86.5868
47  20  83.0931
47  21  78.9848
47  22  73.904
47  23  67.0616
47  24  56.0521
47  25  17.4647
48  1  189.983
48  2  148.632
48  3  137.049
48  4  129.918
48  5  124.678
48  6  120.489
48  7  116.974
48  8  113.923
48  9  111.203
48  10  108.717
48  11  106.389
48  12  104.153
48  13  101.951
48  14  99.7285
48  15  97.438
48  16  95.0319
48  17  92.4596
48  18  89.6609
48  19  86.556
48  20  83.0259
48  21  78.8761
48  22  73.7451
48  23  66.8372
48  24  55.7248
48  25  16.7975
49  1  191.299
49  2  149.535
49  3  137.833
49  4  130.628
49  5  125.331
49  6  121.098
49  7  117.543
49  8  114.456
49  9  111.703
49  10  109.187
49  11  106.829
49  12  104.564
49  13  102.333
49  14  100.082
49  15  97.7629
49  16  95.3276
49  17  92.7252
49  18  89.8951
49  19  86.7566
49  20  83.1899
49  21  78.9981
49  22  73.8167
49  23  66.8426
49  24  55.6268
49  25  16.3589
50  1  192.654
50  2  150.529
50  3  138.725
50  4  131.456
50  5  126.11
50  6  121.837
50  7  118.248
50  8  115.13
50  9  112.349
50  10  109.806
50  11  107.423
50  12  105.133
50  13  102.876
50  14  100.601
50  15  98.2569
50  16  95.7965
50  17  93.1681
50  18  90.3113
50  19  87.144
50  20  83.5458
50  21  79.318
50  22  74.0938
50  23  67.0635
50  24  55.7601
50  25  16.2041
51  1  194.239
51  2  151.749
51  3  139.842
51  4  132.508
51  5  127.114
51  6  122.801
51  7  119.178
51  8  116.03
51  9  113.22
51  10  110.65
51  11  108.241
51  12  105.926
51  13  103.645
51  14  101.345
51  15  98.9758
51  16  96.4905
51  17  93.8367
51  18  90.953
51  19  87.7573
51  20  84.1283
51  21  79.8655
51  22  74.5992
51  23  67.5141
51  24  56.1255
51  25  16.2906
52  1  195.831
52  2  153.021
52  3  141.024
52  4  133.634
52  5  128.198
52  6  123.85
52  7  120.197
52  8  117.022
52  9  114.188
52  10  111.595
52  11  109.163
52  12  106.826
52  13  104.524
52  14  102.202
52  15  99.8121
52  16  97.305
52  17  94.629
52  18  91.7226
52  19  88.5029
52  20  84.8474
52  21  80.5549
52  22  75.2532
52  23  68.1221
52  24  56.6622
52  25  16.595
53  1  197.619
53  2  154.491
53  3  142.406
53  4  134.961
53  5  129.484
53  6  125.102
53  7  121.42
53  8  118.219
53  9  115.361
53  10  112.745
53  11  110.292
53  12  107.933
53  13  105.609
53  14  103.267
53  15  100.856
53  16  98.328
53  17  95.6309
53  18  92.7024
53  19  89.4598
53  20  85.7795
53  21  81.4589
53  22  76.1239
53  23  68.9497
53  24  57.4237
53  25  17.143
54  1  199.711
54  2  156.257
54  3  144.083
54  4  136.582
54  5  131.063
54  6  126.648
54  7  122.936
54  8  119.709
54  9  116.826
54  10  114.188
54  11  111.712
54  12  109.332
54  13  106.987
54  14  104.624
54  15  102.192
54  16  99.6431
54  17  96.9249
54  18  93.9751
54  19  90.71
54  20  87.0057
54  21  82.6585
54  22  77.2922
54  23  70.0777
54  24  58.4902
54  25  18.0149
55  1  201.796
55  2  158.056
55  3  145.807
55  4  138.259
55  5  132.705
55  6  128.261
55  7  124.524
55  8  121.275
55  9  118.372
55  10  115.713
55  11  113.219
55  12  110.821
55  13  108.458
55  14  106.077
55  15  103.628
55  16  101.061
55  17  98.3258
55  18  95.3586
55  19  92.0755
55  20  88.3523
55  21  83.9846
55  22  78.5944
55  23  71.3498
55  24  59.7171
55  25  19.1033
56  1  203.914
56  2  159.923
56  3  147.608
56  4  140.02
56  5  134.436
56  6  129.967
56  7  126.21
56  8  122.942
56  9  120.021
56  10  117.346
56  11  114.836
56  12  112.422
56  13  110.044
56  14  107.647
56  15  105.183
56  16  102.603
56  17  99.853
56  18  96.8721
56  19  93.5754
56  20  89.838
56  21  85.4552
56  22  80.0479
56  23  72.7828
56  24  61.1208
56  25  20.4245
57  1  206.259
57  2  162.03
57  3  149.658
57  4  142.035
57  5  136.425
57  6  131.934
57  7  128.158
57  8  124.873
57  9  121.937
57  10  119.248
57  11  116.723
57  12  114.295
57  13  111.903
57  14  109.494
57  15  107.017
57  16  104.424
57  17  101.663
57  18  98.6718
57  19  95.3652
57  20  91.6184
57  21  87.2264
57  22  81.8099
57  23  74.5349
57  24  62.8617
57  25  22.1503
58  1  208.556
58  2  164.14
58  3  151.728
58  4  144.081
58  5  138.452
58  6  133.946
58  7  130.157
58  8  126.861
58  9  123.915
58  10  121.215
58  11  118.68
58  12  116.242
58  13  113.84
58  14  111.421
58  15  108.936
58  16  106.335
58  17  103.568
58  18  100.572
58  19  97.2616
58  20  93.513
58  21  89.1208
58  22  83.7069
58  23  76.4381
58  24  64.78
58  25  24.1495
59  1  210.728
59  2  166.184
59  3  153.752
59  4  146.093
59  5  140.455
59  6  135.943
59  7  132.148
59  8  128.846
59  9  125.894
59  10  123.188
59  11  120.648
59  12  118.204
59  13  115.796
59  14  113.372
59  15  110.883
59  16  108.28
59  17  105.513
59  18  102.518
59  19  99.2114
59  20  95.4696
59  21  91.0878
59  22  85.6895
59  23  78.4456
59  24  66.8334
59  25  26.3977
60  1  212.911
60  2  168.302
60  3  155.874
60  4  148.219
60  5  142.584
60  6  138.073
60  7  134.28
60  8  130.979
60  9  128.027
60  10  125.321
60  11  122.78
60  12  120.335
60  13  117.926
60  14  115.502
60  15  113.014
60  16  110.415
60  17  107.653
60  18  104.668
60  19  101.375
60  20  97.652
60  21  93.2954
60  22  87.9317
60  23  80.7396
60  24  69.2194
60  25  29.1533
61  1  214.992
61  2  170.417
61  3  158.029
61  4  150.4
61  5  144.785
61  6  140.289
61  7  136.508
61  8  133.217
61  9  130.274
61  10  127.575
61  11  125.039
61  12  122.598
61  13  120.194
61  14  117.775
61  15  115.295
61  16  112.707
61  17  109.961
61  18  106.997
61  19  103.731
61  20  100.042
61  21  95.7309
61  22  90.4289
61  23  83.3266
61  24  71.964
61  25  32.5245
62  1  216.975
62  2  172.599
62  3  160.315
62  4  152.752
62  5  147.184
62  6  142.725
62  7  138.973
62  8  135.706
62  9  132.782
62  10  130.099
62  11  127.575
62  12  125.144
62  13  122.751
62  14  120.345
62  15  117.881
62  16  115.315
62  17  112.598
62  18  109.67
62  19  106.452
62  20  102.824
62  21  98.5915
62  22  93.3952
62  23  86.4479
62  24  75.3571
62  25  37.0085
63  1  218.601
63  2  174.69
63  3  162.607
63  4  155.167
63  5  149.686
63  6  145.293
63  7  141.592
63  8  138.363
63  9  135.467
63  10  132.803
63  11  130.294
63  12  127.874
63  13  125.492
63  14  123.1
63  15  120.656
63  16  118.118
63  17  115.44
63  18  112.564
63  19  109.413
63  20  105.872
63  21  101.755
63  22  96.7156
63  23  90.0012
63  24  79.3269
63  25  42.7093
64  1  219.903
64  2  176.887
64  3  165.156
64  4  157.928
64  5  152.59
64  6  148.295
64  7  144.66
64  8  141.471
64  9  138.593
64  10  135.931
64  11  133.411
64  12  130.976
64  13  128.578
64  14  126.175
64  15  123.731
64  16  121.204
64  17  118.552
64  18  115.721
64  19  112.635
64  20  109.188
64  21  105.2
64  22  100.349
64  23  93.9284
64  24  83.8085
64  25  49.7101
65  1  221.169
65  2  179.429
65  3  168.176
65  4  161.228
65  5  156.065
65  6  151.873
65  7  148.282
65  8  145.09
65  9  142.173
65  10  139.443
65  11  136.839
65  12  134.313
65  13  131.823
65  14  129.333
65  15  126.81
65  16  124.217
65  17  121.512
65  18  118.641
65  19  115.535
65  20  112.087
65  21  108.129
65  22  103.355
65  23  97.1028
65  24  87.3942
65  25  55.7564
66  1  222.943
66  2  182.705
66  3  172.011
66  4  165.4
66  5  160.445
66  6  156.36
66  7  152.788
66  8  149.544
66  9  146.516
66  10  143.635
66  11  140.851
66  12  138.128
66  13  135.433
66  14  132.734
66  15  130.001
66  16  127.198
66  17  124.283
66  18  121.204
66  19  117.888
66  20  114.231
66  21  110.066
66  22  105.092
66  23  98.6668
66  24  88.8995
66  25  58.662
67  1  225.409
67  2  186.869
67  3  176.886
67  4  170.791
67  5  166.221
67  6  162.391
67  7  158.942
67  8  155.694
67  9  152.551
67  10  149.465
67  11  146.405
67  12  143.351
67  13  140.284
67  14  137.18
67  15  134.014
67  16  130.752
67  17  127.354
67  18  123.765
67  19  119.909
67  20  115.675
67  21  110.89
67  22  105.242
67  23  98.0748
67  24  87.4946
67  25  57.0608
68  1  228.2
68  2  191.634
68  3  182.85
68  4  177.953
68  5  174.528
68  6  171.671
68  7  168.929
68  8  166.079
68  9  163.029
68  10  159.764
68  11  156.298
68  12  152.655
68  13  148.851
68  14  144.89
68  15  140.766
68  16  136.458
68  17  131.932
68  18  127.132
68  19  121.979
68  20  116.352
68  21  110.056
68  22  102.75
68  23  93.7257
68  24  80.9841
68  25  48.0996
69  1  230.591
69  2  198.187
69  3  195.294
69  4  198.271
69  5  203.511
69  6  208.762
69  7  212.536
69  8  214.078
69  9  213.219
69  10  210.137
69  11  205.163
69  12  198.643
69  13  190.876
69  14  182.095
69  15  172.465
69  16  162.086
69  17  151.007
69  18  139.223
69  19  126.679
69  20  113.251
69  21  98.7168
69  22  82.671
69  23  64.2805
69  24  41.282
69  25  -3.51899
70  1  227.353
70  2  198.606
70  3  199.166
70  4  205.95
70  5  214.89
70  6  223.289
70  7  229.43
70  8  232.542
70  9  232.557
70  10  229.786
70  11  224.672
70  12  217.642
70  13  209.043
70  14  199.13
70  15  188.068
70  16  175.944
70  17  162.774
70  18  148.51
70  19  133.03
70  20  116.126
70  21  97.4526
70  22  76.4296
70  23  51.9448
70  24  21.2089
70  25  -34.6176
71  1  218.252
71  2  194.538
71  3  199.188
71  4  209.689
71  5  221.59
71  6  231.992
71  7  239.239
71  8  242.786
71  9  242.811
71  10  239.823
71  11  234.39
71  12  227.007
71  13  218.044
71  14  207.755
71  15  196.281
71  16  183.676
71  17  169.905
71  18  154.851
71  19  138.305
71  20  119.928
71  21  99.1908
71  22  75.223
71  23  46.4213
71  24  9.01584
71  25  -59.0243
72  1  220.739
72  2  199.845
72  3  205.052
72  4  215.008
72  5  225.572
72  6  234.236
72  7  239.737
72  8  241.815
72  9  240.795
72  10  237.213
72  11  231.6
72  12  224.383
72  13  215.862
72  14  206.223
72  15  195.548
72  16  183.834
72  17  170.992
72  18  156.845
72  19  141.102
72  20  123.316
72  21  102.776
72  22  78.2996
72  23  47.6722
72  24  5.7133
72  25  -74.8685
73  1  223.66
73  2  205.318
73  3  210.406
73  4  219.045
73  5  227.61
73  6  234.077
73  7  237.576
73  8  238.074
73  9  235.972
73  10  231.784
73  11  225.977
73  12  218.9
73  13  210.785
73  14  201.759
73  15  191.858
73  16  181.041
73  17  169.185
73  18  156.081
73  19  141.394
73  20  124.61
73  21  104.899
73  22  80.8327
73  23  49.6316
73  24  4.53238
73  25  -89.1066
74  1  229.431
74  2  213.75
74  3  218.272
74  4  225.075
74  5  231.201
74  6  235.166
74  7  236.472
74  8  235.269
74  9  231.991
74  10  227.106
74  11  220.999
74  12  213.942
74  13  206.098
74  14  197.542
74  15  188.272
74  16  178.216
74  17  167.234
74  18  155.097
74  19  141.452
74  20  125.754
74  21  107.106
74  22  83.9146
74  23  52.9399
74  24  5.80878
74  25  -102.129
75  1  235.176
75  2  221.889
75  3  225.661
75  4  230.669
75  5  234.58
75  6  236.36
75  7  235.794
75  8  233.151
75  9  228.871
75  10  223.369
75  11  216.961
75  12  209.851
75  13  202.151
75  14  193.893
75  15  185.047
75  16  175.525
75  17  165.172
75  18  153.754
75  19  140.915
75  20  126.103
75  21  108.401
75  22  86.1437
75  23  55.8238
75  24  7.86939
75  25  -112.878
76  1  241.053
76  2  230.069
76  3  232.937
76  4  236.142
76  5  237.934
76  6  237.672
76  7  235.376
76  8  231.408
76  9  226.196
76  10  220.103
76  11  213.379
76  12  206.17
76  13  198.539
76  14  190.484
76  15  181.952
76  16  172.837
76  17  162.979
76  18  152.139
76  19  139.967
76  20  125.913
76  21  109.065
76  22  87.7375
76  23  58.2853
76  24  10.2844
76  25  -122.393
77  1  246.903
77  2  238.034
77  3  239.909
77  4  241.375
77  5  241.19
77  6  239.047
77  7  235.168
77  8  229.983
77  9  223.908
77  10  217.254
77  11  210.209
77  12  202.868
77  13  195.252
77  14  187.329
77  15  179.024
77  16  170.218
77  17  160.745
77  18  150.365
77  19  138.733
77  20  125.309
77  21  109.197
77  22  88.7237
77  23  60.2017
77  24  12.6967
77  25  -130.358
78  1  258.111
78  2  250.598
78  3  250.271
78  4  248.337
78  5  244.261
78  6  238.33
78  7  231.145
78  8  223.286
78  9  215.163
78  10  207.001
78  11  198.888
78  12  190.824
78  13  182.75
78  14  174.576
78  15  166.182
78  16  157.419
78  17  148.1
78  18  137.975
78  19  126.693
78  20  113.723
78  21  98.1806
78  22  78.4173
78  23  50.7616
78  24  4.04159
78  25  -147.28
79  1  262.953
79  2  257.023
79  3  255.587
79  4  251.991
79  5  246.082
79  6  238.426
79  7  229.789
79  8  220.805
79  9  211.865
79  10  203.147
79  11  194.685
79  12  186.433
79  13  178.296
79  14  170.155
79  15  161.874
79  16  153.292
79  17  144.214
79  18  134.391
79  19  123.477
79  20  110.951
79  21  95.9507
79  22  76.8638
79  23  50.0716
79  24  4.35132
79  25  -153.612
80  1  254.419
80  2  250.633
80  3  250.129
80  4  247.993
80  5  243.892
80  6  238.131
80  7  231.277
80  8  223.859
80  9  216.242
80  10  208.623
80  11  201.072
80  12  193.579
80  13  186.087
80  14  178.506
80  15  170.725
80  16  162.604
80  17  153.968
80  18  144.584
80  19  134.123
80  20  122.088
80  21  107.646
80  22  89.2319
80  23  63.3063
80  24  18.7357
80  25  -144.142
81  1  259.902
81  2  257.209
81  3  255.813
81  4  252.44
81  5  246.998
81  6  239.985
81  7  232.081
81  8  223.854
81  9  215.653
81  10  207.638
81  11  199.84
81  12  192.218
81  13  184.686
81  14  177.136
81  15  169.444
81  16  161.462
81  17  153.009
81  18  143.854
81  19  133.674
81  20  121.98
81  21  107.961
81  22  90.0915
81  23  64.914
81  24  21.4616
81  25  -144.347
82  1  265.856
82  2  264.071
82  3  261.745
82  4  257.112
82  5  250.305
82  6  242.018
82  7  233.048
82  8  223.997
82  9  215.198
82  10  206.776
82  11  198.724
82  12  190.963
82  13  183.383
82  14  175.858
82  15  168.247
82  16  160.396
82  17  152.121
82  18  143.19
82  19  133.283
82  20  121.924
82  21  108.323
82  22  90.9967
82  23  66.5827
82  24  24.3527
82  25  -142.876
83  1  271.478
83  2  270.287
83  3  267.121
83  4  261.366
83  5  253.343
83  6  243.921
83  7  233.998
83  8  224.209
83  9  214.873
83  10  206.083
83  11  197.796
83  12  189.904
83  13  182.274
83  14  174.762
83  15  167.216
83  16  159.473
83  17  151.346
83  18  142.603
83  19  132.928
83  20  121.855
83  21  108.612
83  22  91.7564
83  23  68.0128
83  24  26.9101
83  25  -140.177
84  1  277.103
84  2  276.278
84  3  272.307
84  4  265.481
84  5  256.3
84  6  245.793
84  7  234.959
84  8  224.462
84  9  214.609
84  10  205.462
84  11  196.945
84  12  188.923
84  13  181.239
84  14  173.732
84  15  166.24
84  16  158.593
84  17  150.599
84  18  142.027
84  19  132.564
84  20  121.753
84  21  108.841
84  22  92.4211
84  23  69.3059
84  24  29.2949
84  25  -136.471
85  1  283.164
85  2  282.518
85  3  277.713
85  4  269.782
85  5  259.401
85  6  247.77
85  7  235.99
85  8  224.757
85  9  214.365
85  10  204.843
85  11  196.083
85  12  187.92
85  13  180.173
85  14  172.666
85  15  165.224
85  16  157.669
85  17  149.806
85  18  141.403
85  19  132.152
85  20  121.604
85  21  109.024
85  22  93.0434
85  23  70.5673
85  24  31.6926
85  25  -131.597
86  1  289.198
86  2  288.544
86  3  282.938
86  4  273.946
86  5  262.41
86  6  249.697
86  7  237.005
86  8  225.06
86  9  214.145
86  10  204.258
86  11  195.26
86  12  186.956
86  13  179.144
86  14  171.631
86  15  164.231
86  16  156.76
86  17  149.018
86  18  140.772
86  19  131.718
86  20  121.415
86  21  109.147
86  22  93.58
86  23  71.7093
86  24  33.9296
86  25  -126.049
87  1  295.247
87  2  294.435
87  3  288.048
87  4  278.022
87  5  265.36
87  6  251.589
87  7  238.005
87  8  225.363
87  9  213.934
87  10  203.688
87  11  194.453
87  12  186.007
87  13  178.128
87  14  170.606
87  15  163.244
87  16  155.849
87  17  148.221
87  18  140.124
87  19  131.257
87  20  121.189
87  21  109.218
87  22  94.048
87  23  72.7604
87  24  36.0476
87  25  -119.965
88  1  300.758
88  2  299.696
88  3  292.615
88  4  281.667
88  5  267.999
88  6  253.283
88  7  238.9
88  8  225.633
88  9  213.743
88  10  203.173
88  11  193.724
88  12  185.15
88  13  177.207
88  14  169.674
88  15  162.342
88  16  155.014
88  17  147.484
88  18  139.517
88  19  130.814
88  20  120.951
88  21  109.241
88  22  94.4216
88  23  73.6492
88  24  37.8873
88  25  -114.079
89  1  306.63
89  2  305.214
89  3  297.406
89  4  285.491
89  5  270.768
89  6  255.058
89  7  239.835
89  8  225.91
89  9  213.534
89  10  202.622
89  11  192.946
89  12  184.233
89  13  176.223
89  14  168.675
89  15  161.373
89  16  154.112
89  17  146.682
89  18  138.848
89  19  130.315
89  20  120.665
89  21  109.227
89  22  94.7707
89  23  74.535
89  24  39.7682
89  25  -107.541
90  1  312.474
90  2  310.634
90  3  302.112
90  4  289.247
90  5  273.485
90  6  256.797
90  7  240.747
90  8  226.173
90  9  213.316
90  10  202.066
90  11  192.164
90  12  183.314
90  13  175.233
90  14  167.669
90  15  160.395
90  16  153.197
90  17  145.864
90  18  138.16
90  19  129.791
90  20  120.348
90  21  109.175
90  22  95.0724
90  23  75.3609
90  24  41.5701
90  25  -100.836
91  1  318.137
91  2  315.832
91  3  306.626
91  4  292.849
91  5  276.089
91  6  258.459
91  7  241.612
91  8  226.413
91  9  213.092
91  10  201.514
91  11  191.393
91  12  182.409
91  13  174.26
91  14  166.679
91  15  159.429
91  16  152.291
91  17  145.049
91  18  137.468
91  19  129.256
91  20  120.009
91  21  109.088
91  22  95.3247
91  23  76.1146
91  24  43.2593
91  25  -94.2029
92  1  323.654
92  2  320.857
92  3  310.99
92  4  296.328
92  5  278.6
92  6  260.057
92  7  242.436
92  8  226.63
92  9  212.858
92  10  200.961
92  11  190.627
92  12  181.511
92  13  173.294
92  14  165.695
92  15  158.467
92  16  151.386
92  17  144.232
92  18  136.768
92  19  128.707
92  20  119.65
92  21  108.972
92  22  95.5345
92  23  76.8081
92  24  44.8567
92  25  -87.6533
93  1  329.185
93  2  325.864
93  3  315.338
93  4  299.793
93  5  281.096
93  6  261.64
93  7  243.245
93  8  226.83
93  9  212.606
93  10  200.389
93  11  189.84
93  12  180.591
93  13  172.305
93  14  164.687
93  15  157.481
93  16  150.455
93  17  143.387
93  18  136.04
93  19  128.127
93  20  119.259
93  21  108.823
93  22  95.7106
93  23  77.4655
93  24  46.4151
93  25  -81.0296
94  1  334.269
94  2  330.447
94  3  319.315
94  4  302.96
94  5  283.374
94  6  263.079
94  7  243.971
94  8  226.997
94  9  212.356
94  10  199.845
94  11  189.097
94  12  179.726
94  13  171.375
94  14  163.739
94  15  156.551
94  16  149.575
94  17  142.586
94  18  135.345
94  19  127.569
94  20  118.873
94  21  108.658
94  22  95.8424
94  23  78.0382
94  24  47.8123
94  25  -74.9117
95  1  339.569
95  2  335.209
95  3  323.448
95  4  306.247
95  5  285.734
95  6  264.563
95  7  244.712
95  8  227.152
95  9  212.076
95  10  199.256
95  11  188.301
95  12  178.801
95  13  170.382
95  14  162.726
95  15  155.556
95  16  148.632
95  17  141.724
95  18  134.594
95  19  126.959
95  20  118.442
95  21  108.456
95  22  95.9499
95  23  78.6035
95  24  49.2349
95  25  -68.5202
96  1  344.877
96  2  339.965
96  3  327.573
96  4  309.526
96  5  288.083
96  6  266.032
96  7  245.435
96  8  227.288
96  9  211.775
96  10  198.644
96  11  187.48
96  12  177.849
96  13  169.362
96  14  161.684
96  15  154.533
96  16  147.66
96  17  140.833
96  18  133.812
96  19  126.318
96  20  117.98
96  21  108.224
96  22  96.0265
96  23  79.1381
96  24  50.6255
96  25  -62.12
97  1  350.429
97  2  344.93
97  3  331.879
97  4  312.943
97  5  290.524
97  6  267.551
97  7  246.171
97  8  227.407
97  9  211.435
97  10  197.977
97  11  186.593
97  12  176.824
97  13  168.264
97  14  160.564
97  15  153.431
97  16  146.611
97  17  139.868
97  18  132.962
97  19  125.615
97  20  117.464
97  21  107.948
97  22  96.0731
97  23  79.6633
97  24  52.045
97  25  -55.4388
98  1  355.306
98  2  349.285
98  3  335.653
98  4  315.935
98  5  292.657
98  6  268.871
98  7  246.8
98  8  227.492
98  9  211.114
98  10  197.368
98  11  185.789
98  12  175.899
98  13  167.273
98  14  159.553
98  15  152.436
98  16  145.662
98  17  138.992
98  18  132.186
98  19  124.97
98  20  116.982
98  21  107.677
98  22  96.0858
98  23  80.0963
98  24  53.262
98  25  -49.5907
99  1  360.725
99  2  354.119
99  3  339.84
99  4  319.251
99  5  295.013
99  6  270.32
99  7  247.478
99  8  227.563
99  9  210.732
99  10  196.664
99  11  184.867
99  12  174.84
99  13  166.142
99  14  158.398
99  15  151.297
99  16  144.575
99  17  137.987
99  18  131.292
99  19  124.219
99  20  116.414
99  21  107.344
99  22  96.0678
99  23  80.5453
99  24  54.5817
99  25  -43.1237
100  1  366.082
100  2  358.894
100  3  343.974
100  4  322.519
100  5  297.329
100  6  271.736
100  7  248.128
100  8  227.608
100  9  210.326
100  10  195.938
100  11  183.924
100  12  173.761
100  13  164.989
100  14  157.222
100  15  150.138
100  16  143.465
100  17  136.958
100  18  130.374
100  19  123.443
100  20  115.818
100  21  106.981
100  22  96.0165
100  23  80.9561
100  24  55.8523
100  25  -36.7698
101  1  371.402
101  2  363.635
101  3  348.075
101  4  325.757
101  5  299.617
101  6  273.124
101  7  248.751
101  8  227.628
101  9  209.896
101  10  195.186
101  11  182.955
101  12  172.656
101  13  163.811
101  14  156.019
101  15  148.951
101  16  142.328
101  17  135.9
101  18  129.426
101  19  122.637
101  20  115.192
101  21  106.585
101  22  95.9318
101  23  81.3305
101  24  57.0803
101  25  -30.5048
102  1  377.128
102  2  368.734
102  3  352.484
102  4  329.232
102  5  302.064
102  6  274.597
102  7  249.396
102  8  227.619
102  9  209.399
102  10  194.342
102  11  181.875
102  12  171.428
102  13  162.503
102  14  154.685
102  15  147.633
102  16  141.063
102  17  134.722
102  18  128.366
102  19  121.729
102  20  114.478
102  21  106.121
102  22  95.8019
102  23  81.6955
102  24  58.3628
102  25  -23.8208
103  1  382.591
103  2  373.599
103  3  356.687
103  4  332.539
103  5  304.384
103  6  275.983
103  7  249.986
103  8  227.582
103  9  208.893
103  10  193.502
103  11  180.808
103  12  170.218
103  13  161.215
103  14  153.371
103  15  146.335
103  16  139.815
103  17  133.556
103  18  127.313
103  19  120.823
103  20  113.757
103  21  105.638
103  22  95.6397
103  23  82.0061
103  24  59.5483
103  25  -17.5048
104  1  387.808
104  2  378.244
104  3  360.697
104  4  335.689
104  5  306.586
104  6  277.287
104  7  250.526
104  8  227.518
104  9  208.379
104  10  192.665
104  11  179.753
104  12  169.026
104  13  159.949
104  14  152.079
104  15  145.057
104  16  138.586
104  17  132.406
104  18  126.271
104  19  119.92
104  20  113.032
104  21  105.141
104  22  95.4492
104  23  82.2676
104  24  60.6441
104  25  -11.5356
105  1  393.337
105  2  383.167
105  3  364.944
105  4  339.019
105  5  308.905
105  6  278.648
105  7  251.072
105  8  227.42
105  9  207.799
105  10  191.742
105  11  178.597
105  12  167.723
105  13  158.565
105  14  150.668
105  15  143.661
105  16  137.241
105  17  131.144
105  18  125.124
105  19  118.922
105  20  112.222
105  21  104.575
105  22  95.208
105  23  82.5062
105  24  61.7664
105  25  -5.2785
106  1  398.765
106  2  388.001
106  3  369.11
106  4  342.279
106  5  311.167
106  6  279.963
106  7  251.581
106  8  227.292
106  9  207.195
106  10  190.798
106  11  177.422
106  12  166.402
106  13  157.165
106  14  149.24
106  15  142.248
106  16  135.877
106  17  129.862
106  18  123.955
106  19  117.899
106  20  111.386
106  21  103.977
106  22  94.9312
106  23  82.7009
106  24  62.8276
106  25  0.789444
107  1  404.513
107  2  393.12
107  3  373.518
107  4  345.723
107  5  313.545
107  6  281.332
107  7  252.09
107  8  227.122
107  9  206.516
107  10  189.757
107  11  176.134
107  12  164.958
107  13  155.635
107  14  147.68
107  15  140.703
107  16  134.386
107  17  128.457
107  18  122.67
107  19  116.77
107  20  110.454
107  21  103.299
107  22  94.5937
107  23  82.8633
107  24  63.9066
107  25  7.13011
108  1  410.303
108  2  398.278
108  3  377.955
108  4  349.181
108  5  315.924
108  6  282.686
108  7  252.571
108  8  226.912
108  9  205.791
108  10  188.662
108  11  174.789
108  12  163.454
108  13  154.044
108  14  146.058
108  15  139.096
108  16  132.832
108  17  126.991
108  18  121.326
108  19  115.583
108  20  109.467
108  21  102.568
108  22  94.2063
108  23  82.9804
108  24  64.9457
108  25  13.425
109  1  416.229
109  2  403.558
109  3  382.493
109  4  352.709
109  5  318.338
109  6  284.044
109  7  253.028
109  8  226.657
109  9  205.003
109  10  187.494
109  11  173.361
109  12  161.862
109  13  152.361
109  14  144.344
109  15  137.396
109  16  131.186
109  17  125.436
109  18  119.895
109  19  114.313
109  20  108.403
109  21  101.768
109  22  93.7586
109  23  83.0497
109  24  65.9572
109  25  19.7662
110  1  421.899
110  2  408.612
110  3  386.832
110  4  356.076
110  5  320.631
110  6  285.317
110  7  253.432
110  8  226.375
110  9  204.207
110  10  186.329
110  11  171.946
110  12  160.288
110  13  150.7
110  14  142.651
110  15  135.717
110  16  129.56
110  17  123.896
110  18  118.474
110  19  113.048
110  20  107.334
110  21  100.953
110  22  93.282
110  23  83.0685
110  24  66.8765
110  25  25.7365
111  1  427.774
111  2  413.849
111  3  391.324
111  4  359.553
111  5  322.986
111  6  286.608
111  7  253.816
111  8  226.041
111  9  203.335
111  10  185.073
111  11  170.427
111  12  158.603
111  13  148.924
111  14  140.841
111  15  133.922
111  16  127.818
111  17  122.244
111  18  116.947
111  19  111.682
111  20  106.173
111  21  100.055
111  22  92.7355
111  23  83.0362
111  24  67.7757
111  25  31.8164
112  1  434.06
112  2  419.455
112  3  396.127
112  4  363.26
112  5  325.483
112  6  287.957
112  7  254.185
112  8  225.635
112  9  202.348
112  10  183.671
112  11  168.742
112  12  156.738
112  13  146.959
112  14  138.84
112  15  131.935
112  16  125.889
112  17  120.411
112  18  115.248
112  19  110.156
112  20  104.868
112  21  99.0323
112  22  92.0908
112  23  82.9425
112  24  68.6771
112  25  38.2
113  1  439.665
113  2  424.455
113  3  400.406
113  4  366.554
113  5  327.689
113  6  289.13
113  7  254.477
113  8  225.23
113  9  201.421
113  10  182.369
113  11  167.185
113  12  155.019
113  13  145.15
113  14  136.998
113  15  130.106
113  16  124.111
113  17  118.719
113  18  113.676
113  19  108.739
113  20  103.648
113  21  98.0657
113  22  91.4618
113  23  82.8056
113  24  69.4263
113  25  43.7826
114  1  445.568
114  2  429.723
114  3  404.908
114  4  370.012
114  5  329.992
114  6  290.335
114  7  254.747
114  8  224.758
114  9  200.394
114  10  180.945
114  11  165.49
114  12  153.151
114  13  143.186
114  14  134.998
114  15  128.119
114  16  122.179
114  17  116.878
114  18  111.96
114  19  107.188
114  20  102.306
114  21  96.9909
114  22  90.7437
114  23  82.6067
114  24  70.1591
114  25  49.5494
115  1  451.72
115  2  435.215
115  3  409.596
115  4  373.602
115  5  332.367
115  6  291.558
115  7  254.984
115  8  224.217
115  9  199.269
115  10  179.401
115  11  163.66
115  12  151.139
115  13  141.073
115  14  132.847
115  15  125.982
115  16  120.098
115  17  114.892
115  18  110.107
115  19  105.506
115  20  100.842
115  21  95.807
115  22  89.9327
115  23  82.3376
115  24  70.8598
115  25  55.4324
116  1  458.139
116  2  440.947
116  3  414.483
116  4  377.333
116  5  334.82
116  6  292.795
116  7  255.184
116  8  223.596
116  9  198.032
116  10  177.723
116  11  161.68
116  12  148.968
116  13  138.794
116  14  130.528
116  15  123.676
116  16  117.851
116  17  112.744
116  18  108.097
116  19  103.677
116  20  99.242
116  21  94.5003
116  22  89.0167
116  23  81.9883
116  24  71.521
116  25  61.4327
117  1  463.836
117  2  446.037
117  3  418.817
117  4  380.631
117  5  336.972
117  6  293.859
117  7  255.32
117  8  222.995
117  9  196.879
117  10  176.174
117  11  159.862
117  12  146.976
117  13  136.706
117  14  128.404
117  15  121.563
117  16  115.79
117  17  110.772
117  18  106.249
117  19  101.989
117  20  97.7585
117  21  93.2781
117  22  88.1426
117  23  81.618
117  24  72.0465
117  25  66.637
118  1  469.929
118  2  451.481
118  3  423.446
118  4  384.144
118  5  339.249
118  6  294.962
118  7  255.419
118  8  222.301
118  9  195.588
118  10  174.456
118  11  157.852
118  12  144.78
118  13  134.405
118  14  126.062
118  15  119.234
118  16  113.517
118  17  108.594
118  18  104.203
118  19  100.116
118  20  96.1044
118  21  91.9049
118  22  87.1425
118  23  81.1581
118  24  72.5435
118  25  72.0756
119  1  476.157
119  2  457.049
119  3  428.173
119  4  387.719
119  5  341.549
119  6  296.05
119  7  255.472
119  8  221.533
119  9  194.205
119  10  172.632
119  11  155.725
119  12  142.46
119  13  131.977
119  14  123.592
119  15  116.776
119  16  111.116
119  17  106.29
119  18  102.036
119  19  98.1257
119  20  94.3396
119  21  90.4285
119  22  86.049
119  23  80.618
119  24  72.9808
119  25  77.4989
120  1  482.068
120  2  462.334
120  3  432.654
120  4  391.097
120  5  343.706
120  6  297.045
120  7  255.475
120  8  220.75
120  9  192.832
120  10  170.835
120  11  153.638
120  12  140.188
120  13  129.6
120  14  121.175
120  15  114.37
120  16  108.764
120  17  104.031
120  18  99.9066
120  19  96.1653
120  20  92.594
120  21  88.9577
120  22  84.9433
120  23  80.0387
120  24  73.3285
120  25  82.5177
121  1  488.35
121  2  467.953
121  3  437.411
121  4  394.67
121  5  345.968
121  6  298.06
121  7  255.426
121  8  219.856
121  9  191.305
121  10  168.853
121  11  151.344
121  12  137.694
121  13  126.995
121  14  118.526
121  15  111.731
121  16  106.183
121  17  101.549
121  18  97.5632
121  19  94.0026
121  20  90.6605
121  21  87.3178
121  22  83.6929
121  23  79.3493
121  24  73.6237
121  25  87.7134
122  1  494.724
122  2  473.657
122  3  442.232
122  4  398.279
122  5  348.233
122  6  299.048
122  7  255.322
122  8  218.887
122  9  189.686
122  10  166.767
122  11  148.939
122  12  135.084
122  13  124.269
122  14  115.755
122  15  108.971
122  16  103.482
122  17  98.948
122  18  95.1035
122  19  91.7266
122  20  88.6187
122  21  85.5752
122  22  82.347
122  23  78.5742
122  24  73.8474
122  25  92.8422
123  1  501.327
123  2  479.567
123  3  447.219
123  4  401.996
123  5  350.545
123  6  300.022
123  7  255.152
123  8  217.811
123  9  187.929
123  10  164.521
123  11  146.358
123  12  132.288
123  13  121.351
123  14  112.788
123  15  106.016
123  16  100.586
123  17  96.1576
123  18  92.4603
123  19  89.2753
123  20  86.4108
123  21  83.6791
123  22  80.8639
123  23  77.6842
123  24  73.9922
123  25  97.9997
124  1  508.049
124  2  485.584
124  3  452.287
124  4  405.759
124  5  352.86
124  6  300.961
124  7  254.914
124  8  216.64
124  9  186.057
124  10  162.145
124  11  143.636
124  12  129.344
124  13  118.282
124  14  109.669
124  15  102.907
124  16  97.5392
124  17  93.2173
124  18  89.6703
124  19  86.6815
124  20  84.0667
124  21  81.6539
124  22  79.261
124  23  76.6872
124  24  74.049
124  25  103.089
125  1  515.36
125  2  492.131
125  3  457.79
125  4  409.826
125  5  355.335
125  6  301.921
125  7  254.579
125  8  215.277
125  9  183.922
125  10  159.455
125  11  140.566
125  12  126.029
125  13  114.828
125  14  106.159
125  15  99.4073
125  16  94.1068
125  17  89.9017
125  18  86.5194
125  19  83.7452
125  20  81.4036
125  21  79.3397
125  22  77.4084
125  23  75.4962
125  24  74.0047
125  25  108.441
126  1  523.201
126  2  499.154
126  3  463.682
126  4  414.158
126  5  357.938
126  6  302.877
126  7  254.129
126  8  213.71
126  9  181.515
126  10  156.445
126  11  137.141
126  12  122.338
126  13  110.984
126  14  102.254
126  15  95.5137
126  16  90.2849
126  17  86.2056
126  18  83.0009
126  19  80.4586
126  20  78.4116
126  21  76.7247
126  22  75.2915
126  23  74.0922
126  24  73.8322
126  25  113.97
127  1  531.444
127  2  506.537
127  3  469.86
127  4  418.675
127  5  360.613
127  6  303.799
127  7  253.55
127  8  211.941
127  9  178.851
127  10  153.137
127  11  133.391
127  12  118.303
127  13  106.787
127  14  97.9897
127  15  91.2602
127  16  86.1069
127  17  82.1605
127  18  79.1437
127  19  76.8468
127  20  75.1121
127  21  73.8239
127  22  72.9179
127  23  72.4713
127  24  73.508
127  25  119.547
128  1  541.501
128  2  515.546
128  3  477.378
128  4  424.136
128  5  363.79
128  6  304.801
128  7  252.693
128  8  209.608
128  9  175.408
128  10  148.896
128  11  128.6
128  12  113.158
128  13  101.439
128  14  92.558
128  15  85.8404
128  16  80.779
128  17  76.9959
128  18  74.21
128  19  72.215
128  20  70.8644
128  21  70.067
128  22  69.8089
128  23  70.2867
128  24  72.9095
128  25  126.031
129  1  554.898
129  2  527.547
129  3  487.355
129  4  431.316
129  5  367.866
129  6  305.922
129  7  251.285
129  8  206.191
129  9  170.48
129  10  142.879
129  11  121.835
129  12  105.909
129  13  93.9123
129  14  84.9154
129  15  78.2119
129  16  73.273
129  17  69.7087
129  18  67.2337
129  19  65.6455
129  20  64.8124
129  21  64.676
129  22  65.2901
129  23  67.0102
129  24  71.7547
129  25  134.125
130  1  748.15
130  2  594.826
130  3  542.356
130  4  469.302
130  5  386.943
130  6  306.974
130  7  236.899
130  8  179.535
130  9  134.578
130  10  100.304
130  11  74.6523
130  12  55.7326
130  13  41.9952
130  14  32.2395
130  15  25.5649
130  16  21.3132
130  17  19.0163
130  18  18.3601
130  19  19.1629
130  20  21.3781
130  21  25.1343
130  22  30.8751
130  23  39.8604
130  24  56.8634
130  25  168.594
