1  1  6.66065
1  2  -2.07895
1  3  -5.53573
1  4  -7.74686
1  5  -9.3861
1  6  -10.6887
1  7  -11.7622
1  8  -12.6631
1  9  -13.4233
1  10  -14.0624
1  11  -14.5941
1  12  -15.0307
1  13  -15.3867
1  14  -15.6832
1  15  -15.9507
1  16  -16.2316
1  17  -16.5814
1  18  -17.0669
1  19  -17.7642
1  20  -18.7584
1  21  -20.1531
1  22  -22.1017
1  23  -24.9062
1  24  -29.4063
1  25  -39.75
2  1  4.01827
2  2  -4.47324
2  3  -7.7005
2  4  -9.76439
2  5  -11.3029
2  6  -12.5371
2  7  -13.568
2  8  -14.4477
2  9  -15.205
2  10  -15.855
2  11  -16.4045
2  12  -16.8551
2  13  -17.2056
2  14  -17.4548
2  15  -17.6053
2  16  -17.6696
2  17  -17.6776
2  18  -17.6857
2  19  -17.7848
2  20  -18.1049
2  21  -18.8154
2  22  -20.1351
2  23  -22.3981
2  24  -26.3794
2  25  -35.1053
3  1  2.081
3  2  -6.39238
3  3  -9.45697
3  4  -11.4162
3  5  -12.8875
3  6  -14.0831
3  7  -15.1005
3  8  -15.9906
3  9  -16.782
3  10  -17.4901
3  11  -18.1219
3  12  -18.6773
3  13  -19.1508
3  14  -19.5314
3  15  -19.8044
3  16  -19.9525
3  17  -19.9616
3  18  -19.8289
3  19  -19.5768
3  20  -19.2701
3  21  -19.0308
3  22  -19.0462
3  23  -19.5833
3  24  -21.1086
3  25  -24.9524
4  1  1.16722
4  2  -7.46216
4  3  -10.4589
4  4  -12.3755
4  5  -13.8261
4  6  -15.0211
4  7  -16.0578
4  8  -16.9889
4  9  -17.8453
4  10  -18.646
4  11  -19.4022
4  12  -20.119
4  13  -20.7963
4  14  -21.4287
4  15  -22.0056
4  16  -22.5108
4  17  -22.9251
4  18  -23.2292
4  19  -23.4117
4  20  -23.4798
4  21  -23.4706
4  22  -23.4603
4  23  -23.5772
4  24  -24.0711
4  25  -26.5542
5  1  0.69087
5  2  -8.33373
5  3  -11.3149
5  4  -13.2246
5  5  -14.6875
5  6  -15.9175
5  7  -17.0149
5  8  -18.0365
5  9  -19.0179
5  10  -19.9837
5  11  -20.9509
5  12  -21.9308
5  13  -22.9287
5  14  -23.9433
5  15  -24.9649
5  16  -25.975
5  17  -26.9464
5  18  -27.8461
5  19  -28.6424
5  20  -29.3142
5  21  -29.8629
5  22  -30.3238
5  23  -30.7894
5  24  -31.5191
5  25  -35.5314
6  1  1.01369
6  2  -8.75367
6  3  -11.8132
6  4  -13.7788
6  5  -15.3084
6  6  -16.627
6  7  -17.8423
6  8  -19.0169
6  9  -20.1918
6  10  -21.3956
6  11  -22.6474
6  12  -23.9575
6  13  -25.3262
6  14  -26.7423
6  15  -28.1828
6  16  -29.6137
6  17  -30.9947
6  18  -32.2862
6  19  -33.4583
6  20  -34.5005
6  21  -35.4303
6  22  -36.3053
6  23  -37.2595
6  24  -38.6857
6  25  -45.1126
7  1  2.32818
7  2  -8.54144
7  3  -11.7954
7  4  -13.8932
7  5  -15.5506
7  6  -17.0122
7  7  -18.396
7  8  -19.771
7  9  -21.1813
7  10  -22.6552
7  11  -24.2068
7  12  -25.8369
7  13  -27.5318
7  14  -29.2642
7  15  -30.9962
7  16  -32.6845
7  17  -34.2885
7  18  -35.7782
7  19  -37.1418
7  20  -38.3911
7  21  -39.568
7  22  -40.7589
7  23  -42.1463
7  24  -44.2647
7  25  -52.9428
8  1  5.00141
8  2  -7.5277
8  3  -11.1446
8  4  -13.4836
8  5  -15.3545
8  6  -17.0331
8  7  -18.6519
8  8  -20.2865
8  9  -21.982
8  10  -23.7617
8  11  -25.6299
8  12  -27.5732
8  13  -29.5623
8  14  -31.5569
8  15  -33.5118
8  16  -35.3855
8  17  -37.1476
8  18  -38.7851
8  19  -40.3061
8  20  -41.7431
8  21  -43.1591
8  22  -44.6677
8  23  -46.5024
8  24  -49.3487
8  25  -60.3925
9  1  8.36496
9  2  -5.98088
9  3  -10.0429
9  4  -12.6729
9  5  -14.7881
9  6  -16.699
9  7  -18.5534
9  8  -20.4331
9  9  -22.383
9  10  -24.4213
9  11  -26.5434
9  12  -28.7258
9  13  -30.9301
9  14  -33.1107
9  15  -35.2233
9  16  -37.2327
9  17  -39.1196
9  18  -40.884
9  19  -42.5478
9  20  -44.1569
9  21  -45.7894
9  22  -47.5806
9  23  -49.8084
9  24  -53.2916
9  25  -66.4314
10  1  11.64
10  2  -4.35715
10  3  -8.84886
10  4  -11.7571
10  5  -14.0983
10  6  -16.2153
10  7  -18.2696
10  8  -20.3486
10  9  -22.4976
10  10  -24.7314
10  11  -27.0405
10  12  -29.3954
10  13  -31.7541
10  14  -34.0699
10  15  -36.3013
10  16  -38.419
10  17  -40.4116
10  18  -42.2876
10  19  -44.0776
10  20  -45.8362
10  21  -47.6525
10  22  -49.679
10  23  -52.2296
10  24  -56.2328
10  25  -71.0992
11  1  14.427
11  2  -2.92419
11  3  -7.78037
11  4  -10.9231
11  5  -13.4513
11  6  -15.7343
11  7  -17.9454
11  8  -20.1764
11  9  -22.4736
11  10  -24.8506
11  11  -27.2947
11  12  -29.7739
11  13  -32.2445
11  14  -34.6605
11  15  -36.9829
11  16  -39.1868
11  17  -41.2659
11  18  -43.2344
11  19  -45.1283
11  20  -47.0086
11  21  -48.9721
11  22  -51.1847
11  23  -53.9886
11  24  -58.398
11  25  -74.6196
12  1  17.1097
12  2  -1.51512
12  3  -6.72148
12  4  -10.0887
12  5  -12.7937
12  6  -15.2312
12  7  -17.5852
12  8  -19.9526
12  9  -22.3809
12  10  -24.8828
12  11  -27.4443
12  12  -30.0317
12  13  -32.6008
12  14  -35.1066
12  15  -37.5126
12  16  -39.7973
12  17  -41.9589
12  18  -44.0158
12  19  -46.0086
12  20  -48.0035
12  21  -50.1045
12  22  -52.4894
12  23  -55.5268
12  24  -60.3093
12  25  -77.7787
13  1  19.4297
13  2  -0.279114
13  3  -5.78795
13  4  -9.34864
13  5  -12.2047
13  6  -14.7726
13  7  -17.2459
13  8  -19.7255
13  9  -22.2606
13  10  -24.8637
13  11  -27.52
13  12  -30.1951
13  13  -32.8448
13  14  -35.4251
13  15  -37.9016
13  16  -40.2557
13  17  -42.4884
13  18  -44.6218
13  19  -46.6998
13  20  -48.7928
13  21  -51.0106
13  22  -53.5413
13  23  -56.7752
13  24  -61.8714
13  25  -80.3909
14  1  21.6453
14  2  0.912983
14  3  -4.88446
14  4  -8.62941
14  5  -11.6285
14  6  -14.319
14  7  -16.9032
14  8  -19.4864
14  9  -22.1193
14  10  -24.8147
14  11  -27.5574
14  12  -30.3127
14  13  -33.0367
14  14  -35.6865
14  15  -38.2295
14  16  -40.6495
14  17  -42.9504
14  18  -45.157
14  19  -47.3163
14  20  -49.5024
14  21  -51.8306
14  22  -54.4985
14  23  -57.9171
14  24  -63.3075
14  25  -82.8125
15  1  23.776
15  2  2.06813
15  3  -4.00667
15  4  -7.92849
15  5  -11.0643
15  6  -13.8711
15  7  -16.56
15  8  -19.2402
15  9  -21.9641
15  10  -24.7453
15  11  -27.5682
15  12  -30.3982
15  13  -33.1919
15  14  -35.9075
15  15  -38.514
15  16  -40.9975
15  17  -43.3642
15  18  -45.6413
15  19  -47.8788
15  20  -50.1542
15  21  -52.5879
15  22  -55.3867
15  23  -58.9809
15  24  -64.6507
15  25  -85.0916
16  1  25.8833
16  2  3.2174
16  3  -3.13155
16  4  -7.22802
16  5  -10.4984
16  6  -13.4192
16  7  -16.2099
16  8  -18.984
16  9  -21.7958
16  10  -24.6594
16  11  -27.5596
16  12  -30.4618
16  13  -33.3233
16  14  -36.1032
16  15  -38.7723
16  16  -41.3187
16  17  -43.7506
16  18  -46.0978
16  19  -48.4127
16  20  -50.7762
16  21  -53.3139
16  22  -56.2411
16  23  -60.0075
16  24  -65.9513
16  25  -87.3093
17  1  27.756
17  2  4.24351
17  3  -2.34896
17  4  -6.60047
17  5  -9.99
17  6  -13.0112
17  7  -15.8914
17  8  -18.7477
17  9  -21.6361
17  10  -24.5715
17  11  -27.5389
17  12  -30.5042
17  13  -33.4251
17  14  -36.2618
17  15  -38.9865
17  16  -41.5888
17  17  -44.0789
17  18  -46.4885
17  19  -48.8723
17  20  -51.3142
17  21  -53.9438
17  22  -56.9847
17  23  -60.9034
17  24  -67.0889
17  25  -89.2565
18  1  29.7184
18  2  5.32285
18  3  -1.52471
18  4  -5.93854
18  5  -9.45255
18  6  -12.5785
18  7  -15.5515
18  8  -18.4927
18  9  -21.4602
18  10  -24.4696
18  11  -27.5065
18  12  -30.537
18  13  -33.5195
18  14  -36.4154
18  15  -39.1982
18  16  -41.8593
18  17  -44.4106
18  18  -46.8858
18  19  -49.342
18  20  -51.8658
18  21  -54.5918
18  22  -57.7514
18  23  -61.8289
18  24  -68.2665
18  25  -91.2782
19  1  31.5361
19  2  6.32569
19  3  -0.758077
19  4  -5.32214
19  5  -8.95117
19  6  -12.1735
19  7  -15.2319
19  8  -18.251
19  9  -21.2908
19  10  -24.3679
19  11  -27.4682
19  12  -30.5585
19  13  -33.5977
19  14  -36.5483
19  15  -39.385
19  16  -42.1006
19  17  -44.7087
19  18  -47.2448
19  19  -49.768
19  20  -52.3678
19  21  -55.1829
19  22  -58.4522
19  23  -62.6763
19  24  -69.3466
19  25  -93.1368
20  1  33.1382
20  2  7.2117
20  3  -0.0801993
20  4  -4.77661
20  5  -8.50682
20  6  -11.8139
20  7  -14.947
20  8  -18.0343
20  9  -21.1372
20  10  -24.2733
20  11  -27.4291
20  12  -30.5716
20  13  -33.6605
20  14  -36.6591
20  15  -39.5432
20  16  -42.307
20  17  -44.9653
20  18  -47.5552
20  19  -50.1376
20  20  -52.8044
20  21  -55.6979
20  22  -59.0637
20  23  -63.4167
20  24  -70.2914
20  25  -94.7657
21  1  34.7416
21  2  8.10017
21  3  0.599999
21  4  -4.22882
21  5  -8.06015
21  6  -11.4518
21  7  -14.6594
21  8  -17.8143
21  9  -20.98
21  10  -24.1747
21  11  -27.3855
21  12  -30.58
21  13  -33.7184
21  14  -36.765
21  15  -39.6966
21  16  -42.5086
21  17  -45.2173
21  18  -47.8612
21  19  -50.5029
21  20  -53.2367
21  21  -56.2086
21  22  -59.6708
21  23  -64.1526
21  24  -71.2315
21  25  -96.3887
22  1  36.2506
22  2  8.93764
22  3  1.24151
22  4  -3.71187
22  5  -7.63826
22  6  -11.1092
22  7  -14.3866
22  8  -17.605
22  9  -20.8293
22  10  -24.0788
22  11  -27.341
22  12  -30.5842
22  13  -33.7691
22  14  -36.8608
22  15  -39.8371
22  16  -42.6946
22  17  -45.4507
22  18  -48.1454
22  19  -50.8429
22  20  -53.6398
22  21  -56.6855
22  22  -60.2384
22  23  -64.8412
22  24  -72.1118
22  25  -97.9103
23  1  37.8106
23  2  9.80469
23  3  1.90597
23  4  -3.17615
23  5  -7.20073
23  6  -10.7536
23  7  -14.1029
23  8  -17.3866
23  9  -20.6711
23  10  -23.9769
23  11  -27.2921
23  12  -30.5853
23  13  -33.8182
23  14  -36.9564
23  15  -39.9789
23  16  -42.8834
23  17  -45.6887
23  18  -48.436
23  19  -51.1913
23  20  -54.0534
23  21  -57.1753
23  22  -60.8218
23  23  -65.5496
23  24  -73.0181
23  25  -99.4783
24  1  39.3567
24  2  10.665
24  3  2.5655
24  4  -2.64419
24  5  -6.76598
24  6  -10.3998
24  7  -13.8203
24  8  -17.1683
24  9  -20.5124
24  10  -23.8737
24  11  -27.241
24  12  -30.5837
24  13  -33.8639
24  14  -37.0482
24  15  -40.1165
24  16  -43.0677
24  17  -45.9217
24  18  -48.7212
24  19  -51.5337
24  20  -54.4604
24  21  -57.6579
24  22  -61.3971
24  23  -66.2485
24  24  -73.9128
24  25  -101.028
25  1  40.837
25  2  11.4895
25  3  3.19784
25  4  -2.13399
25  5  -6.34881
25  6  -10.0601
25  7  -13.5484
25  8  -16.9579
25  9  -20.3587
25  10  -23.773
25  11  -27.1901
25  12  -30.58
25  13  -33.9054
25  14  -37.1337
25  15  -40.2459
25  16  -43.2418
25  17  -46.1425
25  18  -48.9919
25  19  -51.8593
25  20  -54.8479
25  21  -58.1176
25  22  -61.9456
25  23  -66.9152
25  24  -74.7668
25  25  -102.508
26  1  42.3163
26  2  12.3141
26  3  3.83035
26  4  -1.6235
26  5  -5.93123
26  6  -9.71979
26  7  -13.2759
26  8  -16.7466
26  9  -20.2039
26  10  -23.6709
26  11  -27.1376
26  12  -30.5744
26  13  -33.9449
26  14  -37.2173
26  15  -40.3733
26  16  -43.4138
26  17  -46.3612
26  18  -49.2606
26  19  -52.1828
26  20  -55.2332
26  21  -58.5751
26  22  -62.4915
26  23  -67.5791
26  24  -75.6176
26  25  -103.983
27  1  43.7665
27  2  13.123
27  3  4.45098
27  4  -1.1225
27  5  -5.52129
27  6  -9.38555
27  7  -13.0079
27  8  -16.5386
27  9  -20.0511
27  10  -23.5696
27  11  -27.0847
27  12  -30.5676
27  13  -33.9822
27  14  -37.2976
27  15  -40.4965
27  16  -43.5808
27  17  -46.574
27  18  -49.5224
27  19  -52.4983
27  20  -55.6093
27  21  -59.0218
27  22  -63.025
27  23  -68.2282
27  24  -76.4496
27  25  -105.426
28  1  45.2696
28  2  13.9619
28  3  5.09466
28  4  -0.60282
28  5  -5.09596
28  6  -9.03862
28  7  -12.7296
28  8  -16.3223
28  9  -19.8919
28  10  -23.4636
28  11  -27.0289
28  12  -30.5592
28  13  -34.0194
28  14  -37.3794
28  15  -40.6228
28  16  -43.7525
28  17  -46.7931
28  18  -49.7922
28  19  -52.8238
28  20  -55.9975
28  21  -59.4832
28  22  -63.5762
28  23  -68.899
28  24  -77.3099
28  25  -106.919
29  1  46.7148
29  2  14.7687
29  3  5.71384
29  4  -0.10287
29  5  -4.68671
29  6  -8.70473
29  7  -12.4616
29  8  -16.1138
29  9  -19.7382
29  10  -23.361
29  11  -26.9743
29  12  -30.5502
29  13  -34.0542
29  14  -37.457
29  15  -40.7431
29  16  -43.9164
29  17  -47.0025
29  18  -50.0504
29  19  -53.1355
29  20  -56.3695
29  21  -59.9255
29  22  -64.1047
29  23  -69.5425
29  24  -78.1351
29  25  -108.352
30  1  48.0328
30  2  15.5047
30  3  6.27868
30  4  0.353219
30  5  -4.31334
30  6  -8.40005
30  7  -12.217
30  8  -15.9234
30  9  -19.5977
30  10  -23.267
30  11  -26.924
30  12  -30.5414
30  13  -34.0853
30  14  -37.527
30  15  -40.852
30  16  -44.065
30  17  -47.1927
30  18  -50.285
30  19  -53.4188
30  20  -56.7077
30  21  -60.3278
30  22  -64.5856
30  23  -70.128
30  24  -78.8863
30  25  -109.656
31  1  49.35
31  2  16.2404
31  3  6.84322
31  4  0.809046
31  5  -3.94019
31  6  -8.09554
31  7  -11.9725
31  8  -15.733
31  9  -19.4571
31  10  -23.1728
31  11  -26.8734
31  12  -30.5322
31  13  -34.1159
31  14  -37.5965
31  15  -40.9603
31  16  -44.2129
31  17  -47.382
31  18  -50.5187
31  19  -53.7011
31  20  -57.0449
31  21  -60.7289
31  22  -65.0651
31  23  -70.7119
31  24  -79.6355
31  25  -110.958
32  1  50.6481
32  2  16.9654
32  3  7.39957
32  4  1.25823
32  5  -3.5725
32  6  -7.7955
32  7  -11.7315
32  8  -15.5454
32  9  -19.3186
32  10  -23.0799
32  11  -26.8234
32  12  -30.5229
32  13  -34.1457
32  14  -37.6646
32  15  -41.0665
32  16  -44.3581
32  17  -47.568
32  18  -50.7484
32  19  -53.9787
32  20  -57.3764
32  21  -61.1234
32  22  -65.5367
32  23  -71.2864
32  24  -80.3726
32  25  -112.238
33  1  51.8792
33  2  17.6529
33  3  7.92705
33  4  1.68406
33  5  -3.22398
33  6  -7.51115
33  7  -11.5033
33  8  -15.3676
33  9  -19.1873
33  10  -22.9919
33  11  -26.7761
33  12  -30.5141
33  13  -34.1739
33  14  -37.7289
33  15  -41.167
33  16  -44.4955
33  17  -47.744
33  18  -50.9657
33  19  -54.2413
33  20  -57.6901
33  21  -61.4967
33  22  -65.9831
33  23  -71.8301
33  24  -81.0704
33  25  -113.45
34  1  53.1255
34  2  18.3487
34  3  8.46083
34  4  2.11489
34  5  -2.87143
34  6  -7.22359
34  7  -11.2725
34  8  -15.188
34  9  -19.0547
34  10  -22.9031
34  11  -26.7283
34  12  -30.5053
34  13  -34.2025
34  14  -37.7941
34  15  -41.2686
34  16  -44.6344
34  17  -47.9218
34  18  -51.1853
34  19  -54.5067
34  20  -58.0071
34  21  -61.8739
34  22  -66.4341
34  23  -72.3795
34  24  -81.7755
34  25  -114.675
35  1  54.3903
35  2  19.0546
35  3  9.00224
35  4  2.55179
35  5  -2.51403
35  6  -6.93218
35  7  -11.0387
35  8  -15.0062
35  9  -18.9206
35  10  -22.8134
35  11  -26.6802
35  12  -30.4966
35  13  -34.2317
35  14  -37.8602
35  15  -41.3717
35  16  -44.7752
35  17  -48.1021
35  18  -51.4078
35  19  -54.7756
35  20  -58.3282
35  21  -62.256
35  22  -66.8911
35  23  -72.9361
35  24  -82.4898
35  25  -115.915
36  1  55.4865
36  2  19.6661
36  3  9.47115
36  4  2.93006
36  5  -2.2047
36  6  -6.68008
36  7  -10.8366
36  8  -14.8491
36  9  -18.8049
36  10  -22.7361
36  11  -26.639
36  12  -30.4895
36  13  -34.2573
36  14  -37.9178
36  15  -41.4612
36  16  -44.8972
36  17  -48.2582
36  18  -51.6004
36  19  -55.0083
36  20  -58.6061
36  21  -62.5866
36  22  -67.2864
36  23  -73.4177
36  24  -83.1078
36  25  -116.989
37  1  56.6963
37  2  20.3405
37  3  9.98815
37  4  3.34698
37  5  -1.86392
37  6  -6.40252
37  7  -10.6142
37  8  -14.6765
37  9  -18.678
37  10  -22.6516
37  11  -26.5942
37  12  -30.4823
37  13  -34.2861
37  14  -37.9818
37  15  -41.5601
37  16  -45.032
37  17  -48.4304
37  18  -51.8128
37  19  -55.2647
37  20  -58.9123
37  21  -62.9509
37  22  -67.7219
37  23  -73.9481
37  24  -83.7884
37  25  -118.17
38  1  57.8579
38  2  20.9877
38  3  10.484
38  4  3.74668
38  5  -1.53741
38  6  -6.13677
38  7  -10.4016
38  8  -14.5117
38  9  -18.5571
38  10  -22.5714
38  11  -26.5521
38  12  -30.4762
38  13  -34.3145
38  14  -38.0437
38  15  -41.6556
38  16  -45.1616
38  17  -48.5959
38  18  -52.0166
38  19  -55.5107
38  20  -59.2059
38  21  -63.3001
38  22  -68.1393
38  23  -74.4564
38  24  -84.4405
38  25  -119.303
39  1  58.9385
39  2  21.5891
39  3  10.9446
39  4  4.11778
39  5  -1.23446
39  6  -5.89043
39  7  -10.2047
39  8  -14.3594
39  9  -18.4456
39  10  -22.4978
39  11  -26.514
39  12  -30.4715
39  13  -34.3417
39  14  -38.102
39  15  -41.7448
39  16  -45.2825
39  17  -48.7499
39  18  -52.2062
39  19  -55.7394
39  20  -59.4786
39  21  -63.6243
39  22  -68.5268
39  23  -74.9282
39  24  -85.0458
39  25  -120.353
40  1  60.0745
40  2  22.2207
40  3  11.4281
40  4  4.50699
40  5  -0.916981
40  6  -5.63256
40  7  -9.99891
40  8  -14.2005
40  9  -18.3297
40  10  -22.4218
40  11  -26.4751
40  12  -30.4677
40  13  -34.3713
40  14  -38.1641
40  15  -41.8393
40  16  -45.4101
40  17  -48.9121
40  18  -52.4055
40  19  -55.9796
40  20  -59.7649
40  21  -63.9646
40  22  -68.9333
40  23  -75.4231
40  24  -85.6804
40  25  -121.454
41  1  61.1769
41  2  22.8327
41  3  11.8962
41  4  4.88364
41  5  -0.610049
41  6  -5.3836
41  7  -9.80061
41  8  -14.0478
41  9  -18.2189
41  10  -22.3496
41  11  -26.439
41  12  -30.4654
41  13  -34.4013
41  14  -38.2255
41  15  -41.9319
41  16  -45.5345
41  17  -49.0699
41  18  -52.5991
41  19  -56.2125
41  20  -60.0425
41  21  -64.2942
41  22  -69.327
41  23  -75.9021
41  24  -86.2946
41  25  -122.519
42  1  62.2289
42  2  23.4158
42  3  12.3419
42  4  5.24188
42  5  -0.318466
42  6  -5.14746
42  7  -9.61296
42  8  -13.9039
42  9  -18.1149
42  10  -22.2826
42  11  -26.4063
42  12  -30.4649
42  13  -34.4315
42  14  -38.2854
42  15  -42.0213
42  16  -45.654
42  17  -49.2208
42  18  -52.7839
42  19  -56.4347
42  20  -60.3069
42  21  -64.6082
42  22  -69.7017
42  23  -76.358
42  24  -86.8788
42  25  -123.531
43  1  63.3042
43  2  24.0107
43  3  12.7962
43  4  5.60661
43  5  -0.0220245
43  6  -4.90786
43  7  -9.42309
43  8  -13.7588
43  9  -18.0108
43  10  -22.2162
43  11  -26.3751
43  12  -30.4665
43  13  -34.4642
43  14  -38.3482
43  15  -42.1139
43  16  -45.777
43  17  -49.3758
43  18  -52.9732
43  19  -56.6618
43  20  -60.5769
43  21  -64.9284
43  22  -70.0837
43  23  -76.8225
43  24  -87.4738
43  25  -124.561
44  1  64.3101
44  2  24.566
44  3  13.2196
44  4  5.94618
44  5  0.253494
44  6  -4.68571
44  7  -9.24765
44  8  -13.6254
44  9  -17.9158
44  10  -22.1567
44  11  -26.3483
44  12  -30.4703
44  13  -34.4969
44  14  -38.4087
44  15  -42.202
44  16  -45.8932
44  17  -49.5215
44  18  -53.1506
44  19  -56.8743
44  20  -60.8292
44  21  -65.2273
44  22  -70.44
44  23  -77.2554
44  24  -88.0281
44  25  -125.52
45  1  65.273
45  2  25.096
45  3  13.6234
45  4  6.26941
45  5  0.515226
45  6  -4.47527
45  7  -9.08214
45  8  -13.5003
45  9  -17.8277
45  10  -22.1026
45  11  -26.3255
45  12  -30.4766
45  13  -34.5305
45  14  -38.4687
45  15  -42.288
45  16  -46.0057
45  17  -49.6618
45  18  -53.321
45  19  -57.0778
45  20  -61.0703
45  21  -65.5127
45  22  -70.78
45  23  -77.6682
45  24  -88.5562
45  25  -126.432
46  1  66.2389
46  2  25.6259
46  3  14.0263
46  4  6.59145
46  5  0.775337
46  6  -4.26687
46  7  -8.91907
46  8  -13.3781
46  9  -17.7427
46  10  -22.0517
46  11  -26.306
46  12  -30.4862
46  13  -34.5672
46  14  -38.5314
46  15  -42.3763
46  16  -46.1202
46  17  -49.8036
46  18  -53.4924
46  19  -57.282
46  20  -61.3119
46  21  -65.7982
46  22  -71.1196
46  23  -78.0802
46  24  -89.0829
46  25  -127.341
47  1  67.1727
47  2  26.1362
47  3  14.4135
47  4  6.90015
47  5  1.02389
47  6  -4.06861
47  7  -8.76497
47  8  -13.2637
47  9  -17.6646
47  10  -22.0067
47  11  -26.2913
47  12  -30.4992
47  13  -34.6062
47  14  -38.5951
47  15  -42.4642
47  16  -46.2327
47  17  -49.9421
47  18  -53.6589
47  19  -57.4797
47  20  -61.5451
47  21  -66.0733
47  22  -71.4465
47  23  -78.4763
47  24  -89.5887
47  25  -128.211
48  1  68.0543
48  2  26.6156
48  3  14.7764
48  4  7.18864
48  5  1.25527
48  6  -3.8851
48  7  -8.62351
48  8  -13.1602
48  9  -17.5955
48  10  -21.9689
48  11  -26.2821
48  12  -30.5161
48  13  -34.6471
48  14  -38.6587
48  15  -42.5502
48  16  -46.3413
48  17  -50.0745
48  18  -53.8171
48  19  -57.6667
48  20  -61.765
48  21  -66.3321
48  22  -71.7535
48  23  -78.8478
48  24  -90.0623
48  25  -129.025
49  1  68.9551
49  2  27.1024
49  3  15.1437
49  4  7.47951
49  5  1.48735
49  6  -3.70239
49  7  -8.48427
49  8  -13.0601
49  9  -17.5309
49  10  -21.9366
49  11  -26.2788
49  12  -30.5391
49  13  -34.6942
49  14  -38.7284
49  15  -42.6418
49  16  -46.4552
49  17  -50.2118
49  18  -53.98
49  19  -57.8582
49  20  -61.9894
49  21  -66.5955
49  22  -72.0652
49  23  -79.2243
49  24  -90.5413
49  25  -129.844
50  1  69.7345
50  2  27.5203
50  3  15.4578
50  4  7.72704
50  5  1.68354
50  6  -3.54945
50  7  -8.36949
50  8  -12.9797
50  9  -17.4816
50  10  -21.9153
50  11  -26.2826
50  12  -30.5654
50  13  -34.7408
50  14  -38.7937
50  15  -42.7253
50  16  -46.557
50  17  -50.3331
50  18  -54.1225
50  19  -58.0245
50  20  -62.1833
50  21  -66.8222
50  22  -72.3327
50  23  -79.5467
50  24  -90.9506
50  25  -130.541
51  1  70.5127
51  2  27.9335
51  3  15.7667
51  4  7.96895
51  5  1.8736
51  6  -3.40325
51  7  -8.26206
51  8  -12.9072
51  9  -17.4407
51  10  -21.9026
51  11  -26.2949
51  12  -30.5996
51  13  -34.7946
51  14  -38.8654
51  15  -42.814
51  16  -46.6629
51  17  -50.4572
51  18  -54.2666
51  19  -58.1914
51  20  -62.3767
51  21  -67.0473
51  22  -72.5974
51  23  -79.8645
51  24  -91.3528
51  25  -131.222
52  1  71.1874
52  2  28.2871
52  3  16.0292
52  4  8.17288
52  5  2.03189
52  6  -3.28373
52  7  -8.17696
52  8  -12.8531
52  9  -17.4145
52  10  -21.9011
52  11  -26.315
52  12  -30.6383
52  13  -34.8494
52  14  -38.9347
52  15  -42.897
52  16  -46.7595
52  17  -50.5683
52  18  -54.3939
52  19  -58.3372
52  20  -62.5442
52  21  -67.2411
52  22  -72.8242
52  23  -80.1358
52  24  -91.6946
52  25  -131.796
53  1  71.8446
53  2  28.6259
53  3  16.2783
53  4  8.36407
53  5  2.17775
53  6  -3.17664
53  7  -8.10439
53  8  -12.8117
53  9  -17.4009
53  10  -21.912
53  11  -26.3467
53  12  -30.6877
53  13  -34.9135
53  14  -39.0116
53  15  -42.9856
53  16  -46.8598
53  17  -50.6811
53  18  -54.5208
53  19  -58.4807
53  20  -62.7074
53  21  -67.4284
53  22  -73.0418
53  23  -80.3946
53  24  -92.0186
53  25  -132.333
54  1  72.5023
54  2  28.9562
54  3  16.5176
54  4  8.54423
54  5  2.31116
54  6  -3.08355
54  7  -8.04745
54  8  -12.7873
54  9  -17.4055
54  10  -21.9416
54  11  -26.3971
54  12  -30.7548
54  13  -34.994
54  14  -39.1029
54  15  -43.0863
54  16  -46.9699
54  17  -50.8013
54  18  -54.6528
54  19  -58.6269
54  20  -62.8711
54  21  -67.6138
54  22  -73.2552
54  23  -80.646
54  24  -92.3301
54  25  -132.839
55  1  73.0538
55  2  29.2221
55  3  16.7055
55  4  8.68087
55  5  2.4068
55  6  -3.02374
55  7  -8.02002
55  8  -12.7891
55  9  -17.433
55  10  -21.9907
55  11  -26.4636
55  12  -30.8342
55  13  -35.0826
55  14  -39.1981
55  15  -43.1866
55  16  -47.0748
55  17  -50.9116
55  18  -54.77
55  19  -58.7532
55  20  -63.0092
55  21  -67.7672
55  22  -73.4287
55  23  -80.8472
55  24  -92.5751
55  25  -133.222
56  1  73.5147
56  2  29.4298
56  3  16.8456
56  4  8.77611
56  5  2.46534
56  6  -2.99789
56  7  -8.02403
56  8  -12.8201
56  9  -17.4875
56  10  -22.0643
56  11  -26.5513
56  12  -30.9314
56  13  -35.1851
56  14  -39.3027
56  15  -43.2917
56  16  -47.1798
56  17  -51.0171
56  18  -54.8773
56  19  -58.8642
56  20  -63.1264
56  21  -67.8934
56  22  -73.5674
56  23  -81.0036
56  24  -92.7594
56  25  -133.488
57  1  73.9057
57  2  29.5822
57  3  16.9369
57  4  8.82573
57  5  2.4797
57  6  -3.01585
57  7  -8.07208
57  8  -12.8954
57  9  -17.5859
57  10  -22.1806
57  11  -26.6794
57  12  -31.0652
57  13  -35.3193
57  14  -39.4334
57  15  -43.4165
57  16  -47.298
57  17  -51.1291
57  18  -54.9845
57  19  -58.9684
57  20  -63.2298
57  21  -67.9982
57  22  -73.676
57  23  -81.1183
57  24  -92.8834
57  25  -133.627
58  1  74.1519
58  2  29.6396
58  3  16.9495
58  4  8.80613
58  5  2.43099
58  6  -3.09266
58  7  -8.17581
58  8  -13.0235
58  9  -17.7341
58  10  -22.3429
58  11  -26.8488
58  12  -31.2345
58  13  -35.4823
58  14  -39.5855
58  15  -43.5549
58  16  -47.4217
58  17  -51.2382
58  18  -55.0803
58  19  -59.0525
58  20  -63.3036
58  21  -68.0629
58  22  -73.7318
58  23  -81.1638
58  24  -92.9114
58  25  -133.573
59  1  74.2284
59  2  29.5858
59  3  16.8699
59  4  8.70517
59  5  2.30779
59  6  -3.2394
59  7  -8.34613
59  8  -13.2153
59  9  -17.9427
59  10  -22.5614
59  11  -27.0689
59  12  -31.4478
59  13  -35.6815
59  14  -39.7652
59  15  -43.7118
59  16  -47.5544
59  17  -51.347
59  18  -55.1659
59  19  -59.1162
59  20  -63.3463
59  21  -68.0844
59  22  -73.73
59  23  -81.1322
59  24  -92.831
59  25  -133.297
60  1  74.0891
60  2  29.3792
60  3  16.6595
60  4  8.48476
60  5  2.07106
60  6  -3.49703
60  7  -8.62639
60  8  -13.5163
60  9  -18.2586
60  10  -22.8831
60  11  -27.3855
60  12  -31.7482
60  13  -35.9561
60  14  -40.0069
60  15  -43.9163
60  16  -47.72
60  17  -51.4735
60  18  -55.2543
60  19  -59.1672
60  20  -63.36
60  21  -68.0589
60  22  -73.6598
60  23  -81.0037
60  24  -92.6071
60  25  -132.702
61  1  73.6296
61  2  28.9486
61  3  16.2577
61  4  8.08936
61  5  1.66716
61  6  -3.9191
61  7  -9.07088
61  8  -13.9815
61  9  -18.7368
61  10  -23.3618
61  11  -27.8498
61  12  -32.183
61  13  -36.3486
61  14  -40.3477
61  15  -44.2
61  16  -47.9441
61  17  -51.638
61  18  -55.3598
61  19  -59.2142
61  20  -63.3473
61  21  -67.982
61  22  -73.5081
61  23  -80.7535
61  24  -92.1945
61  25  -131.661
62  1  72.6132
62  2  28.1242
62  3  15.5167
62  4  7.37963
62  5  0.957538
62  6  -4.648
62  7  -9.82789
62  8  -14.7647
62  9  -19.5341
62  10  -24.1538
62  11  -28.6129
62  12  -32.8946
62  13  -36.9897
62  14  -40.9052
62  15  -44.6662
62  16  -48.316
62  17  -51.9155
62  18  -55.5437
62  19  -59.3042
62  20  -63.3402
62  21  -67.8691
62  22  -73.2699
62  23  -80.3479
62  24  -91.5102
62  25  -129.883
63  1  70.7799
63  2  26.7433
63  3  14.2999
63  4  6.22519
63  5  -0.19296
63  6  -5.83029
63  7  -11.058
63  8  -16.0395
63  9  -20.8337
63  10  -25.4465
63  11  -29.8629
63  12  -34.0682
63  13  -38.0605
63  14  -41.8556
63  15  -45.4871
63  16  -49.0044
63  17  -52.4718
63  18  -55.969
63  19  -59.5976
63  20  -63.4958
63  21  -67.8722
63  22  -73.0895
63  23  -79.9174
63  24  -90.6539
63  25  -127.293
64  1  67.7961
64  2  24.6278
64  3  12.4627
64  4  4.47645
64  5  -1.96339
64  6  -7.68887
64  7  -13.0327
64  8  -18.1225
64  9  -22.9886
64  10  -27.6205
64  11  -31.9997
64  12  -36.1193
64  13  -39.9905
64  14  -43.6434
64  15  -47.1235
64  16  -50.488
64  17  -53.8049
64  18  -57.154
64  19  -60.6334
64  20  -64.3741
64  21  -68.5725
64  22  -73.5684
64  23  -80.0812
64  24  -90.2512
64  25  -124.367
65  1  64.3113
65  2  22.3705
65  3  10.5477
65  4  2.62009
65  5  -3.93163
65  6  -9.87023
65  7  -15.4655
65  8  -20.7902
65  9  -25.8371
65  10  -30.5794
65  11  -35.0017
65  12  -39.1114
65  13  -42.9384
65  14  -46.5295
65  15  -49.9423
65  16  -53.2417
65  17  -56.4988
65  18  -59.7932
65  19  -63.2199
65  20  -66.9038
65  21  -71.0307
65  22  -75.9203
65  23  -82.2456
65  24  -91.9943
65  25  -123.646
66  1  61.2393
66  2  20.7193
66  3  9.23475
66  4  1.2907
66  5  -5.50009
66  6  -11.8077
66  7  -17.8169
66  8  -23.5336
66  9  -28.912
66  10  -33.9151
66  11  -38.5372
66  12  -42.8038
66  13  -46.7632
66  14  -50.4773
66  15  -54.0141
66  16  -57.4447
66  17  -60.8434
66  18  -64.2911
66  19  -67.8827
66  20  -71.7421
66  21  -76.0519
66  22  -81.1246
66  23  -87.6118
66  24  -97.4131
66  25  -127.662
67  1  58.7173
67  2  19.7679
67  3  8.6442
67  4  0.665857
67  5  -6.41968
67  6  -13.1801
67  7  -19.708
67  8  -25.9427
67  9  -31.8056
67  10  -37.2541
67  11  -42.2923
67  12  -46.9601
67  13  -51.3192
67  14  -55.4414
67  15  -59.4015
67  16  -63.2759
67  17  -67.1426
67  18  -71.0862
67  19  -75.2063
67  20  -79.6324
67  21  -84.5547
67  22  -90.2964
67  23  -97.5226
67  24  -108.135
67  25  -138.58
68  1  55.7749
68  2  18.5854
68  3  8.08154
68  4  0.398436
68  5  -6.64822
68  6  -13.5859
68  7  -20.4647
68  8  -27.187
68  9  -33.6488
68  10  -39.7918
68  11  -45.6097
68  12  -51.1342
68  13  -56.4203
68  14  -61.5347
68  15  -66.5492
68  16  -71.539
68  17  -76.5841
68  18  -81.7741
68  19  -87.2169
68  20  -93.0556
68  21  -99.501
68  22  -106.909
68  23  -115.998
68  24  -128.774
68  25  -161.671
69  1  38.756
69  2  4.7784
69  3  -2.40954
69  4  -6.27217
69  5  -9.69994
69  6  -13.9271
69  7  -19.466
69  8  -26.3803
69  9  -34.4946
69  10  -43.5554
69  11  -53.3257
69  12  -63.6239
69  13  -74.3299
69  14  -85.3782
69  15  -96.7469
69  16  -108.45
69  17  -120.531
69  18  -133.066
69  19  -146.167
69  20  -160.001
69  21  -174.822
69  22  -191.063
69  23  -209.577
69  24  -232.642
69  25  -277.466
70  1  29.3583
70  2  -1.71461
70  3  -7.46411
70  4  -10.5914
70  5  -13.9854
70  6  -18.7904
70  7  -25.3436
70  8  -33.5264
70  9  -43.0298
70  10  -53.5296
70  11  -64.7686
70  12  -76.5776
70  13  -88.8668
70  14  -101.611
70  15  -114.832
70  16  -128.597
70  17  -143.004
70  18  -158.195
70  19  -174.361
70  20  -191.764
70  21  -210.791
70  22  -232.054
70  23  -256.69
70  24  -287.508
70  25  -343.362
71  1  20.0177
71  2  -6.55041
71  3  -9.59231
71  4  -11.04
71  5  -13.777
71  6  -18.7705
71  7  -26.062
71  8  -35.242
71  9  -45.7912
71  10  -57.2665
71  11  -69.3631
71  12  -81.9084
71  13  -94.8346
71  14  -108.151
71  15  -121.927
71  16  -136.276
71  17  -151.361
71  18  -167.396
71  19  -184.669
71  20  -203.574
71  21  -224.684
71  22  -248.905
71  23  -277.867
71  24  -315.359
71  25  -383.429
72  1  23.5601
72  2  -0.585167
72  3  -4.1001
72  4  -7.56596
72  5  -13.2414
72  6  -21.4221
72  7  -31.6106
72  8  -43.0947
72  9  -55.2646
72  10  -67.7188
72  11  -80.2506
72  12  -92.7981
72  13  -105.395
72  14  -118.138
72  15  -131.168
72  16  -144.662
72  17  -158.844
72  18  -173.991
72  19  -190.472
72  20  -208.796
72  21  -229.715
72  22  -254.449
72  23  -285.239
72  24  -327.286
72  25  -407.898
73  1  28.6556
73  2  6.7558
73  3  2.33334
73  4  -3.55764
73  5  -12.4081
73  6  -23.8136
73  7  -36.7908
73  8  -50.4042
73  9  -64.0181
73  10  -77.3083
73  11  -90.1795
73  12  -102.677
73  13  -114.926
73  14  -127.092
73  15  -139.372
73  16  -151.985
73  17  -165.191
73  18  -179.303
73  19  -194.733
73  20  -212.057
73  21  -232.15
73  22  -256.475
73  23  -287.84
73  24  -333.028
73  25  -426.697
74  1  34.0493
74  2  14.5903
74  3  9.04897
74  4  0.567576
74  5  -11.4803
74  6  -26.0053
74  7  -41.6013
74  8  -57.1726
74  9  -72.0981
74  10  -86.148
74  11  -99.3385
74  12  -111.815
74  13  -123.782
74  14  -135.465
74  15  -147.101
74  16  -158.941
74  17  -171.263
74  18  -184.399
74  19  -198.781
74  20  -215.015
74  21  -234.042
74  22  -257.489
74  23  -288.626
74  24  -335.845
74  25  -443.813
75  1  38.5786
75  2  21.3748
75  3  14.739
75  4  4.00738
75  5  -10.6891
75  6  -27.7233
75  7  -45.3849
75  8  -62.4831
75  9  -78.4297
75  10  -93.0794
75  11  -106.539
75  12  -119.033
75  13  -130.823
75  14  -142.178
75  15  -153.365
75  16  -164.652
75  17  -176.329
75  18  -188.734
75  19  -202.301
75  20  -217.642
75  21  -235.718
75  22  -258.228
75  23  -288.708
75  24  -336.749
75  25  -457.527
76  1  42.6857
76  2  27.6919
76  3  19.9241
76  4  7.10081
76  5  -9.96924
76  6  -29.2082
76  7  -48.6647
76  8  -67.0841
76  9  -83.9178
76  10  -99.0985
76  11  -112.813
76  12  -125.351
76  13  -137.024
76  14  -148.137
76  15  -158.98
76  16  -169.835
76  17  -180.999
76  18  -192.811
76  19  -205.701
76  20  -220.276
76  21  -237.492
76  22  -259.07
76  23  -288.679
76  24  -336.765
76  25  -469.472
77  1  46.3796
77  2  33.4437
77  3  24.5508
77  4  9.83559
77  5  -9.32388
77  6  -30.4797
77  7  -51.4878
77  8  -71.0493
77  9  -88.6553
77  10  -104.308
77  11  -118.261
77  12  -130.862
77  13  -142.464
77  14  -153.402
77  15  -163.982
77  16  -174.501
77  17  -185.259
77  18  -196.596
77  19  -208.935
77  20  -222.871
77  21  -239.345
77  22  -260.064
77  23  -288.741
77  24  -336.33
77  25  -479.413
78  1  49.6462
78  2  38.4955
78  3  28.5468
78  4  12.1849
78  5  -8.76022
78  6  -31.543
78  7  -53.8658
78  8  -74.3975
78  9  -92.665
78  10  -108.729
78  11  -122.901
78  12  -135.574
78  13  -147.138
78  14  -157.95
78  15  -168.334
78  16  -178.595
78  17  -189.038
78  18  -200.
78  19  -211.898
78  20  -225.316
78  21  -241.175
78  22  -261.153
78  23  -288.944
78  24  -335.738
78  25  -487.085
79  1  52.8096
79  2  43.2623
79  3  32.2683
79  4  14.3673
79  5  -8.22787
79  6  -32.5096
79  7  -56.0444
79  8  -77.4739
79  9  -96.3585
79  10  -112.812
79  11  -127.2
79  12  -139.956
79  13  -151.502
79  14  -162.216
79  15  -172.439
79  16  -182.483
79  17  -192.656
79  18  -203.295
79  19  -214.811
79  20  -227.774
79  21  -243.083
79  22  -262.379
79  23  -289.303
79  24  -335.095
79  25  -493.082
80  1  55.9676
80  2  47.8159
80  3  35.7878
80  4  16.4296
80  5  -7.71771
80  6  -33.4086
80  7  -58.0852
80  8  -80.3644
80  9  -99.8379
80  10  -116.669
80  11  -131.272
80  12  -144.12
80  13  -155.663
80  14  -166.301
80  15  -176.388
80  16  -186.244
80  17  -196.182
80  18  -206.535
80  19  -217.709
80  20  -230.262
80  21  -245.07
80  22  -263.733
80  23  -289.815
80  24  -334.47
80  25  -497.377
81  1  58.9241
81  2  51.8452
81  3  38.8806
81  4  18.2417
81  5  -7.26557
81  6  -34.1924
81  7  -59.8732
81  8  -82.9033
81  9  -102.901
81  10  -120.073
81  11  -134.874
81  12  -147.813
81  13  -159.365
81  14  -169.948
81  15  -179.927
81  16  -189.63
81  17  -199.372
81  18  -209.487
81  19  -220.376
81  20  -232.583
81  21  -246.965
81  22  -265.081
81  23  -290.413
81  24  -333.95
81  25  -499.787
82  1  62.1355
82  2  55.9471
82  3  42.0139
82  4  20.0775
82  5  -6.80678
82  6  -34.9875
82  7  -61.6904
82  8  -85.4884
82  9  -106.026
82  10  -123.552
82  11  -138.565
82  12  -151.605
82  13  -163.175
82  14  -173.712
82  15  -183.591
82  16  -193.149
82  17  -202.704
82  18  -212.588
82  19  -223.197
82  20  -235.065
82  21  -249.026
82  22  -266.596
82  23  -291.164
82  24  -333.477
82  25  -500.734
83  1  65.1505
83  2  59.5464
83  3  44.7544
83  4  21.6824
83  5  -6.40833
83  6  -35.6903
83  7  -63.2938
83  8  -87.7712
83  9  -108.789
83  10  -126.635
83  11  -141.84
83  12  -154.977
83  13  -166.571
83  14  -177.073
83  15  -186.873
83  16  -196.31
83  17  -205.707
83  18  -215.396
83  19  -225.768
83  20  -237.347
83  21  -250.946
83  22  -268.045
83  23  -291.941
83  24  -333.126
83  25  -500.242
84  1  68.1553
84  2  62.9144
84  3  47.3132
84  4  23.1789
84  5  -6.04219
84  6  -36.3586
84  7  -64.8107
84  8  -89.9309
84  9  -111.406
84  10  -129.557
84  11  -144.949
84  12  -158.183
84  13  -169.805
84  14  -180.282
84  15  -190.011
84  16  -199.341
84  17  -208.595
84  18  -218.106
84  19  -228.261
84  20  -239.573
84  21  -252.84
84  22  -269.5
84  23  -292.767
84  24  -332.86
84  25  -498.655
85  1  71.3888
85  2  66.3283
85  3  49.9026
85  4  24.6898
85  5  -5.68138
85  6  -37.0529
85  7  -66.3733
85  8  -92.1536
85  9  -114.1
85  10  -132.568
85  11  -148.157
85  12  -161.495
85  13  -173.151
85  14  -183.606
85  15  -193.269
85  16  -202.493
85  17  -211.607
85  18  -220.941
85  19  -230.878
85  20  -241.925
85  21  -254.856
85  22  -271.075
85  23  -293.702
85  24  -332.658
85  25  -495.975
86  1  74.6061
86  2  69.5446
86  3  52.3384
86  4  26.1061
86  5  -5.35477
86  6  -37.7287
86  7  -67.8762
86  8  -94.2875
86  9  -116.687
86  10  -135.461
86  11  -151.241
86  12  -164.684
86  13  -176.376
86  14  -186.814
86  15  -196.418
86  16  -205.546
86  17  -214.529
86  18  -223.699
86  19  -233.434
86  20  -244.231
86  21  -256.849
86  22  -272.652
86  23  -294.672
86  24  -332.533
86  25  -492.539
87  1  77.8309
87  2  72.6215
87  3  54.6652
87  4  27.4528
87  5  -5.05815
87  6  -38.4003
87  7  -69.3489
87  8  -96.373
87  9  -119.214
87  10  -138.287
87  11  -154.257
87  12  -167.804
87  13  -179.535
87  14  -189.961
87  15  -199.511
87  16  -208.549
87  17  -217.41
87  18  -226.423
87  19  -235.966
87  20  -246.525
87  21  -258.842
87  22  -274.246
87  23  -295.682
87  24  -332.475
87  25  -488.515
88  1  80.7674
88  2  75.3201
88  3  56.7027
88  4  28.6256
88  5  -4.81375
88  6  -39.0138
88  7  -70.6737
88  8  -98.2435
88  9  -121.478
88  10  -140.821
88  11  -156.962
88  12  -170.605
88  13  -182.372
88  14  -192.79
88  15  -202.294
88  16  -211.255
88  17  -220.008
88  18  -228.886
88  19  -238.26
88  20  -248.61
88  21  -260.663
88  22  -275.716
88  23  -296.635
88  24  -332.477
88  25  -484.47
89  1  83.8927
89  2  78.1055
89  3  58.8021
89  4  29.8263
89  5  -4.57988
89  6  -39.675
89  7  -72.0787
89  8  -100.22
89  9  -123.869
89  10  -143.496
89  11  -159.818
89  12  -173.563
89  13  -185.372
89  14  -195.783
89  15  -205.241
89  16  -214.123
89  17  -222.767
89  18  -231.505
89  19  -240.703
89  20  -250.837
89  21  -262.616
89  22  -277.304
89  23  -297.685
89  24  -332.531
89  25  -479.868
90  1  86.9954
90  2  80.8
90  3  60.8288
90  4  30.9766
90  5  -4.37426
90  6  -40.3456
90  7  -73.4787
90  8  -102.182
90  9  -126.24
90  10  -146.147
90  11  -162.649
90  12  -176.496
90  13  -188.348
90  14  -198.755
90  15  -208.17
90  16  -216.976
90  17  -225.514
90  18  -234.116
90  19  -243.145
90  20  -253.069
90  21  -264.58
90  22  -278.912
90  23  -298.768
90  24  -332.638
90  25  -475.071
91  1  89.993
91  2  83.3501
91  3  62.7425
91  4  32.0535
91  5  -4.20092
91  6  -41.0117
91  7  -74.8449
91  8  -104.089
91  9  -128.54
91  10  -148.718
91  11  -165.395
91  12  -179.342
91  13  -191.237
91  14  -201.641
91  15  -211.016
91  16  -219.752
91  17  -228.19
91  18  -236.662
91  19  -245.531
91  20  -255.253
91  21  -266.51
91  22  -280.502
91  23  -299.856
91  24  -332.789
91  25  -470.278
92  1  92.9017
92  2  85.7849
92  3  64.565
92  4  33.0695
92  5  -4.05705
92  6  -41.6793
92  7  -76.1903
92  8  -105.959
92  9  -130.791
92  10  -151.234
92  11  -168.082
92  12  -182.128
92  13  -194.065
92  14  -204.468
92  15  -213.807
92  16  -222.475
92  17  -230.817
92  18  -239.165
92  19  -247.879
92  20  -257.409
92  21  -268.42
92  22  -282.084
92  23  -300.953
92  24  -332.982
92  25  -465.518
93  1  95.8047
93  2  88.1838
93  3  66.3557
93  4  34.0575
93  5  -3.93813
93  6  -42.3701
93  7  -77.5585
93  8  -107.851
93  9  -133.067
93  10  -153.775
93  11  -170.795
93  12  -184.941
93  13  -196.923
93  14  -207.326
93  15  -216.629
93  16  -225.23
93  17  -233.478
93  18  -241.704
93  19  -250.264
93  20  -259.602
93  21  -270.369
93  22  -283.707
93  23  -302.093
93  24  -333.221
93  25  -460.692
94  1  98.4599
94  2  90.356
94  3  67.9723
94  4  34.94
94  5  -3.8518
94  6  -43.0264
94  7  -78.8367
94  8  -109.612
94  9  -135.181
94  10  -156.134
94  11  -173.313
94  12  -187.552
94  13  -199.575
94  14  -209.979
94  15  -219.251
94  16  -227.792
94  17  -235.954
94  18  -244.068
94  19  -252.487
94  20  -261.65
94  21  -272.194
94  22  -285.233
94  23  -303.178
94  24  -333.481
94  25  -456.231
95  1  101.214
95  2  92.5907
95  3  69.6303
95  4  35.8345
95  5  -3.78596
95  6  -43.7344
95  7  -80.1937
95  8  -111.473
95  9  -137.411
95  10  -158.62
95  11  -175.967
95  12  -190.304
95  13  -202.371
95  14  -212.778
95  15  -222.017
95  16  -230.496
95  17  -238.57
95  18  -246.568
95  19  -254.841
95  20  -263.822
95  21  -274.135
95  22  -286.863
95  23  -304.349
95  24  -333.794
95  25  -451.575
96  1  103.955
96  2  94.8006
96  3  71.2641
96  4  36.7048
96  5  -3.74553
96  6  -44.4697
96  7  -81.5801
96  8  -113.365
96  9  -139.675
96  10  -161.143
96  11  -178.658
96  12  -193.095
96  13  -205.208
96  14  -215.617
96  15  -224.825
96  16  -233.243
96  17  -241.228
96  18  -249.11
96  19  -257.239
96  20  -266.038
96  21  -276.119
96  22  -288.537
96  23  -305.564
96  24  -334.152
96  25  -446.923
97  1  106.804
97  2  97.0844
97  3  72.9461
97  4  37.5879
97  5  -3.73148
97  6  -45.2689
97  7  -83.0626
97  8  -115.38
97  9  -142.08
97  10  -163.82
97  11  -181.514
97  12  -196.056
97  13  -208.218
97  14  -218.631
97  15  -227.806
97  16  -236.161
97  17  -244.054
97  18  -251.816
97  19  -259.793
97  20  -268.402
97  21  -278.24
97  22  -290.335
97  23  -306.882
97  24  -334.576
97  25  -442.085
98  1  109.29
98  2  99.0685
98  3  74.4016
98  4  38.3407
98  5  -3.74375
98  6  -45.9977
98  7  -84.394
98  8  -117.181
98  9  -144.226
98  10  -166.207
98  11  -184.059
98  12  -198.695
98  13  -210.9
98  14  -221.318
98  15  -230.466
98  16  -238.765
98  17  -246.578
98  18  -254.234
98  19  -262.078
98  20  -270.52
98  21  -280.145
98  22  -291.955
98  23  -308.082
98  24  -334.99
98  25  -437.868
99  1  112.034
99  2  101.25
99  3  75.9951
99  4  39.1518
99  5  -3.78527
99  6  -46.8384
99  7  -85.9075
99  8  -119.219
99  9  -146.65
99  10  -168.901
99  11  -186.93
99  12  -201.672
99  13  -213.927
99  14  -224.35
99  15  -233.467
99  16  -241.706
99  17  -249.429
99  18  -256.968
99  19  -264.664
99  20  -272.921
99  21  -282.31
99  22  -293.802
99  23  -309.461
99  24  -335.498
99  25  -433.229
100  1  114.728
100  2  103.384
100  3  77.5465
100  4  39.9273
100  5  -3.85609
100  6  -47.7032
100  7  -87.441
100  8  -121.274
100  9  -149.09
100  10  -171.61
100  11  -189.816
100  12  -204.663
100  13  -216.969
100  14  -227.399
100  15  -236.486
100  16  -244.665
100  17  -252.3
100  18  -259.723
100  19  -267.273
100  20  -275.346
100  21  -284.5
100  22  -295.679
100  23  -310.875
100  24  -336.052
100  25  -428.699
101  1  117.383
101  2  105.481
101  3  79.0638
101  4  40.671
101  5  -3.95669
101  6  -48.5964
101  7  -89.0026
101  8  -123.358
101  9  -151.558
101  10  -174.348
101  11  -192.732
101  12  -207.686
101  13  -220.042
101  14  -230.478
101  15  -239.537
101  16  -247.657
101  17  -255.204
101  18  -262.513
101  19  -269.916
101  20  -277.807
101  21  -286.728
101  22  -297.595
101  23  -312.331
101  24  -336.654
101  25  -424.264
102  1  120.217
102  2  107.713
102  3  80.6703
102  4  41.4414
102  5  -4.09969
102  6  -49.5975
102  7  -90.7277
102  8  -125.649
102  9  -154.266
102  10  -177.349
102  11  -195.927
102  12  -210.996
102  13  -223.408
102  14  -233.853
102  15  -242.882
102  16  -250.938
102  17  -258.391
102  18  -265.575
102  19  -272.822
102  20  -280.516
102  21  -289.186
102  22  -299.716
102  23  -313.956
102  24  -337.361
102  25  -419.57
103  1  122.899
103  2  109.82
103  3  82.1778
103  4  42.147
103  5  -4.27075
103  6  -50.5927
103  7  -92.4186
103  8  -127.884
103  9  -156.904
103  10  -180.268
103  11  -199.033
103  12  -214.214
103  13  -226.681
103  14  -237.134
103  15  -246.134
103  16  -254.129
103  17  -261.493
103  18  -268.559
103  19  -275.656
103  20  -283.161
103  21  -291.59
103  22  -301.799
103  23  -315.565
103  24  -338.095
103  25  -415.173
104  1  125.438
104  2  111.811
104  3  83.5936
104  4  42.7931
104  5  -4.46656
104  6  -51.5805
104  7  -94.0755
104  8  -130.064
104  9  -159.471
104  10  -183.108
104  11  -202.052
104  12  -217.343
104  13  -229.862
104  14  -240.324
104  15  -249.297
104  16  -257.235
104  17  -264.513
104  18  -271.465
104  19  -278.418
104  20  -285.743
104  21  -293.942
104  22  -303.843
104  23  -317.157
104  24  -338.852
104  25  -411.056
105  1  128.108
105  2  113.898
105  3  85.0689
105  4  43.4479
105  5  -4.70974
105  6  -52.6689
105  7  -95.8784
105  8  -132.427
105  9  -162.248
105  10  -186.175
105  11  -205.313
105  12  -220.719
105  13  -233.296
105  14  -243.768
105  15  -252.713
105  16  -260.589
105  17  -267.777
105  18  -274.609
105  19  -281.409
105  20  -288.542
105  21  -296.496
105  22  -306.07
105  23  -318.903
105  24  -339.714
105  25  -406.783
106  1  130.704
106  2  115.925
106  3  86.4914
106  4  44.0601
106  5  -4.98509
106  6  -53.7801
106  7  -97.6965
106  8  -134.799
106  9  -165.03
106  10  -189.246
106  11  -208.575
106  12  -224.097
106  13  -236.731
106  14  -247.214
106  15  -256.131
106  16  -263.948
106  17  -271.046
106  18  -277.76
106  19  -284.409
106  20  -291.353
106  21  -299.067
106  22  -308.319
106  23  -320.679
106  24  -340.623
106  25  -402.685
107  1  133.428
107  2  118.046
107  3  87.9695
107  4  44.6744
107  5  -5.31731
107  6  -55.0042
107  7  -99.6753
107  8  -137.369
107  9  -168.038
107  10  -192.563
107  11  -212.097
107  12  -227.744
107  13  -240.439
107  14  -250.934
107  15  -259.822
107  16  -267.576
107  17  -274.58
107  18  -281.167
107  19  -287.657
107  20  -294.401
107  21  -301.858
107  22  -310.769
107  23  -322.628
107  24  -341.655
107  25  -398.455
108  1  136.145
108  2  120.157
108  3  89.4283
108  4  45.2571
108  5  -5.69537
108  6  -56.2879
108  7  -101.726
108  8  -140.022
108  9  -171.136
108  10  -195.975
108  11  -215.718
108  12  -231.492
108  13  -244.25
108  14  -254.757
108  15  -263.618
108  16  -271.308
108  17  -278.216
108  18  -284.677
108  19  -291.005
108  20  -297.546
108  21  -304.744
108  22  -313.31
108  23  -324.664
108  24  -342.768
108  25  -394.312
109  1  138.897
109  2  122.289
109  3  90.8896
109  4  45.8149
109  5  -6.1286
109  6  -57.6559
109  7  -103.886
109  8  -142.803
109  9  -174.378
109  10  -199.542
109  11  -219.502
109  12  -235.407
109  13  -248.231
109  14  -258.752
109  15  -267.583
109  16  -275.209
109  17  -282.019
109  18  -288.349
109  19  -294.512
109  20  -300.844
109  21  -307.777
109  22  -315.988
109  23  -326.824
109  24  -343.986
109  25  -390.2
110  1  141.501
110  2  124.303
110  3  92.257
110  4  46.3114
110  5  -6.58816
110  6  -59.0176
110  7  -106.012
110  8  -145.529
110  9  -177.55
110  10  -203.028
110  11  -223.198
110  12  -239.231
110  13  -252.119
110  14  -262.653
110  15  -271.458
110  16  -279.021
110  17  -285.737
110  18  -291.942
110  19  -297.946
110  20  -304.078
110  21  -310.755
110  22  -318.627
110  23  -328.966
110  24  -345.227
110  25  -386.39
111  1  144.17
111  2  126.362
111  3  93.6414
111  4  46.7863
111  5  -7.1119
111  6  -60.4841
111  7  -108.278
111  8  -148.423
111  9  -180.91
111  10  -206.717
111  11  -227.106
111  12  -243.274
111  13  -256.229
111  14  -266.779
111  15  -275.555
111  16  -283.054
111  17  -289.673
111  18  -295.748
111  19  -301.586
111  20  -307.51
111  21  -313.922
111  22  -321.44
111  23  -331.264
111  24  -346.593
111  25  -382.575
112  1  146.992
112  2  128.532
112  3  95.0852
112  4  47.249
112  5  -7.72731
112  6  -62.1177
112  7  -110.775
112  8  -151.599
112  9  -184.59
112  10  -210.753
112  11  -231.38
112  12  -247.693
112  13  -260.722
112  14  -271.289
112  15  -280.036
112  16  -287.466
112  17  -293.98
112  18  -299.915
112  19  -305.576
112  20  -311.276
112  21  -317.403
112  22  -324.542
112  23  -333.814
112  24  -348.147
112  25  -378.647
113  1  149.478
113  2  130.439
113  3  96.3393
113  4  47.6208
113  5  -8.32519
113  6  -63.6318
113  7  -113.066
113  8  -154.502
113  9  -187.947
113  10  -214.431
113  11  -235.273
113  12  -251.718
113  13  -264.813
113  14  -275.396
113  15  -284.117
113  16  -291.486
113  17  -297.907
113  18  -303.717
113  19  -309.217
113  20  -314.717
113  21  -320.589
113  22  -327.389
113  23  -336.169
113  24  -349.615
113  25  -375.281
114  1  152.064
114  2  132.418
114  3  97.6254
114  4  47.9701
114  5  -9.00618
114  6  -65.2865
114  7  -115.548
114  8  -157.633
114  9  -191.561
114  10  -218.387
114  11  -239.458
114  12  -256.043
114  13  -269.21
114  14  -279.81
114  15  -288.504
114  16  -295.809
114  17  -302.131
114  18  -307.809
114  19  -313.141
114  20  -318.429
114  21  -324.031
114  22  -330.473
114  23  -338.732
114  24  -351.246
114  25  -371.879
115  1  154.724
115  2  134.447
115  3  98.9269
115  4  48.2866
115  5  -9.77315
115  6  -67.0778
115  7  -118.209
115  8  -160.979
115  9  -195.416
115  10  -222.602
115  11  -243.914
115  12  -260.648
115  13  -273.891
115  14  -284.509
115  15  -293.176
115  16  -300.413
115  17  -306.632
115  18  -312.171
115  19  -317.328
115  20  -322.394
115  21  -327.714
115  22  -333.781
115  23  -341.498
115  24  -353.042
115  25  -368.491
116  1  157.461
116  2  136.527
116  3  100.242
116  4  48.5642
116  5  -10.6374
116  6  -69.022
116  7  -121.07
116  8  -164.562
116  9  -199.536
116  10  -227.103
116  11  -248.67
116  12  -265.561
116  13  -278.885
116  14  -289.524
116  15  -298.162
116  16  -305.328
116  17  -311.44
116  18  -316.834
116  19  -321.806
116  20  -326.64
116  21  -331.664
116  22  -337.339
116  23  -344.488
116  24  -355.02
116  25  -365.131
117  1  159.855
117  2  138.341
117  3  101.371
117  4  48.7642
117  5  -11.4604
117  6  -70.8129
117  7  -123.684
117  8  -167.823
117  9  -203.279
117  10  -231.188
117  11  -252.984
117  12  -270.016
117  13  -283.413
117  14  -294.07
117  15  -302.683
117  16  -309.788
117  17  -315.803
117  18  -321.068
117  19  -325.875
117  20  -330.502
117  21  -335.263
117  22  -340.588
117  23  -347.232
117  24  -356.869
117  25  -362.3
118  1  162.38
118  2  140.247
118  3  102.538
118  4  48.9289
118  5  -12.4001
118  6  -72.7977
118  7  -126.557
118  8  -171.396
118  9  -207.373
118  10  -235.651
118  11  -257.695
118  12  -274.88
118  13  -288.356
118  14  -299.035
118  15  -307.621
118  16  -314.659
118  17  -320.571
118  18  -325.698
118  19  -330.328
118  20  -334.732
118  21  -339.21
118  22  -344.16
118  23  -350.264
118  24  -358.943
118  25  -359.432
119  1  164.921
119  2  142.158
119  3  103.688
119  4  49.0434
119  5  -13.4258
119  6  -74.9029
119  7  -129.579
119  8  -175.142
119  9  -211.657
119  10  -240.317
119  11  -262.618
119  12  -279.962
119  13  -293.52
119  14  -304.221
119  15  -312.781
119  16  -319.751
119  17  -325.558
119  18  -330.542
119  19  -334.99
119  20  -339.166
119  21  -343.353
119  22  -347.919
119  23  -353.468
119  24  -361.169
119  25  -356.672
120  1  167.295
120  2  143.935
120  3  104.736
120  4  49.1006
120  5  -14.4616
120  6  -76.9735
120  7  -132.53
120  8  -178.786
120  9  -215.818
120  10  -244.845
120  11  -267.393
120  12  -284.889
120  13  -298.527
120  14  -309.25
120  15  -317.785
120  16  -324.69
120  17  -330.396
120  18  -335.245
120  19  -339.52
120  20  -343.478
120  21  -347.387
120  22  -351.587
120  23  -356.608
120  24  -363.382
120  25  -354.214
121  1  169.778
121  2  145.786
121  3  105.805
121  4  49.1051
121  5  -15.6305
121  6  -79.2538
121  7  -135.756
121  8  -182.757
121  9  -220.345
121  10  -249.766
121  11  -272.579
121  12  -290.24
121  13  -303.964
121  14  -314.711
121  15  -323.22
121  16  -330.056
121  17  -335.655
121  18  -340.359
121  19  -344.449
121  20  -348.174
121  21  -351.788
121  22  -355.596
121  23  -360.056
121  24  -365.844
121  25  -351.776
122  1  172.253
122  2  147.621
122  3  106.84
122  4  49.0491
122  5  -16.8896
122  6  -81.6527
122  7  -139.124
122  8  -186.89
122  9  -225.048
122  10  -254.875
122  11  -277.961
122  12  -295.791
122  13  -309.604
122  14  -320.377
122  15  -328.859
122  16  -335.626
122  17  -341.115
122  18  -345.671
122  19  -349.572
122  20  -353.06
122  21  -356.372
122  22  -359.783
122  23  -363.67
122  24  -368.459
122  25  -349.485
123  1  174.769
123  2  149.476
123  3  107.858
123  4  48.925
123  5  -18.2737
123  6  -84.2309
123  7  -142.719
123  8  -191.287
123  9  -230.042
123  10  -260.294
123  11  -283.666
123  12  -301.675
123  13  -315.582
123  14  -326.381
123  15  -334.837
123  16  -341.531
123  17  -346.907
123  18  -351.31
123  19  -355.014
123  20  -358.255
123  21  -361.253
123  22  -364.248
123  23  -367.542
123  24  -371.295
123  25  -347.309
124  1  177.279
124  2  151.316
124  3  108.836
124  4  48.7282
124  5  -19.7679
124  6  -86.9548
124  7  -146.49
124  8  -195.883
124  9  -235.255
124  10  -265.945
124  11  -289.613
124  12  -307.806
124  13  -321.81
124  14  -332.638
124  15  -341.067
124  16  -347.688
124  17  -352.948
124  18  -357.193
124  19  -360.696
124  20  -363.684
124  21  -366.36
124  22  -368.931
124  23  -371.618
124  24  -374.317
124  25  -345.298
125  1  179.95
125  2  153.259
125  3  109.833
125  4  48.431
125  5  -21.4932
125  6  -90.0341
125  7  -150.722
125  8  -201.026
125  9  -241.076
125  10  -272.25
125  11  -296.244
125  12  -314.64
125  13  -328.752
125  14  -339.613
125  15  -348.013
125  16  -354.554
125  17  -359.687
125  18  -363.76
125  19  -367.043
125  20  -369.753
125  21  -372.078
125  22  -374.186
125  23  -376.21
125  24  -377.761
125  25  -343.346
126  1  182.745
126  2  155.275
126  3  110.821
126  4  48.0136
126  5  -23.4627
126  6  -93.4756
126  7  -155.417
126  8  -206.711
126  9  -247.501
126  10  -279.2
126  11  -303.549
126  12  -322.168
126  13  -336.398
126  14  -347.295
126  15  -355.665
126  16  -362.119
126  17  -367.116
126  18  -371.003
126  19  -374.049
126  20  -376.46
126  21  -378.405
126  22  -380.013
126  23  -381.322
126  24  -381.642
126  25  -341.525
127  1  185.602
127  2  157.315
127  3  111.767
127  4  47.4615
127  5  -25.6694
127  6  -97.252
127  7  -160.531
127  8  -212.88
127  9  -254.459
127  10  -286.72
127  11  -311.449
127  12  -330.305
127  13  -344.662
127  14  -355.599
127  15  -363.939
127  16  -370.302
127  17  -375.155
127  18  -378.846
127  19  -381.639
127  20  -383.734
127  21  -385.277
127  22  -386.356
127  23  -386.911
127  24  -385.933
127  25  -339.914
128  1  188.974
128  2  159.691
128  3  112.787
128  4  46.6255
128  5  -28.5573
128  6  -102.087
128  7  -167.025
128  8  -220.685
128  9  -263.243
128  10  -296.202
128  11  -321.404
128  12  -340.556
128  13  -355.072
128  14  -366.06
128  15  -374.363
128  16  -380.615
128  17  -385.291
128  18  -388.74
128  19  -391.224
128  20  -392.929
128  21  -393.978
128  22  -394.405
128  23  -394.035
128  24  -391.47
128  25  -338.369
129  1  193.264
129  2  162.654
129  3  113.91
129  4  45.2235
129  5  -32.7511
129  6  -108.931
129  7  -176.127
129  8  -231.573
129  9  -275.466
129  10  -309.377
129  11  -335.225
129  12  -354.782
129  13  -369.517
129  14  -380.576
129  15  -388.831
129  16  -394.936
129  17  -399.374
129  18  -402.499
129  19  -404.566
129  20  -405.746
129  21  -406.128
129  22  -405.68
129  23  -404.064
129  24  -399.377
129  25  -337.025
130  1  330.603
130  2  174.435
130  3  114.502
130  4  30.4101
130  5  -64.6238
130  6  -157.015
130  7  -238.048
130  8  -304.446
130  9  -356.542
130  10  -396.321
130  11  -426.163
130  12  -448.251
130  13  -464.377
130  14  -475.932
130  15  -483.961
130  16  -489.23
130  17  -492.289
130  18  -493.512
130  19  -493.127
130  20  -491.214
130  21  -487.672
130  22  -482.076
130  23  -473.182
130  24  -456.229
130  25  -344.515
