1  1  11.7337
1  2  5.4991
1  3  4.84595
1  4  5.77361
1  5  7.6475
1  6  10.2712
1  7  13.5733
1  8  17.5259
1  9  22.1106
1  10  27.2974
1  11  33.0229
1  12  39.172
1  13  45.5571
1  14  51.9033
1  15  57.8459
1  16  62.9482
1  17  66.7477
1  18  68.8234
1  19  68.8698
1  20  66.7492
1  21  62.4923
1  22  56.2351
1  23  48.0533
1  24  37.5045
1  25  20.8026
2  1  -4.3102
2  2  -12.1313
2  3  -14.5997
2  4  -15.8019
2  5  -16.3586
2  6  -16.4708
2  7  -16.2164
2  8  -15.6206
2  9  -14.6815
2  10  -13.3816
2  11  -11.693
2  12  -9.58494
2  13  -7.03147
2  14  -4.02468
2  15  -0.592413
2  16  3.17727
2  17  7.1065
2  18  10.9061
2  19  14.1725
2  20  16.4252
2  21  17.1815
2  22  16.0366
2  23  12.6584
2  24  6.45752
2  25  -5.28623
3  1  -8.39407
3  2  -16.8658
3  3  -19.921
3  4  -21.8599
3  5  -23.2974
3  6  -24.4415
3  7  -25.3847
3  8  -26.1717
3  9  -26.8227
3  10  -27.3425
3  11  -27.7246
3  12  -27.9522
3  13  -27.9986
3  14  -27.828
3  15  -27.397
3  16  -26.6603
3  17  -25.5806
3  18  -24.1491
3  19  -22.4135
3  20  -20.5104
3  21  -18.6856
3  22  -17.2846
3  23  -16.7266
3  24  -17.5767
3  25  -21.1907
4  1  -8.54675
4  2  -17.3781
4  3  -20.5884
4  4  -22.7303
4  5  -24.4167
4  6  -25.8579
4  7  -27.149
4  8  -28.3395
4  9  -29.4563
4  10  -30.5111
4  11  -31.5038
4  12  -32.4248
4  13  -33.2519
4  14  -33.9501
4  15  -34.4699
4  16  -34.7476
4  17  -34.7108
4  18  -34.2903
4  19  -33.4425
4  20  -32.1797
4  21  -30.5955
4  22  -28.876
4  23  -27.2915
4  24  -26.2312
4  25  -27.4241
5  1  -7.09878
5  2  -16.4081
5  3  -19.6851
5  4  -21.8993
5  5  -23.6729
5  6  -25.2149
5  7  -26.6195
5  8  -27.9341
5  9  -29.1817
5  10  -30.3698
5  11  -31.4919
5  12  -32.5302
5  13  -33.4538
5  14  -34.219
5  15  -34.7716
5  16  -35.0526
5  17  -35.0075
5  18  -34.6021
5  19  -33.8383
5  20  -32.7678
5  21  -31.494
5  22  -30.1668
5  23  -28.9834
5  24  -28.2822
5  25  -31.1412
6  1  -4.12733
6  2  -14.1572
6  3  -17.4729
6  4  -19.6807
6  5  -21.4299
6  6  -22.9332
6  7  -24.2833
6  8  -25.5235
6  9  -26.6719
6  10  -27.7296
6  11  -28.6853
6  12  -29.5179
6  13  -30.1998
6  14  -30.6995
6  15  -30.9889
6  16  -31.0502
6  17  -30.8837
6  18  -30.5136
6  19  -29.9891
6  20  -29.3825
6  21  -28.7854
6  22  -28.311
6  23  -28.1263
6  24  -28.6376
6  25  -34.3836
7  1  -0.0639865
7  2  -11.1116
7  3  -14.5116
7  4  -16.7109
7  5  -18.4099
7  6  -19.8349
7  7  -21.0825
7  8  -22.198
7  9  -23.2001
7  10  -24.0932
7  11  -24.8717
7  12  -25.5261
7  13  -26.0455
7  14  -26.4236
7  15  -26.6619
7  16  -26.7738
7  17  -26.7854
7  18  -26.7352
7  19  -26.6713
7  20  -26.6514
7  21  -26.7444
7  22  -27.0472
7  23  -27.7387
7  24  -29.3419
7  25  -37.6794
8  1  -70.2706
8  2  -7.06371
8  3  -10.6779
8  4  -12.9358
8  5  -14.6278
8  6  -16.0079
8  7  -17.1862
8  8  -18.2172
8  9  -19.1292
8  10  -19.9369
8  11  -20.6484
8  12  -21.2694
8  13  -21.8068
8  14  -22.2717
8  15  -22.6797
8  16  -23.0522
8  17  -23.4159
8  18  -23.8014
8  19  -24.2449
8  20  -24.7904
8  21  -25.499
8  22  -26.4722
8  23  -27.9261
8  24  -30.5275
8  25  -41.4518
9  1  15.7571
9  2  6.48322
9  3  7.35937
9  4  -9.34521
9  5  -11.1071
9  6  -12.5189
9  7  -13.7088
9  8  -14.7445
9  9  -15.665
9  10  -16.496
9  11  -17.2564
9  12  -17.9615
9  13  -18.6267
9  14  -19.2676
9  15  -19.9014
9  16  -20.5468
9  17  -21.225
9  18  -21.9596
9  19  -22.7812
9  20  -23.7301
9  21  -24.8707
9  22  -26.3191
9  23  -28.3324
9  24  -31.7097
9  25  -44.8404
10  1  21.4682
10  2  10.4858
10  3  11.1476
10  4  -6.34743
10  5  -8.22057
10  6  -9.7095
10  7  -10.9593
10  8  -12.0489
10  9  -13.027
10  10  -13.9271
10  11  -14.7743
10  12  -15.5895
10  13  -16.3905
10  14  -17.1941
10  15  -18.0159
10  16  -18.8718
10  17  -19.7792
10  18  -20.7596
10  19  -21.8411
10  20  -23.0664
10  21  -24.5056
10  22  -26.2899
10  23  -28.7113
10  24  -32.6789
10  25  -47.5912
11  1  22.7514
11  2  9.84325
11  3  9.59921
11  4  11.1169
11  5  -6.00918
11  6  -7.58444
11  7  -8.90593
11  8  -10.0615
11  9  -11.1066
11  10  -12.0802
11  11  -13.0115
11  12  -13.9239
11  13  -14.837
11  14  -15.767
11  15  -16.7285
11  16  -17.7358
11  17  -18.8048
11  18  -19.9557
11  19  -21.2176
11  20  -22.6354
11  21  -24.2852
11  22  -26.3102
11  23  -29.0311
11  24  -33.4427
11  25  -49.7394
12  1  23.7365
12  2  8.98933
12  3  7.81835
12  4  8.5378
12  5  -4.05286
12  6  -5.72319
12  7  -7.12494
12  8  -8.35459
12  9  -9.47303
12  10  -10.5237
12  11  -11.5392
12  12  -12.545
12  13  -13.5613
12  14  -14.6042
12  15  -15.6876
12  16  -16.8248
12  17  -18.0308
12  18  -19.3262
12  19  -20.741
12  20  -22.3227
12  21  -24.1536
12  22  -26.3886
12  23  -29.3744
12  24  -34.1849
12  25  -51.7492
13  1  24.7181
13  2  8.44384
13  3  6.50719
13  4  6.55835
13  5  -2.49826
13  6  -4.25788
13  7  -5.73572
13  8  -7.03475
13  9  -8.22113
13  10  -9.34168
13  11  -10.4311
13  12  -11.5166
13  13  -12.6188
13  14  -13.754
13  15  -14.9354
13  16  -16.1761
13  17  -17.4908
13  18  -18.9006
13  19  -20.4363
13  20  -22.1491
13  21  -24.1258
13  22  -26.5313
13  23  -29.7344
13  24  -34.8754
13  25  -53.5028
14  1  25.7878
14  2  8.11357
14  3  5.49036
14  4  4.94454
14  5  5.03725
14  6  -2.99585
14  7  -4.55024
14  8  -5.91947
14  9  -7.1735
14  10  -8.36229
14  11  -9.52277
14  12  -10.6834
14  13  -11.8653
14  14  -13.0848
14  15  -14.3552
14  16  -15.689
14  17  -17.1014
14  18  -18.6137
14  19  -20.2587
14  20  -22.09
14  21  -24.1993
14  22  -26.761
14  23  -30.1645
14  24  -35.6126
14  25  -55.2351
15  1  26.9001
15  2  7.92905
15  3  4.68664
15  4  3.60688
15  5  3.19876
15  6  -1.92612
15  7  -3.55722
15  8  -4.99623
15  9  -6.31726
15  10  -7.57268
15  11  -8.80181
15  12  -10.0337
15  13  -11.2905
15  14  -12.5885
15  15  -13.9409
15  16  -15.3603
15  17  -16.8624
15  18  -18.4689
15  19  -20.2145
15  20  -22.1552
15  21  -24.3875
15  22  -27.0951
15  23  -30.6868
15  24  -36.4245
15  25  -56.9907
16  1  28.0315
16  2  7.81977
16  3  4.00114
16  4  2.42936
16  5  1.56148
16  6  -1.02693
16  7  -2.73607
16  8  -4.24581
16  9  -5.6344
16  10  -6.95654
16  11  -8.25338
16  12  -9.55533
16  13  -10.8846
16  14  -12.2581
16  15  -13.689
16  16  -15.1903
16  17  -16.7777
16  18  -18.4741
16  19  -20.316
16  20  -22.3616
16  21  -24.7127
16  22  -27.5612
16  23  -31.3355
16  24  -37.3555
16  25  -58.8453
17  1  29.0231
17  2  7.73871
17  3  3.43424
17  4  1.45246
17  5  0.202929
17  6  -0.376676
17  7  -2.1567
17  8  -3.7307
17  9  -5.1801
17  10  -6.56224
17  11  -7.91925
17  12  -9.28269
17  13  -10.6756
17  14  -12.1148
17  15  -13.6138
17  16  -15.1858
17  17  -16.8471
17  18  -18.6214
17  19  -20.5464
17  20  -22.6833
17  21  -25.1377
17  22  -28.1095
17  23  -32.0441
17  24  -38.3122
17  25  -60.6164
18  1  30.0103
18  2  7.62795
18  3  2.83768
18  4  0.449911
18  5  -1.1752
18  6  0.137711
18  7  -1.71772
18  8  -3.36013
18  9  -4.87421
18  10  -6.31924
18  11  -7.73944
18  12  -9.16696
18  13  -10.6255
18  14  -12.1324
18  15  -13.7014
18  16  -15.3459
18  17  -17.0828
18  18  -18.937
18  19  -20.9475
18  20  -23.1784
18  21  -25.7396
18  22  -28.8389
18  23  -32.9395
18  24  -39.4656
18  25  -62.6183
19  1  30.8483
19  2  7.46924
19  3  2.24714
19  4  -0.497847
19  5  -2.45167
19  6  0.448467
19  7  -1.47808
19  8  -3.18451
19  9  -4.75882
19  10  -6.26267
19  11  -7.74114
19  12  -9.22763
19  13  -10.7465
19  14  -12.3152
19  15  -13.9479
19  16  -15.6584
19  17  -17.4641
19  18  -19.3911
19  19  -21.4796
19  20  -23.7963
19  21  -26.4551
19  22  -29.6713
19  23  -33.9246
19  24  -40.6882
19  25  -64.623
20  1  31.5062
20  2  7.26283
20  3  1.67262
20  4  -1.37416
20  5  -3.60412
20  6  0.581069
20  7  -1.40848
20  8  -3.17196
20  9  -4.79988
20  10  -6.35548
20  11  -7.88535
20  12  -9.42379
20  13  -10.9952
20  14  -12.6179
20  15  -14.306
20  16  -16.0739
20  17  -17.9395
20  18  -19.9296
20  19  -22.0863
20  20  -24.4777
20  21  -27.2217
20  22  -30.5402
20  23  -34.927
20  24  -41.8989
20  25  -66.5207
21  1  32.0748
21  2  6.97734
21  3  1.02895
21  4  -2.30899
21  5  -4.80456
21  6  0.575129
21  7  -1.47802
21  8  -3.29911
21  9  -4.98082
21  10  -6.58842
21  11  -8.16984
21  12  -9.75971
21  13  -11.3837
21  14  -13.0598
21  15  -14.8028
21  16  -16.6275
21  17  -18.5524
21  18  -20.6052
21  19  -22.8292
21  20  -25.2949
21  21  -28.1234
21  22  -31.5436
21  23  -36.0639
21  24  -43.2434
21  25  -68.5507
22  1  32.5179
22  2  6.62573
22  3  0.348303
22  4  -3.25546
22  5  -5.99221
22  6  0.438909
22  7  -1.6746
22  8  -3.54998
22  9  -5.28262
22  10  -6.93937
22  11  -8.56919
22  12  -10.2075
22  13  -11.8804
22  14  -13.6065
22  15  -15.4009
22  16  -17.2785
22  17  -19.2588
22  18  -21.37
22  19  -23.6568
22  20  -26.1918
22  21  -29.0998
22  22  -32.6153
22  23  -37.26
22  24  -44.6344
22  25  -70.5854
23  1  32.8743
23  2  6.16822
23  3  -0.442026
23  4  -4.31301
23  5  -7.29142
23  6  0.162539
23  7  -2.01357
23  8  -3.94544
23  9  -5.73098
23  10  -7.43851
23  11  -9.11833
23  12  -10.8066
23  13  -12.5299
23  14  -14.3073
23  15  -16.1543
23  16  -18.0863
23  17  -20.1232
23  18  -22.2945
23  19  -24.6459
23  20  -27.2522
23  21  -30.2414
23  22  -33.8551
23  23  -38.6285
23  24  -46.2038
23  25  -72.8187
24  1  33.1207
24  2  5.61523
24  3  -1.31908
24  4  -5.4483
24  5  -8.65947
24  6  -0.247115
24  7  -2.48575
24  8  -4.47388
24  9  -6.31183
24  10  -8.06997
24  11  -9.7991
24  12  -11.5367
24  13  -13.3098
24  14  -15.1378
24  15  -17.0366
24  16  -19.0221
24  17  -21.1149
24  18  -23.3452
24  19  -25.7602
24  20  -28.4368
24  21  -31.5065
24  22  -35.2168
24  23  -40.1175
24  24  -47.8913
24  25  -75.1629
25  1  33.2552
25  2  4.98921
25  3  -2.25023
25  4  -6.62166
25  5  -10.0505
25  6  -0.764332
25  7  -3.0629
25  8  -5.1051
25  9  -6.99352
25  10  -8.79976
25  11  -10.5764
25  12  -12.3612
25  13  -14.1817
25  14  -16.058
25  15  -18.0061
25  16  -20.0425
25  17  -22.1884
25  18  -24.4749
25  19  -26.9505
25  20  -29.694
25  21  -32.8406
25  22  -36.6434
25  23  -41.6652
25  24  -49.6287
25  25  -77.5282
26  1  33.2905
26  2  4.26945
26  3  -3.2711
26  4  -7.88033
26  5  -11.5222
26  6  -14.9231
26  7  -3.75768
26  8  -5.85408
26  9  -7.79294
26  10  -9.64756
26  11  -11.4714
26  12  -13.3032
26  13  -15.1711
26  14  -17.0954
26  15  -19.0925
26  16  -21.1796
26  17  -23.3782
26  18  -25.7207
26  19  -28.2566
26  20  -31.0669
26  21  -34.2897
26  22  -38.1846
26  23  -43.3274
26  24  -51.4802
26  25  -80.0059
27  1  33.2326
27  2  3.47444
27  3  -4.35798
27  4  -9.19705
27  5  -13.0444
27  6  -16.6357
27  7  -4.54755
27  8  -6.6972
27  9  -8.68565
27  10  -10.5877
27  11  -12.4578
27  12  -14.3357
27  13  -16.2498
27  14  -18.2209
27  15  -20.266
27  16  -22.4024
27  17  -24.6527
27  18  -27.0496
27  19  -29.6445
27  20  -32.5199
27  21  -35.8174
27  22  -39.8024
27  23  -45.0635
27  24  -53.4014
27  25  -82.5399
28  1  33.081
28  2  2.56202
28  3  -5.57043
28  4  -10.6449
28  5  -14.702
28  6  -18.4881
28  7  -5.47115
28  8  -7.67586
28  9  -9.71577
28  10  -11.667
28  11  -13.5853
28  12  -15.5107
28  13  -17.4725
28  14  -19.492
28  15  -21.5865
28  16  -23.7741
28  17  -26.0775
28  18  -28.5309
28  19  -31.1864
28  20  -34.1293
28  21  -37.5039
28  22  -41.5819
28  23  -46.9654
28  24  -55.495
28  25  -85.268
29  1  32.8556
29  2  1.60716
29  3  -6.81176
29  4  -12.1104
29  5  -16.3674
29  6  -20.3385
29  7  -6.44881
29  8  -8.70698
29  9  -10.7963
29  10  -12.7947
29  11  -14.7592
29  12  -16.7303
29  13  -18.738
29  14  -20.8039
29  15  -22.9458
29  16  -25.1822
29  17  -27.5368
29  18  -30.044
29  19  -32.7579
29  20  -35.7653
29  21  -39.2139
29  22  -43.3813
29  23  -48.8824
29  24  -57.5958
29  25  -87.9778
30  1  32.5907
30  2  0.67806
30  3  -8.00088
30  4  -13.5031
30  5  -17.9412
30  6  -22.0797
30  7  -7.40663
30  8  -9.71325
30  9  -11.8478
30  10  -13.8893
30  11  -15.8958
30  12  -17.9086
30  13  -19.958
30  14  -22.0661
30  15  -24.2512
30  16  -26.5321
30  17  -28.9329
30  18  -31.4895
30  19  -34.2563
30  20  -37.3224
30  21  -40.8384
30  22  -45.0871
30  23  -50.6951
30  24  -59.5759
30  25  -90.5125
31  1  32.2788
31  2  -0.296689
31  3  -9.23515
31  4  -14.94
31  5  -19.5582
31  6  -23.8636
31  7  -8.41516
31  8  -10.7704
31  9  -12.9498
31  10  -15.0345
31  11  -17.0829
31  12  -19.1373
31  13  -21.2283
31  14  -23.3786
31  15  -25.6066
31  16  -27.9319
31  17  -30.3789
31  18  -32.9843
31  19  -35.8042
31  20  -38.9288
31  21  -42.5119
31  22  -46.8418
31  23  -52.5564
31  24  -61.6046
31  25  -93.0944
32  1  31.9361
32  2  -1.29265
32  3  -10.4865
32  4  -16.3909
32  5  -21.1869
32  6  -25.6564
32  7  -9.44659
32  8  -11.8495
32  9  -14.0737
32  10  -16.2008
32  11  -18.2904
32  12  -20.3857
32  13  -22.5177
32  14  -24.7093
32  15  -26.9796
32  16  -29.3483
32  17  -31.8411
32  18  -34.4945
32  19  -37.3664
32  20  -40.5488
32  21  -44.198
32  22  -48.6077
32  23  -54.4273
32  24  -63.6397
32  25  -95.674
33  1  31.59
33  2  -2.25857
33  3  -11.6951
33  4  -17.7893
33  5  -22.754
33  6  -27.3797
33  7  -10.4464
33  8  -12.8948
33  9  -15.1609
33  10  -17.3283
33  11  -19.457
33  12  -21.5911
33  13  -23.7618
33  14  -25.9927
33  15  -28.303
33  16  -30.7129
33  17  -33.2486
33  18  -35.9478
33  19  -38.8689
33  20  -42.1057
33  21  -45.8175
33  22  -50.3028
33  23  -56.2218
33  24  -65.5901
33  25  -98.14
34  1  31.2305
34  2  -3.24642
34  3  -12.9294
34  4  -19.2167
34  5  -24.3532
34  6  -29.1378
34  7  -11.4661
34  8  -13.9605
34  9  -16.2692
34  10  -18.4772
34  11  -20.6457
34  12  -22.8189
34  13  -25.0288
34  14  -27.2993
34  15  -29.65
34  16  -32.1018
34  17  -34.6809
34  18  -37.4261
34  19  -40.3969
34  20  -43.689
34  21  -47.4639
34  22  -52.0256
34  23  -58.0452
34  24  -67.5707
34  25  -100.641
35  1  20.6824
35  2  -5.57071
35  3  -14.5505
35  4  -20.691
35  5  -25.8529
35  6  -30.7366
35  7  -12.2915
35  8  -14.8431
35  9  -17.2232
35  10  -19.5104
35  11  -21.7618
35  12  -23.9898
35  13  -26.2527
35  14  -28.5742
35  15  -30.9742
35  16  -33.4368
35  17  -36.0331
35  18  -38.803
35  19  -41.8074
35  20  -45.1355
35  21  -48.9717
35  22  -53.6181
35  23  -59.767
35  24  -69.539
35  25  -103.944
36  1  30.5716
36  2  -5.10004
36  3  -15.2541
36  4  -21.9113
36  5  -27.3779
36  6  -32.4683
36  7  -13.3651
36  8  -15.9462
36  9  -18.3357
36  10  -20.6207
36  11  -22.8641
36  12  -25.1112
36  13  -27.3953
36  14  -29.7407
36  15  -32.168
36  16  -34.6983
36  17  -37.3597
36  18  -40.192
36  19  -43.2569
36  20  -46.6529
36  21  -50.5476
36  22  -55.2536
36  23  -61.4631
36  24  -71.2859
36  25  -105.341
37  1  30.2713
37  2  -6.01578
37  3  -16.4145
37  4  -23.2646
37  5  -28.9039
37  6  -34.1544
37  7  -14.2913
37  8  -16.9168
37  9  -19.3476
37  10  -21.6719
37  11  -23.9535
37  12  -26.2386
37  13  -28.5606
37  14  -30.9443
37  15  -33.4106
37  16  -35.9813
37  17  -38.6848
37  18  -41.5615
37  19  -44.6745
37  20  -48.1239
37  21  -52.0796
37  22  -56.8595
37  23  -63.1659
37  24  -73.1405
37  25  -107.698
38  1  30.0242
38  2  -6.85681
38  3  -17.4933
38  4  -24.5317
38  5  -30.3398
38  6  -35.7474
38  7  -15.1305
38  8  -17.7985
38  9  -20.2689
38  10  -22.6308
38  11  -24.9491
38  12  -27.2705
38  13  -29.6289
38  14  -32.0493
38  15  -34.5531
38  16  -37.1626
38  17  -39.9062
38  18  -42.8258
38  19  -45.985
38  20  -49.4854
38  21  -53.4996
38  22  -58.3501
38  23  -64.7495
38  24  -74.8698
38  25  -109.908
39  1  7.12435
39  2  -7.59428
39  3  -18.455
39  4  -25.6718
39  5  -31.6404
39  6  -37.1976
39  7  -15.8528
39  8  -18.5603
39  9  -21.0673
39  10  -23.4642
39  11  -25.8166
39  12  -28.1717
39  13  -30.5638
39  14  -33.0185
39  15  -35.557
39  16  -38.2024
39  17  -40.9836
39  18  -43.9428
39  19  -47.1448
39  20  -50.6925
39  21  -54.7612
39  22  -59.6773
39  23  -66.1631
39  24  -76.4182
39  25  -140.402
40  1  12.2106
40  2  -8.31127
40  3  -19.4116
40  4  -26.8204
40  5  -32.9624
40  6  -38.681
40  7  -16.5362
40  8  -19.2852
40  9  -21.8305
40  10  -24.2642
40  11  -26.6524
40  12  -29.0429
40  13  -31.4705
40  14  -33.961
40  15  -36.5363
40  16  -39.2194
40  17  -42.0398
40  18  -45.0407
40  19  -48.2875
40  20  -51.8851
40  21  -56.0109
40  22  -60.9959
40  23  -67.5722
40  24  -77.9689
40  25  -135.63
41  1  15.5201
41  2  -8.93891
41  3  -20.2767
41  4  -27.8768
41  5  -34.1924
41  6  -40.0733
41  7  -17.1101
41  8  -19.8991
41  9  -22.4817
41  10  -24.9508
41  11  -27.3736
41  12  -29.7984
41  13  -32.2603
41  14  -34.7856
41  15  -37.3964
41  16  -40.116
41  17  -42.9746
41  18  -46.0158
41  19  -49.3062
41  20  -52.9521
41  21  -57.1331
41  22  -62.1848
41  23  -68.8485
41  24  -79.3822
41  25  -133.095
42  1  17.8643
42  2  -9.46494
42  3  -21.035
42  4  -28.8236
42  5  -35.3107
42  6  -41.3523
42  7  -17.5609
42  8  -20.3878
42  9  -23.0057
42  10  -25.5088
42  11  -27.9644
42  12  -30.4219
42  13  -32.9166
42  14  -35.475
42  15  -38.1195
42  16  -40.874
42  17  -43.7691
42  18  -46.8488
42  19  -50.1809
42  20  -53.8726
42  21  -58.106
42  22  -63.2214
42  23  -69.9684
42  24  -80.6322
42  25  -131.724
43  1  19.7819
43  2  -9.91984
43  3  -21.734
43  4  -29.7222
43  5  -36.3923
43  6  -42.6059
43  7  -17.9087
43  8  -20.7743
43  9  -23.4282
43  10  -25.9653
43  11  -28.4547
43  12  -30.9455
43  13  -33.4736
43  14  -36.0659
43  15  -38.745
43  16  -41.5353
43  17  -44.4673
43  18  -47.5864
43  19  -50.9608
43  20  -54.6994
43  21  -58.9865
43  22  -64.1664
43  23  -70.9983
43  24  -81.7945
43  25  -130.934
44  1  21.3141
44  2  -10.2614
44  3  -22.3115
44  4  -30.495
44  5  -37.3446
44  6  -43.7277
44  7  -18.1164
44  8  -21.0179
44  9  -23.7051
44  10  -26.2744
44  11  -28.7949
44  12  -31.3168
44  13  -33.8762
44  14  -36.5
44  15  -39.2115
44  16  -42.0351
44  17  -45.0018
44  18  -48.1576
44  19  -51.5716
44  20  -55.354
44  21  -59.6913
44  22  -64.9314
44  23  -71.8423
44  24  -82.7616
44  25  -130.523
45  1  22.6422
45  2  -10.5064
45  3  -22.791
45  4  -31.1704
45  5  -38.2014
45  6  -44.7561
45  7  -18.1949
45  8  -21.1306
45  9  -23.8495
45  10  -26.4491
45  11  -28.9995
45  12  -31.5511
45  13  -34.1404
45  14  -36.7946
45  15  -39.537
45  16  -42.3923
45  17  -45.3924
45  18  -48.5834
45  19  -52.035
45  20  -55.8591
45  21  -60.2442
45  22  -65.542
45  23  -72.528
45  24  -83.5646
45  25  -130.295
46  1  23.9013
46  2  -10.6664
46  3  -23.1968
46  4  -31.784
46  5  -39.0089
46  6  -45.7475
46  7  -18.1418
46  8  -21.1111
46  9  -23.8617
46  10  -26.4917
46  11  -29.0718
46  12  -31.6531
46  13  -34.2722
46  14  -36.9568
46  15  -39.7302
46  16  -42.6174
46  17  -45.6509
46  18  -48.8769
46  19  -52.3666
46  20  -56.2325
46  21  -60.6654
46  22  -66.0204
46  23  -73.0816
46  24  -84.2349
46  25  -130.14
47  1  25.0903
47  2  -10.7369
47  3  -23.5178
47  4  -32.3193
47  5  -39.7454
47  6  -46.6762
47  7  -17.9501
47  8  -20.9519
47  9  -23.7324
47  10  -26.3915
47  11  -29.0003
47  12  -31.6102
47  13  -34.2582
47  14  -36.9721
47  15  -39.7755
47  16  -42.6936
47  17  -45.7592
47  18  -49.0193
47  19  -52.5456
47  20  -56.4518
47  21  -60.9306
47  22  -66.3406
47  23  -73.4738
47  24  -84.739
47  25  -129.996
48  1  26.2138
48  2  -10.7266
48  3  -23.7587
48  4  -32.7783
48  5  -40.4109
48  6  -47.5392
48  7  -17.6279
48  8  -20.6597
48  9  -23.4685
48  10  -26.1547
48  11  -28.7903
48  12  -31.4271
48  13  -34.1022
48  14  -36.8437
48  15  -39.6755
48  16  -42.623
48  17  -45.7188
48  18  -49.011
48  19  -52.5717
48  20  -56.5158
48  21  -61.0378
48  22  -66.4996
48  23  -73.7002
48  24  -85.07
48  25  -129.819
49  1  27.3806
49  2  -10.6416
49  3  -23.9496
49  4  -33.2127
49  5  -41.0775
49  6  -48.4292
49  7  -17.1397
49  8  -20.2018
49  9  -23.0387
49  10  -25.7523
49  11  -28.4151
49  12  -31.0792
49  13  -33.7821
49  14  -36.5519
49  15  -39.4125
49  16  -42.3898
49  17  -45.5169
49  18  -48.8418
49  19  -52.4375
49  20  -56.4201
49  21  -60.986
49  22  -66.5001
49  23  -73.769
49  24  -85.2438
49  25  -129.553
50  1  28.4144
50  2  -10.5127
50  3  -24.0805
50  4  -33.5768
50  5  -41.6657
50  6  -49.234
50  7  -16.5705
50  8  -19.658
50  9  -22.519
50  10  -25.2558
50  11  -27.9419
50  12  -30.6295
50  13  -33.3563
50  14  -36.1507
50  15  -39.0364
50  16  -42.0396
50  17  -45.1936
50  18  -48.5466
50  19  -52.1727
50  20  -56.1886
50  21  -60.7919
50  22  -66.3511
50  23  -73.6778
50  24  -85.2423
50  25  -129.219
51  1  29.4713
51  2  -10.3423
51  3  -24.1967
51  4  -33.9539
51  5  -42.2965
51  6  -50.1108
51  7  -15.8459
51  8  -18.958
51  9  -21.8422
51  10  -24.6019
51  11  -27.3109
51  12  -30.0218
51  13  -32.7726
51  14  -35.5913
51  15  -38.5022
51  16  -41.5313
51  17  -44.7122
51  18  -48.0936
51  19  -51.7496
51  20  -55.7985
51  21  -60.4391
51  22  -66.0424
51  23  -73.4262
51  24  -85.0779
51  25  -128.755
52  1  30.4043
52  2  -10.1755
52  3  -24.3081
52  4  -34.3241
52  5  -42.9198
52  6  -50.9806
52  7  -15.0695
52  8  -18.2019
52  9  -21.1057
52  10  -23.8846
52  11  -26.6131
52  12  -29.3442
52  13  -32.1156
52  14  -34.9556
52  15  -37.8883
52  16  -40.94
52  17  -44.144
52  18  -47.55
52  19  -51.2321
52  20  -55.3092
52  21  -59.9817
52  22  -65.6226
52  23  -73.0547
52  24  -84.7799
52  25  -128.212
53  1  31.3177
53  2  -10.0181
53  3  -24.4612
53  4  -34.7709
53  5  -43.6565
53  6  -52.0009
53  7  -14.1518
53  8  -17.3031
53  9  -20.225
53  10  -23.0222
53  11  -25.7692
53  12  -28.5196
53  13  -31.3111
53  14  -34.1719
53  15  -37.1262
53  16  -40.1999
53  17  -43.4268
53  18  -46.8564
53  19  -50.5639
53  20  -54.6683
53  21  -59.3713
53  22  -65.048
53  23  -72.5256
53  24  -84.3198
53  25  -127.516
54  1  32.2135
54  2  -9.90681
54  3  -24.7211
54  4  -35.3889
54  5  -44.6316
54  6  -53.3262
54  7  -61.8307
54  8  -16.1956
54  9  -19.1341
54  10  -21.9483
54  11  -24.7135
54  12  -27.4831
54  13  -30.2947
54  14  -33.1766
54  15  -36.1526
54  16  -39.2485
54  17  -42.4984
54  18  -45.9519
54  19  -49.6844
54  20  -53.816
54  21  -58.5487
54  22  -64.2601
54  23  -71.7812
54  24  -83.6398
54  25  -126.588
55  1  32.9108
55  2  -9.91432
55  3  -25.1191
55  4  -36.1714
55  5  -45.8006
55  6  -54.8763
55  7  -63.7413
55  8  -15.038
55  9  -17.989
55  10  -20.8164
55  11  -23.5961
55  12  -26.3815
55  13  -29.2101
55  14  -32.1098
55  15  -35.1044
55  16  -38.2193
55  17  -41.4889
55  18  -44.9624
55  19  -48.7159
55  20  -52.8694
55  21  -57.6264
55  22  -63.3653
55  23  -70.92
55  24  -82.8272
55  25  -125.537
56  1  33.3898
56  2  -14.8029
56  3  -25.7329
56  4  -37.22
56  5  -47.2899
56  6  -56.8008
56  7  -66.0779
56  8  -13.8086
56  9  -16.7675
56  10  -19.6045
56  11  -22.3955
56  12  -25.1938
56  13  -28.0369
56  14  -30.952
56  15  -33.9626
56  16  -37.094
56  17  -40.3803
56  18  -43.8709
56  19  -47.6415
56  20  -51.8132
56  21  -56.5891
56  22  -62.3488
56  23  -69.9281
56  24  -83.5927
56  25  -124.328
57  1  33.5845
57  2  -15.1885
57  3  -26.7703
57  4  -38.8166
57  5  -49.4571
57  6  -59.5334
57  7  -69.3449
57  8  -12.3814
57  9  -15.3433
57  10  -18.1862
57  11  -20.9855
57  12  -23.7946
57  13  -26.6504
57  14  -29.5794
57  15  -32.6048
57  16  -35.751
57  17  -39.0523
57  18  -42.5576
57  19  -46.343
57  20  -50.5289
57  21  -55.3191
57  22  -61.0933
57  23  -68.6877
57  24  -82.0348
57  25  -122.8
58  1  33.3171
58  2  -16.1161
58  3  -28.3284
58  4  -41.0445
58  5  -52.3734
58  6  -63.1322
58  7  -73.5878
58  8  -10.9035
58  9  -13.8617
58  10  -16.7043
58  11  -19.5072
58  12  -22.323
58  13  -25.1878
58  14  -28.1274
58  15  -31.164
58  16  -34.3217
58  17  -37.6336
58  18  -41.1492
58  19  -44.9436
58  20  -49.1374
58  21  -53.9339
58  22  -59.712
58  23  -67.3063
58  24  -80.3629
58  25  -121.058
59  1  32.465
59  2  -17.7321
59  3  -30.5634
59  4  -44.0924
59  5  -56.2601
59  6  -67.8506
59  7  -79.0882
59  8  -9.41089
59  9  -12.3572
59  10  -15.1929
59  11  -17.9941
59  12  -20.8121
59  13  -23.6822
59  14  -26.6287
59  15  -29.6728
59  16  -32.8379
59  17  -36.1565
59  18  -39.6769
59  19  -43.4744
59  20  -47.6687
59  21  -52.4621
59  22  -58.2319
59  23  -65.8086
59  24  -78.5996
59  25  -119.106
60  1  30.7072
60  2  -20.5002
60  3  -40.5493
60  4  -48.6735
60  5  -61.9988
60  6  -74.7347
60  7  -87.0433
60  8  -7.77385
60  9  -10.6965
60  10  -13.5167
60  11  -16.3095
60  12  -19.1251
60  13  -21.9968
60  14  -24.9473
60  15  -27.9958
60  16  -31.1647
60  17  -34.4851
60  18  -38.0049
60  19  -41.7984
60  20  -45.9839
60  21  -50.7622
60  22  -56.5073
60  23  -64.9265
60  24  -76.5633
60  25  -116.703
61  1  27.6382
61  2  -24.9774
61  3  -46.5477
61  4  -55.5893
61  5  -70.5773
61  6  -84.9502
61  7  -98.7752
61  8  -111.866
61  9  -8.87944
61  10  -11.6722
61  11  -14.4488
61  12  -17.257
61  13  -20.127
61  14  -23.0785
61  15  -26.1285
61  16  -29.2972
61  17  -32.6144
61  18  -36.1265
61  19  -39.9063
61  20  -44.0708
61  21  -48.8173
61  22  -54.5142
61  23  -62.7478
61  24  -74.2153
61  25  -113.725
62  1  22.472
62  2  -32.4274
62  3  -56.6015
62  4  -77.2921
62  5  -84.6372
62  6  -101.675
62  7  -117.928
62  8  -133.049
62  9  -6.72293
62  10  -9.47057
62  11  -12.2216
62  12  -15.0185
62  13  -17.886
62  14  -20.8388
62  15  -23.8898
62  16  -27.0558
62  17  -30.3645
62  18  -33.8604
62  19  -37.6137
62  20  -41.7383
62  21  -46.4266
62  22  -53.0452
62  23  -60.0996
62  24  -71.2761
62  25  -109.685
63  1  15.8909
63  2  -42.8358
63  3  -71.5161
63  4  -97.0412
63  5  -121.578
63  6  -127.578
63  7  -147.701
63  8  -165.927
63  9  -181.654
63  10  -6.89655
63  11  -9.62116
63  12  -12.4146
63  13  -15.2914
63  14  -18.2577
63  15  -21.3196
63  16  -24.4896
63  17  -27.7918
63  18  -31.2677
63  19  -34.9846
63  20  -39.0522
63  21  -45.1192
63  22  -50.2312
63  23  -57.0145
63  24  -67.7508
63  25  -104.412
64  1  15.1251
64  2  -50.3758
64  3  -87.1906
64  4  -121.43
64  5  -154.649
64  6  -186.313
64  7  -215.293
64  8  -212.441
64  9  -231.161
64  10  -245.251
64  11  -254.793
64  12  -9.27728
64  13  -12.2069
64  14  -15.2293
64  15  -18.3408
64  16  -21.5476
64  17  -24.8699
64  18  -28.346
64  19  -34.6867
64  20  -38.1123
64  21  -42.1075
64  22  -46.9877
64  23  -53.4504
64  24  -63.6158
64  25  -97.7406
65  1  44.4816
65  2  -30.3668
65  3  -78.8148
65  4  -125.639
65  5  -171.288
65  6  -214.105
65  7  -252.041
65  8  -283.417
65  9  -307.338
65  10  -287.518
65  11  -297.091
65  12  -301.542
65  13  -302.005
65  14  -12.223
65  15  -15.4444
65  16  -18.7517
65  17  -26.2303
65  18  -28.8966
65  19  -31.8879
65  20  -35.2868
65  21  -39.2437
65  22  -44.0494
65  23  -50.3518
65  24  -60.114
65  25  -91.7696
66  1  128.53
66  2  44.0531
66  3  -17.6189
66  4  -79.4565
66  5  -140.298
66  6  -196.918
66  7  -246.146
66  8  -285.876
66  9  -315.421
66  10  -335.352
66  11  -347.036
66  12  -352.169
66  13  -315.638
66  14  -320.75
66  15  -315.28
66  16  -20.3239
66  17  -22.8918
66  18  -25.7702
66  19  -28.9924
66  20  -32.6328
66  21  -36.834
66  22  -41.8759
66  23  -48.3816
66  24  -58.2205
66  25  -88.4591
67  1  268.155
67  2  175.865
67  3  100.991
67  4  22.7079
67  5  -55.7192
67  6  -129.015
67  7  -192.609
67  8  -243.89
67  9  -282.379
67  10  -309.19
67  11  -326.269
67  12  -345.176
67  13  -347.114
67  14  -345.447
67  15  -307.853
67  16  -303.697
67  17  -17.9334
67  18  -21.3463
67  19  -25.146
67  20  -29.4039
67  21  -34.2639
67  22  -40.0112
67  23  -47.2768
67  24  -57.9233
67  25  -88.2956
68  1  405.474
68  2  308.035
68  3  222.141
68  4  129.297
68  5  35.0786
68  6  -53.1031
68  7  -129.39
68  8  -190.855
68  9  -237.342
68  10  -283.085
68  11  -302.712
68  12  -314.426
68  13  -320.413
68  14  -322.423
68  15  -321.795
68  16  -319.524
68  17  -286.499
68  18  -283.973
68  19  -16.9203
68  20  -22.5534
68  21  -28.9025
68  22  -36.2736
68  23  -45.3405
68  24  -58.0534
68  25  -90.6925
69  1  494.187
69  2  383.11
69  3  281.338
69  4  173.594
69  5  67.6195
69  6  -28.1801
69  7  -108.34
69  8  -171.195
69  9  -229.99
69  10  -260.606
69  11  -281.505
69  12  -295.459
69  13  -304.697
69  14  -310.908
69  15  -315.332
69  16  -318.86
69  17  -322.138
69  18  -298.225
69  19  -303.125
69  20  -23.4241
69  21  -39.459
69  22  -57.0431
69  23  -76.9555
69  24  -101.384
69  25  -147.291
70  1  742.007
70  2  626.803
70  3  509.749
70  4  378.499
70  5  244.595
70  6  120.348
70  7  14.0026
70  8  61.8378
70  9  -18.1345
70  10  -80.3553
70  11  -128.101
70  12  -164.675
70  13  -192.955
70  14  -215.273
70  15  -233.453
70  16  -248.894
70  17  -262.68
70  18  -275.665
70  19  -234.15
70  20  -251.166
70  21  -30.3851
70  22  -54.8423
70  23  -82.4717
70  24  -116.039
70  25  -174.118
71  1  1144.83
71  2  1039.14
71  3  912.906
71  4  755.856
71  5  584.391
71  6  417.141
71  7  248.253
71  8  127.239
71  9  30.4992
71  10  -44.8122
71  11  -102.693
71  12  -147.112
71  13  -181.498
71  14  -208.621
71  15  -230.644
71  16  -249.244
71  17  -265.733
71  18  -281.168
71  19  -296.451
71  20  -287.597
71  21  -305.749
71  22  -100.518
71  23  -130.109
71  24  -168.386
71  25  -237.022
72  1  1373.41
72  2  1267.03
72  3  1126.16
72  4  944.123
72  5  742.366
72  6  521.168
72  7  349.043
72  8  205.332
72  9  90.4804
72  10  1.09192
72  11  -67.5623
72  12  -120.143
72  13  -160.661
72  14  -192.349
72  15  -217.732
72  16  -238.774
72  17  -257.015
72  18  -273.708
72  19  -289.941
72  20  -306.757
72  21  -302.564
72  22  -104.629
72  23  -135.9
72  24  -178.724
72  25  -260.086
73  1  1565.52
73  2  1459.46
73  3  1305.94
73  4  1101.97
73  5  846.976
73  6  627.6
73  7  432.066
73  8  269.001
73  9  138.822
73  10  37.5874
73  11  -40.0975
73  12  -99.5013
73  13  -145.131
73  14  -180.607
73  15  -208.751
73  16  -231.75
73  17  -251.321
73  18  -268.86
73  19  -285.58
73  20  -302.658
73  21  -321.427
73  22  -322.176
73  23  -138.845
73  24  -184.865
73  25  -279.668
74  1  1743.29
74  2  1638.42
74  3  1473.13
74  4  1248.53
74  5  970.115
74  6  726.184
74  7  508.954
74  8  328.041
74  9  183.768
74  10  71.6465
74  11  -14.3515
74  12  -80.0603
74  13  -130.442
74  14  -169.467
74  15  -200.221
74  16  -225.089
74  17  -245.935
74  18  -264.268
74  19  -281.396
74  20  -298.583
74  21  -317.275
74  22  -318.636
74  23  -139.755
74  24  -187.842
74  25  -297.468
75  1  1882.78
75  2  1779.51
75  3  1604.87
75  4  1334.98
75  5  1066.85
75  6  803.508
75  7  569.2
75  8  374.279
75  9  218.957
75  10  98.2967
75  11  5.76296
75  12  -64.9232
75  13  -119.079
75  14  -160.947
75  15  -193.815
75  16  -220.217
75  17  -242.128
75  18  -261.139
75  19  -278.617
75  20  -295.876
75  21  -314.414
75  22  -336.358
75  23  -345.499
75  24  -189.12
75  25  -312.076
76  1  2002.71
76  2  1901.3
76  3  1718.51
76  4  1435.27
76  5  1150.09
76  6  869.943
76  7  620.9
76  8  413.91
76  9  249.072
76  10  121.051
76  11  22.8723
76  12  -52.1261
76  13  -109.568
76  14  -153.925
76  15  -188.66
76  16  -216.433
76  17  -239.312
76  18  -258.954
76  19  -276.771
76  20  -294.108
76  21  -312.489
76  22  -334.08
76  23  -343.219
76  24  -189.707
76  25  -325.102
77  1  2104.14
77  2  2004.65
77  3  1784.07
77  4  1520.21
77  5  1220.48
77  6  926.039
77  7  664.472
77  8  447.232
77  9  274.313
77  10  140.036
77  11  37.0529
77  12  -41.6245
77  13  -101.877
77  14  -148.374
77  15  -184.724
77  16  -213.693
77  17  -237.427
77  18  -257.636
77  19  -275.769
77  20  -293.192
77  21  -311.437
77  22  -332.672
77  23  -361.014
77  24  -190.024
77  25  -336.251
78  1  2192.9
78  2  2094.73
78  3  1867.78
78  4  1592.01
78  5  1278.16
78  6  969.807
78  7  696.022
78  8  468.75
78  9  287.902
78  10  147.477
78  11  39.7698
78  12  -42.5254
78  13  -105.543
78  14  -154.147
78  15  -192.091
78  16  -222.25
78  17  -246.845
78  18  -267.644
78  19  -286.131
78  20  -303.694
78  21  -321.866
78  22  -342.807
78  23  -370.626
78  24  -201.121
78  25  -355.978
79  1  2265.42
79  2  2168.88
79  3  1937.23
79  4  1652.37
79  5  1327.72
79  6  1008.77
79  7  725.726
79  8  490.88
79  9  304.059
79  10  159.007
79  11  47.7427
79  12  -37.2817
79  13  -102.391
79  14  -152.593
79  15  -191.748
79  16  -222.811
79  17  -248.061
79  18  -269.303
79  19  -288.047
79  20  -305.69
79  21  -323.762
79  22  -344.399
79  23  -371.663
79  24  -203.182
79  25  -364.97
80  1  2316.48
80  2  2222.19
80  3  1988.37
80  4  1698.41
80  5  1367.63
80  6  1042.74
80  7  754.561
80  8  515.572
80  9  325.508
80  10  177.95
80  11  64.751
80  12  -21.7671
80  13  -88.0307
80  14  -139.121
80  15  -178.954
80  16  -210.521
80  17  -236.127
80  18  -257.594
80  19  -276.441
80  20  -294.062
80  21  -311.973
80  22  -332.273
80  23  -358.95
80  24  -385.096
80  25  -358.056
81  1  2370.54
81  2  2277.48
81  3  2040.25
81  4  1743.7
81  5  1405.09
81  6  1072.52
81  7  777.628
81  8  533.15
81  9  338.757
81  10  187.845
81  11  72.0651
81  12  -16.4335
81  13  -84.2151
81  14  -136.466
81  15  -177.178
81  16  -209.401
81  17  -235.48
81  18  -257.265
81  19  -276.291
81  20  -293.96
81  21  -311.777
81  22  -331.812
81  23  -357.976
81  24  -383.347
81  25  -360.535
82  1  2421.89
82  2  2329.9
82  3  2089.43
82  4  1786.59
82  5  1440.51
82  6  1100.63
82  7  799.352
82  8  549.649
82  9  351.137
82  10  197.033
82  11  78.7989
82  12  -11.5821
82  13  -80.805
82  14  -134.156
82  15  -175.7
82  16  -208.541
82  17  -235.064
82  18  -257.144
82  19  -276.332
82  20  -294.033
82  21  -311.745
82  22  -331.504
82  23  -357.129
82  24  -381.607
82  25  -361.395
83  1  2463.96
83  2  2342.55
83  3  2129.57
83  4  1821.56
83  5  1469.35
83  6  1123.45
83  7  816.913
83  8  562.913
83  9  361.014
83  10  204.288
83  11  84.0386
83  12  -7.88622
83  13  -78.2892
83  14  -132.538
83  15  -174.76
83  16  -208.102
83  17  -234.981
83  18  -257.294
83  19  -276.604
83  20  -294.32
83  21  -311.929
83  22  -331.435
83  23  -356.575
83  24  -398.315
83  25  -360.761
84  1  2500.84
84  2  2380.26
84  3  2164.6
84  4  1852.03
84  5  1494.41
84  6  1143.22
84  7  832.054
84  8  574.272
84  9  369.393
84  10  210.36
84  11  88.3411
84  12  -4.93776
84  13  -76.3737
84  14  -131.407
84  15  -174.218
84  16  -207.993
84  17  -235.176
84  18  -257.684
84  19  -277.09
84  20  -294.804
84  21  -312.305
84  22  -331.565
84  23  -356.239
84  24  -397.021
84  25  -359.01
85  1  2535.81
85  2  2415.85
85  3  2197.62
85  4  1880.71
85  5  1517.94
85  6  1161.7
85  7  846.121
85  8  584.736
85  9  377.019
85  10  215.792
85  11  92.0913
85  12  -2.47141
85  13  -74.8845
85  14  -130.657
85  15  -174.02
85  16  -208.197
85  17  -235.66
85  18  -258.341
85  19  -277.824
85  20  -295.52
85  21  -312.898
85  22  -331.898
85  23  -356.086
85  24  -395.858
85  25  -356.15
86  1  2566.56
86  2  2447.
86  3  2226.49
86  4  1905.72
86  5  1538.39
86  6  1177.68
86  7  858.2
86  8  593.627
86  9  383.402
86  10  220.238
86  11  95.0544
86  12  -0.638042
86  13  -73.9082
86  14  -130.326
86  15  -174.167
86  16  -208.69
86  17  -236.388
86  18  -259.21
86  19  -278.747
86  20  -296.411
86  21  -313.659
86  22  -332.4
86  23  -356.117
86  24  -394.906
86  25  -352.541
87  1  2593.33
87  2  2474.54
87  3  2252.06
87  4  1927.85
87  5  1556.42
87  6  1191.68
87  7  868.683
87  8  601.236
87  9  388.751
87  10  223.883
87  11  97.3702
87  12  0.668185
87  13  -73.365
87  14  -130.354
87  15  -174.617
87  16  -209.441
87  17  -237.339
87  18  -260.274
87  19  -279.844
87  20  -297.461
87  21  -314.572
87  22  -333.054
87  23  -356.306
87  24  -394.129
87  25  -348.355
88  1  2616.64
88  2  2497.34
88  3  2273.04
88  4  1945.91
88  5  1571.07
88  6  1203.
88  7  877.095
88  8  607.28
88  9  392.934
88  10  226.595
88  11  98.9871
88  12  1.45496
88  13  -73.2032
88  14  -130.658
88  15  -175.262
88  16  -210.324
88  17  -238.378
88  18  -261.395
88  19  -280.98
88  20  -298.544
88  21  -315.523
88  22  -333.768
88  23  -356.601
88  24  -393.553
88  25  -344.177
89  1  2638.52
89  2  2519.16
89  3  2293.16
89  4  1963.22
89  5  1585.04
89  6  1213.71
89  7  884.966
89  8  612.833
89  9  396.667
89  10  228.928
89  11  100.256
89  12  1.91922
89  13  -73.3423
89  14  -131.244
89  15  -176.171
89  16  -211.457
89  17  -239.652
89  18  -262.738
89  19  -282.325
89  20  -299.822
89  21  -316.653
89  22  -334.641
89  23  -357.03
89  24  -393.065
89  25  -339.447
90  1  2658.35
90  2  2538.84
90  3  2311.28
90  4  1978.74
90  5  1597.51
90  6  1223.19
90  7  891.844
90  8  617.59
90  9  399.762
90  10  230.745
90  11  101.104
90  12  2.03711
90  13  -73.7691
90  14  -132.072
90  15  -177.285
90  16  -212.767
90  17  -241.08
90  18  -264.218
90  19  -283.792
90  20  -301.211
90  21  -317.889
90  22  -335.619
90  23  -357.564
90  24  -392.693
90  25  -334.54
91  1  2675.96
91  2  2556.23
91  3  2327.25
91  4  1992.38
91  5  1608.4
91  6  1231.4
91  7  897.713
91  8  621.555
91  9  402.236
91  10  232.077
91  11  101.57
91  12  1.85427
91  13  -74.4341
91  14  -133.089
91  15  -178.552
91  16  -214.199
91  17  -242.608
91  18  -265.78
91  19  -285.331
91  20  -302.666
91  21  -319.189
91  22  -336.663
91  23  -358.179
91  24  -392.434
91  25  -329.656
92  1  2691.77
92  2  2571.77
92  3  2341.49
92  4  2004.5
92  5  1618.01
92  6  1238.57
92  7  902.758
92  8  624.871
92  9  404.199
92  10  233.006
92  11  101.718
92  12  1.41797
92  13  -75.3017
92  14  -134.269
92  15  -179.95
92  16  -215.74
92  17  -244.227
92  18  -267.42
92  19  -286.938
92  20  -304.183
92  21  -320.548
92  22  -337.769
92  23  -358.865
92  24  -392.269
92  25  -324.82
93  1  2707.25
93  2  2586.2
93  3  2354.63
93  4  2015.64
93  5  1626.83
93  6  1245.03
93  7  907.218
93  8  627.706
93  9  405.766
93  10  233.604
93  11  101.586
93  12  0.743311
93  13  -76.3755
93  14  -135.629
93  15  -181.508
93  16  -217.422
93  17  -245.973
93  18  -269.176
93  19  -288.651
93  20  -305.798
93  21  -322.
93  22  -338.963
93  23  -359.635
93  24  -392.186
93  25  -319.929
94  1  2718.62
94  2  2598.29
94  3  2365.73
94  4  2024.98
94  5  1634.09
94  6  1250.36
94  7  910.813
94  8  629.918
94  9  406.88
94  10  233.882
94  11  101.236
94  12  -0.0730771
94  13  -77.5318
94  14  -137.027
94  15  -183.07
94  16  -219.086
94  17  -247.684
94  18  -270.886
94  19  -290.315
94  20  -307.366
94  21  -323.411
94  22  -340.134
94  23  -360.414
94  24  -392.181
94  25  -315.418
95  1  2731.34
95  2  2610.19
95  3  2376.5
95  4  2034.02
95  5  1641.11
95  6  1255.42
95  7  914.163
95  8  631.855
95  9  407.735
95  10  233.914
95  11  100.652
95  12  -1.1122
95  13  -78.9011
95  14  -138.63
95  15  -184.828
95  16  -220.936
95  17  -249.573
95  18  -272.766
95  19  -292.138
95  20  -309.083
95  21  -324.961
95  22  -341.442
95  23  -361.306
95  24  -392.249
95  25  -310.689
96  1  2744.28
96  2  2621.5
96  3  2386.62
96  4  2042.42
96  5  1647.56
96  6  1259.97
96  7  917.08
96  8  633.45
96  9  408.305
96  10  233.706
96  11  99.8655
96  12  -2.32341
96  13  -80.418
96  14  -140.359
96  15  -186.696
96  16  -222.903
96  17  -251.569
96  18  -274.744
96  19  -294.054
96  20  -310.886
96  21  -326.591
96  22  -342.799
96  23  -362.251
96  24  -392.379
96  25  -306.032
97  1  2754.65
97  2  2632.12
97  3  2396.23
97  4  2050.47
97  5  1653.65
97  6  1264.22
97  7  919.715
97  8  634.779
97  9  408.618
97  10  233.249
97  11  98.8345
97  12  -3.79902
97  13  -82.1965
97  14  -142.347
97  15  -188.819
97  16  -225.08
97  17  -253.766
97  18  -276.915
97  19  -296.161
97  20  -312.868
97  21  -328.386
97  22  -344.315
97  23  -363.327
97  24  -392.59
97  25  -301.137
98  1  2762.76
98  2  2640.75
98  3  2404.07
98  4  2056.92
98  5  1658.55
98  6  1267.55
98  7  921.689
98  8  635.652
98  9  408.635
98  10  232.62
98  11  97.7257
98  12  -5.23316
98  13  -83.8776
98  14  -144.197
98  15  -190.775
98  16  -227.09
98  17  -255.786
98  18  -278.905
98  19  -298.08
98  20  -314.675
98  21  -330.026
98  22  -345.709
98  23  -364.333
98  24  -392.839
98  25  -296.901
99  1  2772.4
99  2  2649.86
99  3  2412.29
99  4  2063.62
99  5  1663.52
99  6  1270.87
99  7  923.567
99  8  636.361
99  9  408.439
99  10  231.741
99  11  96.3426
99  12  -6.98175
99  13  -85.8841
99  14  -146.377
99  15  -193.061
99  16  -229.427
99  17  -258.127
99  18  -281.206
99  19  -300.289
99  20  -316.755
99  21  -331.918
99  22  -347.326
99  23  -365.511
99  24  -393.195
99  25  -292.274
100  1  2782.41
100  2  2658.59
100  3  2419.95
100  4  2069.82
100  5  1668.07
100  6  1273.81
100  7  925.13
100  8  636.819
100  9  408.017
100  10  230.676
100  11  94.8051
100  12  -8.85915
100  13  -87.9986
100  14  -148.648
100  15  -195.425
100  16  -231.832
100  17  -260.54
100  18  -283.573
100  19  -302.569
100  20  -318.901
100  21  -333.867
100  22  -349.007
100  23  -366.765
100  24  -393.593
100  25  -287.728
101  1  2790.19
101  2  2666.35
101  3  2426.89
101  4  2075.43
101  5  1672.12
101  6  1276.34
101  7  926.345
101  8  636.972
101  9  407.378
101  10  229.436
101  11  93.1156
101  12  -10.8706
101  13  -90.2348
101  14  -151.04
101  15  -197.901
101  16  -234.353
101  17  -263.037
101  18  -286.018
101  19  -304.921
101  20  -321.115
101  21  -335.889
101  22  -350.747
101  23  -368.069
101  24  -394.061
101  25  -283.238
102  1  2798.83
102  2  2674.31
102  3  2433.9
102  4  2081.02
102  5  1676.09
102  6  1278.74
102  7  927.388
102  8  636.922
102  9  406.485
102  10  227.901
102  11  91.1193
102  12  -13.1964
102  13  -92.7858
102  14  -153.727
102  15  -200.671
102  16  -237.139
102  17  -265.816
102  18  -288.737
102  19  -307.543
102  20  -323.591
102  21  -338.15
102  22  -352.702
102  23  -369.554
102  24  -394.648
102  25  -278.53
103  1  2806.06
103  2  2681.3
103  3  2440.08
103  4  2085.92
103  5  1679.5
103  6  1280.71
103  7  928.112
103  8  636.642
103  9  405.432
103  10  226.271
103  11  89.0683
103  12  -15.5595
103  13  -95.354
103  14  -156.426
103  15  -203.44
103  16  -239.928
103  17  -268.572
103  18  -291.427
103  19  -310.124
103  20  -326.017
103  21  -340.372
103  22  -354.626
103  23  -371.033
103  24  -395.279
103  25  -457.848
104  1  2812.99
104  2  2687.72
104  3  2445.68
104  4  2090.29
104  5  1682.46
104  6  1282.33
104  7  928.564
104  8  636.159
104  9  404.232
104  10  224.537
104  11  86.936
104  12  -17.9494
104  13  -97.9253
104  14  -159.109
104  15  -206.18
104  16  -242.68
104  17  -271.3
104  18  -294.085
104  19  -312.685
104  20  -328.43
104  21  -342.581
104  22  -356.548
104  23  -372.52
104  24  -395.94
104  25  -453.606
105  1  2816.47
105  2  2692.38
105  3  2450.
105  4  2093.67
105  5  1684.65
105  6  1283.29
105  7  928.451
105  8  635.165
105  9  402.554
105  10  222.346
105  11  84.3832
105  12  -20.7662
105  13  -100.945
105  14  -162.021
105  15  -209.094
105  16  -245.559
105  17  -274.102
105  18  -296.784
105  19  -315.225
105  20  -330.774
105  21  -344.673
105  22  -358.298
105  23  -373.761
105  24  -396.239
105  25  -448.529
106  1  2798.33
106  2  2700.18
106  3  2456.4
106  4  2098.49
106  5  1687.83
106  6  1284.97
106  7  928.863
106  8  634.582
106  9  401.219
106  10  220.46
106  11  82.1039
106  12  -23.3178
106  13  -103.65
106  14  -165.049
106  15  -212.219
106  16  -248.734
106  17  -277.276
106  18  -299.916
106  19  -318.286
106  20  -333.722
106  21  -347.443
106  22  -360.809
106  23  -375.868
106  24  -397.572
106  25  -462.264
107  1  2742.11
107  2  2666.26
107  3  2430.38
107  4  2078.02
107  5  1671.55
107  6  1271.8
107  7  917.926
107  8  625.216
107  9  392.945
107  10  212.95
107  11  75.1393
107  12  -29.8776
107  13  -109.898
107  14  -171.03
107  15  -217.962
107  16  -254.235
107  17  -280.582
107  18  -303.14
107  19  -321.379
107  20  -336.636
107  21  -350.124
107  22  -363.168
107  23  -377.741
107  24  -398.537
107  25  -457.946
108  1  2894.28
108  2  2752.93
108  3  2466.05
108  4  2105.73
108  5  1692.28
108  6  1286.73
108  7  928.306
108  8  632.16
108  9  397.369
108  10  215.555
108  11  76.4397
108  12  -29.5075
108  13  -110.184
108  14  -171.785
108  15  -219.045
108  16  -255.545
108  17  -283.999
108  18  -306.468
108  19  -324.578
108  20  -339.659
108  21  -352.911
108  22  -365.63
108  23  -379.714
108  24  -399.6
108  25  -453.756
109  1  2811.14
109  2  2716.53
109  3  2468.43
109  4  2105.43
109  5  1701.26
109  6  1287.29
109  7  927.709
109  8  630.636
109  9  395.138
109  10  212.802
109  11  73.308
109  12  -32.8945
109  13  -113.735
109  14  -175.429
109  15  -222.725
109  16  -259.213
109  17  -287.608
109  18  -309.982
109  19  -327.957
109  20  -342.854
109  21  -355.858
109  22  -368.239
109  23  -381.818
109  24  -400.77
109  25  -447.074
110  1  2941.02
110  2  2796.25
110  3  2526.91
110  4  2149.82
110  5  1721.51
110  6  1303.51
110  7  933.391
110  8  630.743
110  9  392.99
110  10  210.009
110  11  70.1706
110  12  -36.2667
110  13  -117.257
110  14  -179.032
110  15  -226.356
110  16  -262.826
110  17  -291.163
110  18  -313.274
110  19  -331.09
110  20  -345.787
110  21  -358.534
110  22  -370.565
110  23  -383.63
110  24  -400.76
110  25  -445.539
111  1  2879.21
111  2  2759.13
111  3  2498.29
111  4  2127.26
111  5  1703.26
111  6  1289.
111  7  929.888
111  8  631.955
111  9  391.492
111  10  206.67
111  11  66.2681
111  12  -39.8682
111  13  -121.009
111  14  -182.866
111  15  -230.215
111  16  -266.665
111  17  -294.941
111  18  -317.12
111  19  -334.819
111  20  -349.35
111  21  -361.173
111  22  -372.158
111  23  -384.93
111  24  -401.479
111  25  -441.779
112  1  2877.69
112  2  2760.67
112  3  2504.67
112  4  2133.3
112  5  1709.63
112  6  1293.63
112  7  927.358
112  8  629.449
112  9  389.18
112  10  203.493
112  11  62.2466
112  12  -44.5289
112  13  -125.165
112  14  -187.104
112  15  -234.476
112  16  -270.899
112  17  -299.104
112  18  -320.781
112  19  -337.996
112  20  -352.443
112  21  -364.397
112  22  -375.673
112  23  -387.943
112  24  -404.386
112  25  -438.258
113  1  2969.36
113  2  2823.46
113  3  2554.92
113  4  2172.45
113  5  1738.08
113  6  1314.29
113  7  941.012
113  8  633.179
113  9  389.786
113  10  201.761
113  11  58.8289
113  12  -49.1834
113  13  -130.76
113  14  -192.451
113  15  -239.218
113  16  -274.379
113  17  -302.198
113  18  -323.905
113  19  -341.102
113  20  -355.456
113  21  -367.679
113  22  -378.929
113  23  -390.756
113  24  -406.38
113  25  -435.608
114  1  2923.03
114  2  2794.41
114  3  2532.57
114  4  2155.19
114  5  1724.94
114  6  1304.34
114  7  933.479
114  8  627.607
114  9  385.488
114  10  198.25
114  11  56.1098
114  12  -52.4904
114  13  -134.306
114  14  -195.754
114  15  -242.211
114  16  -277.746
114  17  -305.573
114  18  -327.584
114  19  -344.985
114  20  -359.073
114  21  -370.969
114  22  -381.793
114  23  -393.017
114  24  -407.582
114  25  -431.354
115  1  2864.11
115  2  2804.47
115  3  2541.7
115  4  2169.37
115  5  1735.27
115  6  1311.26
115  7  937.6
115  8  629.561
115  9  385.815
115  10  197.414
115  11  53.535
115  12  -55.2879
115  13  -137.907
115  14  -200.756
115  15  -248.272
115  16  -284.46
115  17  -312.097
115  18  -333.308
115  19  -350.669
115  20  -363.672
115  21  -375.275
115  22  -385.712
115  23  -396.375
115  24  -409.946
115  25  -428.47
116  1  2881.1
116  2  2770.04
116  3  2513.36
116  4  2139.03
116  5  1715.41
116  6  1294.93
116  7  923.995
116  8  618.008
116  9  376.585
116  10  189.207
116  11  46.645
116  12  -61.7157
116  13  -144.018
116  14  -206.965
116  15  -254.113
116  16  -289.189
116  17  -316.818
116  18  -337.907
116  19  -354.214
116  20  -367.886
116  21  -379.237
116  22  -389.325
116  23  -399.468
116  24  -412.086
116  25  -425.415
117  1  2913.66
117  2  2792.67
117  3  2531.48
117  4  2153.2
117  5  1720.81
117  6  1297.88
117  7  928.774
117  8  624.19
117  9  379.314
117  10  190.697
117  11  46.6629
117  12  -62.6855
117  13  -145.785
117  14  -209.29
117  15  -257.636
117  16  -293.966
117  17  -321.336
117  18  -342.578
117  19  -358.866
117  20  -371.603
117  21  -382.727
117  22  -392.502
117  23  -401.998
117  24  -413.725
117  25  -422.337
118  1  2898.3
118  2  2781.53
118  3  2522.29
118  4  2145.09
118  5  1714.19
118  6  1292.
118  7  919.524
118  8  612.26
118  9  369.743
118  10  182.226
118  11  39.0142
118  12  -69.7881
118  13  -152.73
118  14  -215.768
118  15  -263.761
118  16  -300.446
118  17  -328.618
118  18  -347.811
118  19  -364.115
118  20  -376.775
118  21  -386.818
118  22  -396.067
118  23  -405.149
118  24  -415.882
118  25  -419.439
119  1  2887.59
119  2  2775.64
119  3  2517.6
119  4  2140.83
119  5  1709.56
119  6  1288.78
119  7  916.862
119  8  610.012
119  9  366.471
119  10  178.539
119  11  36.1878
119  12  -73.3795
119  13  -156.557
119  14  -219.744
119  15  -267.841
119  16  -304.622
119  17  -332.795
119  18  -352.623
119  19  -368.8
119  20  -381.385
119  21  -391.141
119  22  -399.341
119  23  -407.852
119  24  -417.571
119  25  -415.992
120  1  2863.17
120  2  2757.24
120  3  2501.34
120  4  2126.42
120  5  1696.85
120  6  1276.04
120  7  905.535
120  8  599.695
120  9  357.562
120  10  169.811
120  11  26.4817
120  12  -82.3374
120  13  -163.52
120  14  -226.055
120  15  -273.829
120  16  -310.268
120  17  -338.159
120  18  -359.516
120  19  -373.782
120  20  -386.134
120  21  -395.836
120  22  -403.701
120  23  -411.676
120  24  -420.459
120  25  -414.192
121  1  2963.55
121  2  2830.42
121  3  2562.22
121  4  2175.81
121  5  1736.83
121  6  1307.46
121  7  928.786
121  8  616.511
121  9  368.86
121  10  177.541
121  11  31.5986
121  12  -79.185
121  13  -163.148
121  14  -226.846
121  15  -275.274
121  16  -312.165
121  17  -340.411
121  18  -362.115
121  19  -378.85
121  20  -391.242
121  21  -400.876
121  22  -408.608
121  23  -415.346
121  24  -423.218
121  25  -412.239
122  1  2944.56
122  2  2817.7
122  3  2551.66
122  4  2166.65
122  5  1728.52
122  6  1299.73
122  7  921.655
122  8  609.639
122  9  362.228
122  10  171.102
122  11  25.2969
122  12  -85.3178
122  13  -169.013
122  14  -232.49
122  15  -280.709
122  16  -317.403
122  17  -345.394
122  18  -366.811
122  19  -383.224
122  20  -395.901
122  21  -405.233
122  22  -412.572
122  23  -418.75
122  24  -425.581
122  25  -409.537
123  1  2929.21
123  2  2807.35
123  3  2542.97
123  4  2160.59
123  5  1722.85
123  6  1294.17
123  7  915.868
123  8  603.228
123  9  355.868
123  10  164.79
123  11  19.0417
123  12  -91.4977
123  13  -175.156
123  14  -238.535
123  15  -286.626
123  16  -323.162
123  17  -350.96
123  18  -372.147
123  19  -388.337
123  20  -400.729
123  21  -410.37
123  22  -417.372
123  23  -422.97
123  24  -428.809
123  25  -407.871
124  1  2932.1
124  2  2809.67
124  3  2544.3
124  4  2160.44
124  5  1721.14
124  6  1291.05
124  7  910.926
124  8  597.515
124  9  349.604
124  10  158.15
124  11  12.161
124  12  -98.517
124  13  -182.274
124  14  -245.675
124  15  -293.721
124  16  -330.176
124  17  -357.861
124  18  -377.554
124  19  -393.664
124  20  -405.987
124  21  -415.467
124  22  -422.292
124  23  -427.628
124  24  -431.706
124  25  -405.542
125  1  2914.04
125  2  2796.74
125  3  2532.94
125  4  2149.9
125  5  1711.17
125  6  1281.48
125  7  901.714
125  8  588.581
125  9  340.9
125  10  149.616
125  11  3.87096
125  12  -106.574
125  13  -190.1
125  14  -253.264
125  15  -301.063
125  16  -337.252
125  17  -364.526
125  18  -383.991
125  19  -399.528
125  20  -411.424
125  21  -420.386
125  22  -427.254
125  23  -431.911
125  24  -434.833
125  25  -403.118
126  1  2850.05
126  2  2749.69
126  3  2494.96
126  4  2117.7
126  5  1683.89
126  6  1257.54
126  7  881.068
126  8  570.432
126  9  324.616
126  10  134.757
126  11  -9.98989
126  12  -119.669
126  13  -202.586
126  14  -265.248
126  15  -312.609
126  16  -348.399
126  17  -375.411
126  18  -395.743
126  19  -410.977
126  20  -422.323
126  21  -430.713
126  22  -433.494
126  23  -437.529
126  24  -439.266
126  25  -402.009
127  1  2870.05
127  2  2763.28
127  3  2451.38
127  4  2071.27
127  5  1636.98
127  6  1213.32
127  7  840.74
127  8  534.5
127  9  293.039
127  10  107.275
127  11  -33.7292
127  12  -140.025
127  13  -219.888
127  14  -279.775
127  15  -324.591
127  16  -358.01
127  17  -382.775
127  18  -400.931
127  19  -413.946
127  20  -423.069
127  21  -429.077
127  22  -432.539
127  23  -433.596
127  24  -433.164
127  25  -382.995
128  1  2735.65
128  2  2663.51
128  3  2419.48
128  4  2051.34
128  5  1625.04
128  6  1205.99
128  7  835.033
128  8  529.267
128  9  287.249
128  10  100.345
128  11  -42.0812
128  12  -149.899
128  13  -231.285
128  14  -292.641
128  15  -338.847
128  16  -373.571
128  17  -399.558
128  18  -418.861
128  19  -433.017
128  20  -443.033
128  21  -448.153
128  22  -452.787
128  23  -449.669
128  24  -448.496
128  25  -397.871
129  1  2928.46
129  2  2809.24
129  3  2541.77
129  4  2150.05
129  5  1701.99
129  6  1263.61
129  7  877.143
129  8  558.713
129  9  307.082
129  10  113.028
129  11  -34.6501
129  12  -146.298
129  13  -230.457
129  14  -293.805
129  15  -341.42
129  16  -377.118
129  17  -403.744
129  18  -423.426
129  19  -437.749
129  20  -447.892
129  21  -454.721
129  22  -458.492
129  23  -459.983
129  24  -456.736
129  25  -396.802
130  1  2282.53
130  2  2227.51
130  3  2040.21
130  4  1719.36
130  5  1334.69
130  6  950.095
130  7  606.88
130  8  321.97
130  9  95.8416
130  10  -78.8615
130  11  -211.704
130  12  -311.735
130  13  -386.519
130  14  -442.008
130  15  -482.745
130  16  -512.13
130  17  -532.679
130  18  -546.225
130  19  -554.058
130  20  -557.01
130  21  -555.45
130  22  -549.118
130  23  -536.422
130  24  -510.692
130  25  -404.854
