1  1  130.42
1  2  121.672
1  3  118.191
1  4  115.935
1  5  114.227
1  6  112.822
1  7  111.608
1  8  110.519
1  9  109.512
1  10  108.557
1  11  107.63
1  12  106.709
1  13  105.773
1  14  104.8
1  15  103.768
1  16  102.655
1  17  101.436
1  18  100.086
1  19  98.5747
1  20  96.8583
1  21  94.8656
1  22  92.4611
1  23  89.3446
1  24  84.6668
1  25  74.2612
2  1  139.984
2  2  131.49
2  3  128.255
2  4  126.177
2  5  124.616
2  6  123.348
2  7  122.271
2  8  121.328
2  9  120.486
2  10  119.724
2  11  119.029
2  12  118.391
2  13  117.802
2  14  117.254
2  15  116.735
2  16  116.226
2  17  115.698
2  18  115.104
2  19  114.379
2  20  113.429
2  21  112.136
2  22  110.327
2  23  107.704
2  24  103.508
2  25  94.7056
3  1  146.604
3  2  138.137
3  3  135.09
3  4  133.164
3  5  131.746
3  6  130.628
3  7  129.72
3  8  128.98
3  9  128.391
3  10  127.951
3  11  127.673
3  12  127.581
3  13  127.707
3  14  128.098
3  15  128.808
3  16  129.892
3  17  131.395
3  18  133.328
3  19  135.633
3  20  138.144
3  21  140.571
3  22  142.506
3  23  143.477
3  24  142.885
3  25  139.38
4  1  150.673
4  2  142.058
4  3  139.101
4  4  137.258
4  5  135.925
4  6  134.902
4  7  134.107
4  8  133.507
4  9  133.095
4  10  132.881
4  11  132.893
4  12  133.171
4  13  133.769
4  14  134.752
4  15  136.193
4  16  138.158
4  17  140.69
4  18  143.773
4  19  147.304
4  20  151.058
4  21  154.697
4  22  157.819
4  23  160.029
4  24  160.943
4  25  158.966
5  1  155.194
5  2  146.193
5  3  143.28
5  4  141.495
5  5  140.23
5  6  139.289
5  7  138.595
5  8  138.12
5  9  137.863
5  10  137.841
5  11  138.083
5  12  138.627
5  13  139.518
5  14  140.798
5  15  142.497
5  16  144.616
5  17  147.115
5  18  149.892
5  19  152.787
5  20  155.59
5  21  158.073
5  22  160.027
5  23  161.266
5  24  161.528
5  25  157.866
6  1  160.254
6  2  150.521
6  3  147.561
6  4  145.778
6  5  144.535
6  6  143.632
6  7  142.992
6  8  142.585
6  9  142.408
6  10  142.471
6  11  142.79
6  12  143.382
6  13  144.258
6  14  145.413
6  15  146.82
6  16  148.424
6  17  150.139
6  18  151.858
6  19  153.46
6  20  154.829
6  21  155.862
6  22  156.465
6  23  156.511
6  24  155.651
6  25  149.421
7  1  165.699
7  2  154.873
7  3  151.749
7  4  149.889
7  5  148.602
7  6  147.674
7  7  147.017
7  8  146.597
7  9  146.399
7  10  146.422
7  11  146.664
7  12  147.116
7  13  147.761
7  14  148.565
7  15  149.478
7  16  150.433
7  17  151.359
7  18  152.181
7  19  152.83
7  20  153.245
7  21  153.368
7  22  153.126
7  23  152.366
7  24  150.598
7  25  142.041
8  1  172.458
8  2  159.984
8  3  156.527
8  4  154.48
8  5  153.061
8  6  152.025
8  7  151.271
8  8  150.751
8  9  150.44
8  10  150.318
8  11  150.368
8  12  150.564
8  13  150.873
8  14  151.251
8  15  151.648
8  16  152.011
8  17  152.289
8  18  152.436
8  19  152.41
8  20  152.17
8  21  151.666
8  22  150.81
8  23  149.401
8  24  146.791
8  25  135.828
9  1  179.173
9  2  164.89
9  3  161.01
9  4  158.71
9  5  157.105
9  6  155.913
9  7  155.017
9  8  154.354
9  9  153.889
9  10  153.592
9  11  153.436
9  12  153.387
9  13  153.407
9  14  153.454
9  15  153.483
9  16  153.452
9  17  153.321
9  18  153.056
9  19  152.624
9  20  151.985
9  21  151.082
9  22  149.808
9  23  147.915
9  24  144.617
9  25  131.541
10  1  185.038
10  2  169.108
10  3  164.812
10  4  162.26
10  5  160.464
10  6  159.114
10  7  158.074
10  8  157.272
10  9  156.663
10  10  156.213
10  11  155.886
10  12  155.648
10  13  155.458
10  14  155.276
10  15  155.061
10  16  154.777
10  17  154.388
10  18  153.865
10  19  153.174
10  20  152.274
10  21  151.1
10  22  149.526
10  23  147.268
10  24  143.426
10  25  128.615
11  1  189.74
11  2  172.459
11  3  167.808
11  4  165.036
11  5  163.076
11  6  161.589
11  7  160.426
11  8  159.506
11  9  158.781
11  10  158.209
11  11  157.754
11  12  157.378
11  13  157.04
11  14  156.701
11  15  156.322
11  16  155.869
11  17  155.31
11  18  154.615
11  19  153.749
11  20  152.669
11  21  151.301
11  22  149.508
11  23  146.974
11  24  142.714
11  25  126.544
12  1  194.056
12  2  175.504
12  3  170.51
12  4  167.525
12  5  165.405
12  6  163.784
12  7  162.503
12  8  161.472
12  9  160.638
12  10  159.956
12  11  159.387
12  12  158.89
12  13  158.426
12  14  157.956
12  15  157.442
12  16  156.85
12  17  156.15
12  18  155.312
12  19  154.3
12  20  153.065
12  21  151.529
12  22  149.541
12  23  146.759
12  24  142.118
12  25  124.696
13  1  197.611
13  2  177.977
13  3  172.685
13  4  169.514
13  5  167.255
13  6  165.519
13  7  164.135
13  8  163.01
13  9  162.083
13  10  161.31
13  11  160.647
13  12  160.054
13  13  159.49
13  14  158.917
13  15  158.296
13  16  157.597
13  17  156.787
13  18  155.837
13  19  154.708
13  20  153.35
13  21  151.677
13  22  149.528
13  23  146.541
13  24  141.58
13  25  123.107
14  1  200.826
14  2  180.17
14  3  174.592
14  4  171.244
14  5  168.851
14  6  167.004
14  7  165.523
14  8  164.307
14  9  163.295
14  10  162.436
14  11  161.687
14  12  161.007
14  13  160.353
14  14  159.688
14  15  158.974
14  16  158.178
14  17  157.271
14  18  156.22
14  19  154.986
14  20  153.515
14  21  151.716
14  22  149.42
14  23  146.24
14  24  140.981
14  25  121.521
15  1  203.721
15  2  182.089
15  3  176.238
15  4  172.718
15  5  170.196
15  6  168.242
15  7  166.667
15  8  165.366
15  9  164.271
15  10  163.333
15  11  162.504
15  12  161.742
15  13  161.006
15  14  160.257
15  15  159.457
15  16  158.575
15  17  157.578
15  18  156.434
15  19  155.103
15  20  153.528
15  21  151.612
15  22  149.176
15  23  145.815
15  24  140.273
15  25  119.877
16  1  206.36
16  2  183.772
16  3  177.649
16  4  173.959
16  5  171.308
16  6  169.249
16  7  167.581
16  8  166.195
16  9  165.021
16  10  164.004
16  11  163.098
16  12  162.259
16  13  161.445
16  14  160.615
16  15  159.734
16  16  158.769
16  17  157.688
16  18  156.456
16  19  155.032
16  20  153.355
16  21  151.326
16  22  148.754
16  23  145.216
16  24  139.398
16  25  118.083
17  1  208.492
17  2  185.058
17  3  178.693
17  4  174.852
17  5  172.087
17  6  169.934
17  7  168.184
17  8  166.723
17  9  165.478
17  10  164.393
17  11  163.42
17  12  162.513
17  13  161.631
17  14  160.733
17  15  159.782
17  16  158.745
17  17  157.591
17  18  156.283
17  19  154.778
17  20  153.013
17  21  150.884
17  22  148.193
17  23  144.5
17  24  138.438
17  25  116.313
18  1  210.484
18  2  186.168
18  3  179.55
18  4  175.549
18  5  172.665
18  6  170.414
18  7  168.577
18  8  167.038
18  9  165.72
18  10  164.564
18  11  163.521
18  12  162.545
18  13  161.593
18  14  160.624
18  15  159.602
18  16  158.493
18  17  157.263
18  18  155.876
18  19  154.289
18  20  152.433
18  21  150.201
18  22  147.386
18  23  143.531
18  24  137.215
18  25  114.245
19  1  212.087
19  2  186.956
19  3  180.103
19  4  175.956
19  5  172.961
19  6  170.617
19  7  168.702
19  8  167.09
19  9  165.704
19  10  164.483
19  11  163.376
19  12  162.337
19  13  161.322
19  14  160.289
19  15  159.202
19  16  158.027
19  17  156.729
19  18  155.271
19  19  153.607
19  20  151.668
19  21  149.341
19  22  146.413
19  23  142.408
19  24  135.858
19  25  112.11
20  1  213.292
20  2  187.445
20  3  180.386
20  4  176.108
20  5  173.015
20  6  170.591
20  7  168.605
20  8  166.93
20  9  165.484
20  10  164.206
20  11  163.044
20  12  161.95
20  13  160.88
20  14  159.792
20  15  158.648
20  16  157.415
20  17  156.058
20  18  154.538
20  19  152.808
20  20  150.796
20  21  148.386
20  22  145.358
20  23  141.223
20  24  134.467
20  25  110.034
21  1  214.293
21  2  187.732
21  3  180.466
21  4  176.057
21  5  172.866
21  6  170.362
21  7  168.305
21  8  166.567
21  9  165.062
21  10  163.727
21  11  162.509
21  12  161.361
21  13  160.236
21  14  159.093
21  15  157.894
21  16  156.604
21  17  155.188
21  18  153.606
21  19  151.81
21  20  149.726
21  21  147.234
21  22  144.107
21  23  139.84
21  24  132.88
21  25  107.763
22  1  215.041
22  2  187.809
22  3  180.348
22  4  175.817
22  5  172.533
22  6  169.953
22  7  167.83
22  8  166.032
22  9  164.471
22  10  163.083
22  11  161.814
22  12  160.615
22  13  159.438
22  14  158.245
22  15  156.994
22  16  155.651
22  17  154.18
22  18  152.541
22  19  150.684
22  20  148.532
22  21  145.962
22  22  142.742
22  23  138.353
22  24  131.2
22  25  105.441
23  1  215.614
23  2  187.689
23  3  180.026
23  4  175.368
23  5  171.989
23  6  169.33
23  7  167.139
23  8  165.279
23  9  163.661
23  10  162.218
23  11  160.896
23  12  159.644
23  13  158.416
23  14  157.169
23  15  155.866
23  16  154.468
23  17  152.941
23  18  151.243
23  19  149.322
23  20  147.101
23  21  144.452
23  22  141.135
23  23  136.62
23  24  129.268
23  25  102.847
24  1  215.978
24  2  187.368
24  3  179.506
24  4  174.722
24  5  171.248
24  6  168.511
24  7  166.252
24  8  164.331
24  9  162.656
24  10  161.159
24  11  159.785
24  12  158.481
24  13  157.202
24  14  155.904
24  15  154.548
24  16  153.097
24  17  151.514
24  18  149.759
24  19  147.775
24  20  145.485
24  21  142.757
24  22  139.346
24  23  134.705
24  24  127.156
24  25  100.081
25  1  216.141
25  2  186.875
25  3  178.821
25  4  173.917
25  5  170.352
25  6  167.541
25  7  165.217
25  8  163.238
25  9  161.508
25  10  159.96
25  11  158.535
25  12  157.182
25  13  155.854
25  14  154.507
25  15  153.101
25  16  151.6
25  17  149.965
25  18  148.154
25  19  146.111
25  20  143.755
25  21  140.952
25  22  137.45
25  23  132.69
25  24  124.953
25  25  97.2513
26  1  216.127
26  2  186.207
26  3  177.962
26  4  172.937
26  5  169.281
26  6  166.395
26  7  164.007
26  8  161.969
26  9  160.185
26  10  158.585
26  11  157.111
26  12  155.709
26  13  154.332
26  14  152.936
26  15  151.481
26  16  149.929
26  17  148.242
26  18  146.375
26  19  144.274
26  20  141.853
26  21  138.975
26  22  135.382
26  23  130.502
26  24  122.578
26  25  94.2519
27  1  215.949
27  2  185.388
27  3  176.956
27  4  171.813
27  5  168.069
27  6  165.109
27  7  162.657
27  8  160.562
27  9  158.725
27  10  157.075
27  11  155.552
27  12  154.102
27  13  152.678
27  14  151.235
27  15  149.732
27  16  148.13
27  17  146.392
27  18  144.472
27  19  142.312
27  20  139.827
27  21  136.876
27  22  133.195
27  23  128.198
27  24  120.09
27  25  91.1526
28  1  215.608
28  2  184.383
28  3  175.757
28  4  170.491
28  5  166.654
28  6  163.618
28  7  161.101
28  8  158.947
28  9  157.055
28  10  155.353
28  11  153.779
28  12  152.28
28  13  150.807
28  14  149.314
28  15  147.762
28  16  146.109
28  17  144.318
28  18  142.343
28  19  140.123
28  20  137.572
28  21  134.545
28  22  130.772
28  23  125.655
28  24  117.357
28  25  87.7867
29  1  215.144
29  2  183.281
29  3  174.468
29  4  169.084
29  5  165.158
29  6  162.05
29  7  159.469
29  8  157.258
29  9  155.313
29  10  153.561
29  11  151.939
29  12  150.393
29  13  148.873
29  14  147.333
29  15  145.733
29  16  144.032
29  17  142.19
29  18  140.162
29  19  137.885
29  20  135.27
29  21  132.171
29  22  128.31
29  23  123.077
29  24  114.596
29  25  84.4181
30  1  214.621
30  2  182.176
30  3  173.192
30  4  167.701
30  5  163.694
30  6  160.519
30  7  157.881
30  8  155.617
30  9  153.625
30  10  151.827
30  11  150.161
30  12  148.572
30  13  147.009
30  14  145.427
30  15  143.783
30  16  142.038
30  17  140.15
30  18  138.073
30  19  135.744
30  20  133.072
30  21  129.907
30  22  125.966
30  23  120.627
30  24  111.98
30  25  81.2486
31  1  214.019
31  2  180.993
31  3  171.839
31  4  166.24
31  5  162.152
31  6  158.911
31  7  156.215
31  8  153.9
31  9  151.859
31  10  150.016
31  11  148.306
31  12  146.674
31  13  145.069
31  14  143.444
31  15  141.757
31  16  139.967
31  17  138.034
31  18  135.909
31  19  133.528
31  20  130.798
31  21  127.566
31  22  123.546
31  23  118.102
31  24  109.289
31  25  78.0051
32  1  213.368
32  2  179.769
32  3  170.447
32  4  164.742
32  5  160.575
32  6  157.268
32  7  154.515
32  8  152.149
32  9  150.061
32  10  148.173
32  11  146.42
32  12  144.745
32  13  143.098
32  14  141.431
32  15  139.702
32  16  137.869
32  17  135.891
32  18  133.718
32  19  131.286
32  20  128.5
32  21  125.203
32  22  121.104
32  23  115.556
32  24  106.58
32  25  74.753
33  1  212.717
33  2  178.575
33  3  169.093
33  4  163.288
33  5  159.044
33  6  155.675
33  7  152.868
33  8  150.453
33  9  148.321
33  10  146.39
33  11  144.597
33  12  142.882
33  13  141.195
33  14  139.489
33  15  137.72
33  16  135.846
33  17  133.825
33  18  131.607
33  19  129.127
33  20  126.287
33  21  122.929
33  22  118.755
33  23  113.109
33  24  103.979
33  25  71.6368
34  1  212.043
34  2  177.351
34  3  167.708
34  4  161.801
34  5  157.481
34  6  154.048
34  7  151.187
34  8  148.723
34  9  146.545
34  10  144.572
34  11  142.737
34  12  140.982
34  13  139.255
34  14  137.509
34  15  135.699
34  16  133.784
34  17  131.72
34  18  129.456
34  19  126.927
34  20  124.034
34  21  120.613
34  22  116.364
34  23  110.619
34  24  101.332
34  25  68.4706
35  1  211.369
35  2  176.118
35  3  166.311
35  4  160.3
35  5  155.902
35  6  152.406
35  7  149.49
35  8  146.976
35  9  144.752
35  10  142.735
35  11  140.858
35  12  139.062
35  13  137.295
35  14  135.508
35  15  133.657
35  16  131.7
35  17  129.592
35  18  127.283
35  19  124.704
35  20  121.756
35  21  118.272
35  22  113.947
35  23  108.101
35  24  98.6564
35  25  65.2681
36  1  210.81
36  2  175.075
36  3  165.126
36  4  159.026
36  5  154.561
36  6  151.009
36  7  148.044
36  8  145.487
36  9  143.224
36  10  141.169
36  11  139.256
36  12  137.425
36  13  135.622
36  14  133.8
36  15  131.914
36  16  129.92
36  17  127.775
36  18  125.426
36  19  122.804
36  20  119.808
36  21  116.27
36  22  111.879
36  23  105.946
36  24  96.3645
36  25  62.5208
37  1  210.245
37  2  173.974
37  3  163.868
37  4  157.67
37  5  153.13
37  6  149.517
37  7  146.499
37  8  143.895
37  9  141.587
37  10  139.491
37  11  137.538
37  12  135.667
37  13  133.826
37  14  131.966
37  15  130.04
37  16  128.006
37  17  125.819
37  18  123.426
37  19  120.758
37  20  117.709
37  21  114.112
37  22  109.648
37  23  103.619
37  24  93.8869
37  25  59.5419
38  1  209.775
38  2  172.989
38  3  162.733
38  4  156.439
38  5  151.828
38  6  148.156
38  7  145.088
38  8  142.438
38  9  140.088
38  10  137.952
38  11  135.96
38  12  134.052
38  13  132.174
38  14  130.276
38  15  128.313
38  16  126.241
38  17  124.014
38  18  121.579
38  19  118.865
38  20  115.767
38  21  112.112
38  22  107.579
38  23  101.458
38  24  91.5815
38  25  56.7562
39  1  209.422
39  2  172.158
39  3  161.761
39  4  155.379
39  5  150.701
39  6  146.975
39  7  143.859
39  8  141.167
39  9  138.777
39  10  136.604
39  11  134.577
39  12  132.634
39  13  130.722
39  14  128.789
39  15  126.791
39  16  124.683
39  17  122.42
39  18  119.946
39  19  117.19
39  20  114.045
39  21  110.337
39  22  105.739
39  23  99.5329
39  24  89.5226
39  25  54.252
40  1  209.162
40  2  171.394
40  3  160.85
40  4  154.375
40  5  149.627
40  6  145.843
40  7  142.678
40  8  139.94
40  9  137.51
40  10  135.298
40  11  133.233
40  12  131.254
40  13  129.305
40  14  127.336
40  15  125.302
40  16  123.156
40  17  120.854
40  18  118.339
40  19  115.539
40  20  112.346
40  21  108.581
40  22  103.916
40  23  97.6206
40  24  87.47
40  25  51.7329
41  1  209.042
41  2  170.783
41  3  160.096
41  4  153.531
41  5  148.715
41  6  144.875
41  7  141.662
41  8  138.881
41  9  136.41
41  10  134.16
41  11  132.059
41  12  130.044
41  13  128.06
41  14  126.057
41  15  123.987
41  16  121.805
41  17  119.465
41  18  116.911
41  19  114.068
41  20  110.827
41  21  107.009
41  22  102.278
41  23  95.8966
41  24  85.6103
41  25  49.4224
42  1  209.069
42  2  170.342
42  3  159.518
42  4  152.867
42  5  147.986
42  6  144.093
42  7  140.833
42  8  138.011
42  9  135.502
42  10  133.217
42  11  131.081
42  12  129.032
42  13  127.014
42  14  124.977
42  15  122.873
42  16  120.657
42  17  118.282
42  18  115.689
42  19  112.806
42  20  109.521
42  21  105.651
42  22  100.857
42  23  94.3941
42  24  83.9789
42  25  47.3627
43  1  209.263
43  2  170.057
43  3  159.093
43  4  152.353
43  5  147.406
43  6  143.458
43  7  140.152
43  8  137.287
43  9  134.74
43  10  132.417
43  11  130.246
43  12  128.162
43  13  126.111
43  14  124.039
43  15  121.901
43  16  119.649
43  17  117.237
43  18  114.607
43  19  111.682
43  20  108.351
43  21  104.428
43  22  99.5719
43  23  93.025
43  24  82.4788
43  25  45.4272
44  1  209.619
44  2  169.962
44  3  158.867
44  4  152.045
44  5  147.036
44  6  143.037
44  7  139.686
44  8  136.783
44  9  134.198
44  10  131.841
44  11  129.637
44  12  127.521
44  13  125.437
44  14  123.334
44  15  121.163
44  16  118.879
44  17  116.433
44  18  113.766
44  19  110.803
44  20  107.429
44  21  103.458
44  22  98.5428
44  23  91.9183
44  24  81.2502
44  25  43.794
45  1  210.138
45  2  170.048
45  3  158.828
45  4  151.926
45  5  146.857
45  6  142.81
45  7  139.417
45  8  136.476
45  9  133.856
45  10  131.466
45  11  129.23
45  12  127.083
45  13  124.969
45  14  122.835
45  15  120.634
45  16  118.318
45  17  115.839
45  18  113.138
45  19  110.138
45  20  106.724
45  21  102.707
45  22  97.735
45  23  91.0367
45  24  80.2527
45  25  42.4121
46  1  210.853
46  2  170.328
46  3  158.981
46  4  152.001
46  5  146.872
46  6  142.776
46  7  139.341
46  8  136.361
46  9  133.707
46  10  131.283
46  11  129.015
46  12  126.838
46  13  124.693
46  14  122.528
46  15  120.295
46  16  117.948
46  17  115.437
46  18  112.702
46  19  109.665
46  20  106.211
46  21  102.147
46  22  97.1194
46  23  90.3475
46  24  79.4483
46  25  41.2257
47  1  211.752
47  2  170.804
47  3  159.335
47  4  152.278
47  5  147.091
47  6  142.948
47  7  139.472
47  8  136.455
47  9  133.767
47  10  131.312
47  11  129.013
47  12  126.805
47  13  124.631
47  14  122.436
47  15  120.174
47  16  117.797
47  17  115.254
47  18  112.486
47  19  109.414
47  20  105.92
47  21  101.812
47  22  96.7311
47  23  89.8888
47  24  78.8793
47  25  40.2917
48  1  212.81
48  2  171.46
48  3  159.876
48  4  152.746
48  5  147.505
48  6  143.317
48  7  139.802
48  8  136.75
48  9  134.03
48  10  131.545
48  11  129.217
48  12  126.981
48  13  124.778
48  14  122.556
48  15  120.265
48  16  117.859
48  17  115.287
48  18  112.488
48  19  109.383
48  20  105.853
48  21  101.703
48  22  96.5724
48  23  89.6643
48  24  78.552
48  25  39.6246
49  1  214.127
49  2  172.362
49  3  160.66
49  4  153.456
49  5  148.159
49  6  143.925
49  7  140.37
49  8  137.284
49  9  134.531
49  10  132.014
49  11  129.657
49  12  127.392
49  13  125.16
49  14  122.909
49  15  120.59
49  16  118.155
49  17  115.553
49  18  112.723
49  19  109.584
49  20  106.017
49  21  101.825
49  22  96.644
49  23  89.6698
49  24  78.454
49  25  39.1857
50  1  215.482
50  2  173.357
50  3  161.552
50  4  154.283
50  5  148.938
50  6  144.664
50  7  141.075
50  8  137.958
50  9  135.177
50  10  132.634
50  11  130.25
50  12  127.96
50  13  125.704
50  14  123.428
50  15  121.084
50  16  118.624
50  17  115.996
50  18  113.139
50  19  109.971
50  20  106.373
50  21  102.146
50  22  96.9212
50  23  89.8908
50  24  78.5874
50  25  39.031
51  1  217.067
51  2  174.577
51  3  162.67
51  4  155.336
51  5  149.942
51  6  145.629
51  7  142.005
51  8  138.857
51  9  136.048
51  10  133.478
51  11  131.069
51  12  128.753
51  13  126.472
51  14  124.172
51  15  121.804
51  16  119.318
51  17  116.664
51  18  113.78
51  19  110.585
51  20  106.956
51  21  102.693
51  22  97.4266
51  23  90.3414
51  24  78.9528
51  25  39.1174
52  1  218.66
52  2  175.849
52  3  163.852
52  4  156.462
52  5  151.026
52  6  146.678
52  7  143.025
52  8  139.85
52  9  137.016
52  10  134.423
52  11  131.991
52  12  129.654
52  13  127.352
52  14  125.03
52  15  122.64
52  16  120.133
52  17  117.457
52  18  114.55
52  19  111.331
52  20  107.675
52  21  103.383
52  22  98.0808
52  23  90.9495
52  24  79.4895
52  25  39.4219
53  1  220.448
53  2  177.319
53  3  165.234
53  4  157.789
53  5  152.312
53  6  147.93
53  7  144.248
53  8  141.047
53  9  138.189
53  10  135.573
53  11  133.12
53  12  130.761
53  13  128.437
53  14  126.095
53  15  123.684
53  16  121.156
53  17  118.459
53  18  115.53
53  19  112.287
53  20  108.607
53  21  104.286
53  22  98.9515
53  23  91.7772
53  24  80.251
53  25  39.9698
54  1  222.54
54  2  179.085
54  3  166.911
54  4  159.41
54  5  153.891
54  6  149.476
54  7  145.764
54  8  142.537
54  9  139.655
54  10  137.016
54  11  134.54
54  12  132.16
54  13  129.815
54  14  127.452
54  15  125.02
54  16  122.471
54  17  119.753
54  18  116.803
54  19  113.538
54  20  109.833
54  21  105.486
54  22  100.12
54  23  92.9052
54  24  81.3176
54  25  40.8417
55  1  224.625
55  2  180.885
55  3  168.635
55  4  161.087
55  5  155.533
55  6  151.089
55  7  147.352
55  8  144.103
55  9  141.2
55  10  138.542
55  11  136.047
55  12  133.649
55  13  131.286
55  14  128.905
55  15  126.455
55  16  123.889
55  17  121.154
55  18  118.186
55  19  114.903
55  20  111.18
55  21  106.812
55  22  101.422
55  23  94.1772
55  24  82.5444
55  25  41.9302
56  1  226.743
56  2  182.751
56  3  170.436
56  4  162.849
56  5  157.265
56  6  152.795
56  7  149.038
56  8  145.77
56  9  142.849
56  10  140.174
56  11  137.664
56  12  135.25
56  13  132.872
56  14  130.475
56  15  128.011
56  16  125.43
56  17  122.681
56  18  119.7
56  19  116.403
56  20  112.666
56  21  108.283
56  22  102.876
56  23  95.6103
56  24  83.9481
56  25  43.2513
57  1  229.088
57  2  184.859
57  3  172.487
57  4  164.864
57  5  159.253
57  6  154.762
57  7  150.986
57  8  147.701
57  9  144.765
57  10  142.076
57  11  139.551
57  12  137.123
57  13  134.731
57  14  132.322
57  15  129.845
57  16  127.252
57  17  124.491
57  18  121.5
57  19  118.193
57  20  114.446
57  21  110.054
57  22  104.638
57  23  97.3625
57  24  85.689
57  25  44.9771
58  1  231.385
58  2  186.969
58  3  174.556
58  4  166.909
58  5  161.28
58  6  156.775
58  7  152.986
58  8  149.689
58  9  146.743
58  10  144.043
58  11  141.508
58  12  139.07
58  13  136.668
58  14  134.249
58  15  131.763
58  16  129.163
58  17  126.396
58  18  123.4
58  19  120.089
58  20  116.341
58  21  111.949
58  22  106.534
58  23  99.2656
58  24  87.6073
58  25  46.9763
59  1  233.557
59  2  189.013
59  3  176.58
59  4  168.921
59  5  163.283
59  6  158.771
59  7  154.976
59  8  151.674
59  9  148.722
59  10  146.016
59  11  143.476
59  12  141.032
59  13  138.624
59  14  136.2
59  15  133.711
59  16  131.108
59  17  128.34
59  18  125.345
59  19  122.039
59  20  118.297
59  21  113.915
59  22  108.517
59  23  101.273
59  24  89.6607
59  25  49.2246
60  1  235.74
60  2  191.131
60  3  178.702
60  4  171.047
60  5  165.412
60  6  160.901
60  7  157.108
60  8  153.807
60  9  150.855
60  10  148.149
60  11  145.608
60  12  143.163
60  13  140.754
60  14  138.33
60  15  135.842
60  16  133.243
60  17  130.481
60  18  127.496
60  19  124.203
60  20  120.48
60  21  116.123
60  22  110.759
60  23  103.567
60  24  92.0466
60  25  51.9802
61  1  237.821
61  2  193.245
61  3  180.857
61  4  173.229
61  5  167.613
61  6  163.117
61  7  159.336
61  8  156.045
61  9  153.102
61  10  150.403
61  11  147.867
61  12  145.426
61  13  143.021
61  14  140.603
61  15  138.123
61  16  135.535
61  17  132.789
61  18  129.824
61  19  126.559
61  20  122.87
61  21  118.559
61  22  113.256
61  23  106.154
61  24  94.7912
61  25  55.3513
62  1  239.804
62  2  195.427
62  3  183.143
62  4  175.58
62  5  170.012
62  6  165.553
62  7  161.801
62  8  158.534
62  9  155.61
62  10  152.926
62  11  150.403
62  12  147.972
62  13  145.579
62  14  143.173
62  15  140.709
62  16  138.143
62  17  135.426
62  18  132.498
62  19  129.28
62  20  125.652
62  21  121.419
62  22  116.223
62  23  109.275
62  24  98.1843
62  25  59.8354
63  1  241.429
63  2  197.518
63  3  185.435
63  4  177.995
63  5  172.514
63  6  168.121
63  7  164.419
63  8  161.191
63  9  158.295
63  10  155.631
63  11  153.121
63  12  150.702
63  13  148.319
63  14  145.927
63  15  143.483
63  16  140.946
63  17  138.267
63  18  135.391
63  19  132.24
63  20  128.7
63  21  124.582
63  22  119.543
63  23  112.829
63  24  102.154
63  25  65.5364
64  1  242.731
64  2  199.714
64  3  187.984
64  4  180.756
64  5  175.418
64  6  171.123
64  7  167.488
64  8  164.299
64  9  161.421
64  10  158.758
64  11  156.238
64  12  153.803
64  13  151.405
64  14  149.003
64  15  146.558
64  16  144.031
64  17  141.38
64  18  138.548
64  19  135.463
64  20  132.015
64  21  128.028
64  22  123.176
64  23  116.756
64  24  106.636
64  25  72.537
65  1  243.997
65  2  202.257
65  3  191.004
65  4  184.056
65  5  178.893
65  6  174.7
65  7  171.11
65  8  167.918
65  9  165.
65  10  162.271
65  11  159.667
65  12  157.14
65  13  154.65
65  14  152.161
65  15  149.638
65  16  147.045
65  17  144.339
65  18  141.468
65  19  138.362
65  20  134.914
65  21  130.956
65  22  126.182
65  23  119.93
65  24  110.221
65  25  78.5835
66  1  245.771
66  2  205.532
66  3  194.838
66  4  188.228
66  5  183.273
66  6  179.187
66  7  175.616
66  8  172.371
66  9  169.344
66  10  166.462
66  11  163.679
66  12  160.955
66  13  158.26
66  14  155.561
66  15  152.828
66  16  150.025
66  17  147.11
66  18  144.031
66  19  140.715
66  20  137.058
66  21  132.893
66  22  127.919
66  23  121.494
66  24  111.727
66  25  81.4889
67  1  248.236
67  2  209.696
67  3  199.713
67  4  193.619
67  5  189.049
67  6  185.218
67  7  181.769
67  8  178.521
67  9  175.378
67  10  172.292
67  11  169.232
67  12  166.178
67  13  163.111
67  14  160.007
67  15  156.841
67  16  153.579
67  17  150.181
67  18  146.592
67  19  142.736
67  20  138.503
67  21  133.717
67  22  128.069
67  23  120.902
67  24  110.322
67  25  79.8876
68  1  251.027
68  2  214.461
68  3  205.677
68  4  200.78
68  5  197.356
68  6  194.498
68  7  191.756
68  8  188.906
68  9  185.856
68  10  182.591
68  11  179.126
68  12  175.482
68  13  171.678
68  14  167.717
68  15  163.593
68  16  159.285
68  17  154.759
68  18  149.959
68  19  144.806
68  20  139.179
68  21  132.883
68  22  125.577
68  23  116.553
68  24  103.811
68  25  70.9264
69  1  253.419
69  2  221.014
69  3  218.122
69  4  221.098
69  5  226.338
69  6  231.589
69  7  235.363
69  8  236.905
69  9  236.046
69  10  232.965
69  11  227.991
69  12  221.47
69  13  213.703
69  14  204.922
69  15  195.292
69  16  184.913
69  17  173.834
69  18  162.05
69  19  149.506
69  20  136.078
69  21  121.544
69  22  105.498
69  23  87.1072
69  24  64.1088
69  25  19.3076
70  1  250.18
70  2  221.433
70  3  221.993
70  4  228.777
70  5  237.717
70  6  246.116
70  7  252.257
70  8  255.369
70  9  255.384
70  10  252.613
70  11  247.499
70  12  240.469
70  13  231.87
70  14  221.957
70  15  210.895
70  16  198.771
70  17  185.601
70  18  171.337
70  19  155.857
70  20  138.953
70  21  120.28
70  22  99.2563
70  23  74.7714
70  24  44.0354
70  25  -11.7912
71  1  241.079
71  2  217.365
71  3  222.015
71  4  232.516
71  5  244.417
71  6  254.819
71  7  262.066
71  8  265.613
71  9  265.638
71  10  262.65
71  11  257.217
71  12  249.834
71  13  240.871
71  14  230.581
71  15  219.108
71  16  206.503
71  17  192.731
71  18  177.678
71  19  161.132
71  20  142.754
71  21  122.018
71  22  98.0497
71  23  69.2479
71  24  31.8424
71  25  -36.1977
72  1  243.566
72  2  222.672
72  3  227.879
72  4  237.835
72  5  248.4
72  6  257.063
72  7  262.564
72  8  264.642
72  9  263.622
72  10  260.04
72  11  254.427
72  12  247.21
72  13  238.689
72  14  229.05
72  15  218.375
72  16  206.661
72  17  193.819
72  18  179.672
72  19  163.929
72  20  146.142
72  21  125.603
72  22  101.126
72  23  70.4989
72  24  28.5399
72  25  -52.0421
73  1  246.486
73  2  228.146
73  3  233.233
73  4  241.872
73  5  250.436
73  6  256.904
73  7  260.403
73  8  260.901
73  9  258.799
73  10  254.611
73  11  248.804
73  12  241.727
73  13  233.612
73  14  224.586
73  15  214.685
73  16  203.868
73  17  192.012
73  18  178.907
73  19  164.221
73  20  147.436
73  21  127.727
73  22  103.659
73  23  72.459
73  24  27.3587
73  25  -66.2799
74  1  252.258
74  2  236.577
74  3  241.099
74  4  247.902
74  5  254.028
74  6  257.993
74  7  259.299
74  8  258.096
74  9  254.818
74  10  249.932
74  11  243.826
74  12  236.768
74  13  228.925
74  14  220.369
74  15  211.098
74  16  201.042
74  17  190.061
74  18  177.924
74  19  164.279
74  20  148.58
74  21  129.933
74  22  106.741
74  23  75.7657
74  24  28.636
74  25  -79.3029
75  1  258.003
75  2  244.716
75  3  248.488
75  4  253.496
75  5  257.407
75  6  259.187
75  7  258.621
75  8  255.978
75  9  251.698
75  10  246.196
75  11  239.788
75  12  232.678
75  13  224.978
75  14  216.72
75  15  207.874
75  16  198.351
75  17  187.998
75  18  176.58
75  19  163.742
75  20  148.929
75  21  131.227
75  22  108.971
75  23  78.6506
75  24  30.6968
75  25  -90.0517
76  1  263.88
76  2  252.896
76  3  255.764
76  4  258.969
76  5  260.761
76  6  260.499
76  7  258.203
76  8  254.234
76  9  249.023
76  10  242.93
76  11  236.206
76  12  228.997
76  13  221.366
76  14  213.311
76  15  204.78
76  16  195.663
76  17  185.806
76  18  174.966
76  19  162.794
76  20  148.74
76  21  131.891
76  22  110.564
76  23  81.1112
76  24  33.1107
76  25  -99.5661
77  1  269.73
77  2  260.861
77  3  262.735
77  4  264.202
77  5  264.016
77  6  261.874
77  7  257.995
77  8  252.81
77  9  246.735
77  10  240.08
77  11  233.036
77  12  225.695
77  13  218.079
77  14  210.157
77  15  201.851
77  16  193.046
77  17  183.572
77  18  173.192
77  19  161.559
77  20  148.137
77  21  132.025
77  22  111.55
77  23  83.0284
77  24  35.5237
77  25  -107.532
78  1  280.938
78  2  273.425
78  3  273.098
78  4  271.164
78  5  267.087
78  6  261.157
78  7  253.972
78  8  246.113
78  9  237.99
78  10  229.827
78  11  221.715
78  12  213.651
78  13  205.577
78  14  197.403
78  15  189.009
78  16  180.247
78  17  170.927
78  18  160.802
78  19  149.521
78  20  136.549
78  21  121.007
78  22  101.244
78  23  73.5893
78  24  26.8682
78  25  -124.454
79  1  285.78
79  2  279.85
79  3  278.414
79  4  274.818
79  5  268.909
79  6  261.252
79  7  252.616
79  8  243.632
79  9  234.692
79  10  225.973
79  11  217.512
79  12  209.259
79  13  201.122
79  14  192.982
79  15  184.701
79  16  176.119
79  17  167.041
79  18  157.218
79  19  146.304
79  20  133.777
79  21  118.777
79  22  99.6905
79  23  72.8984
79  24  27.178
79  25  -130.785
80  1  277.245
80  2  273.46
80  3  272.956
80  4  270.82
80  5  266.719
80  6  260.958
80  7  254.104
80  8  246.686
80  9  239.069
80  10  231.45
80  11  223.899
80  12  216.406
80  13  208.914
80  14  201.333
80  15  193.552
80  16  185.431
80  17  176.795
80  18  167.41
80  19  156.95
80  20  144.915
80  21  130.473
80  22  112.059
80  23  86.133
80  24  41.5623
80  25  -121.316
81  1  282.729
81  2  280.036
81  3  278.64
81  4  275.267
81  5  269.825
81  6  262.812
81  7  254.908
81  8  246.681
81  9  238.48
81  10  230.465
81  11  222.667
81  12  215.044
81  13  207.512
81  14  199.963
81  15  192.271
81  16  184.288
81  17  175.836
81  18  166.681
81  19  156.501
81  20  144.806
81  21  130.788
81  22  112.918
81  23  87.7407
81  24  44.2882
81  25  -121.52
82  1  288.683
82  2  286.898
82  3  284.572
82  4  279.938
82  5  273.132
82  6  264.845
82  7  255.875
82  8  246.824
82  9  238.025
82  10  229.603
82  11  221.55
82  12  213.789
82  13  206.21
82  14  198.685
82  15  191.074
82  16  183.223
82  17  174.948
82  18  166.016
82  19  156.11
82  20  144.75
82  21  131.15
82  22  113.823
82  23  89.4094
82  24  47.1794
82  25  -120.049
83  1  294.305
83  2  293.114
83  3  289.948
83  4  284.192
83  5  276.17
83  6  266.748
83  7  256.825
83  8  247.036
83  9  237.7
83  10  228.91
83  11  220.623
83  12  212.731
83  13  205.101
83  14  197.589
83  15  190.043
83  16  182.3
83  17  174.173
83  18  165.43
83  19  155.755
83  20  144.682
83  21  131.439
83  22  114.583
83  23  90.8394
83  24  49.7367
83  25  -117.351
84  1  299.929
84  2  299.105
84  3  295.134
84  4  288.308
84  5  279.127
84  6  268.619
84  7  257.786
84  8  247.288
84  9  237.436
84  10  228.289
84  11  219.772
84  12  211.75
84  13  204.065
84  14  196.559
84  15  189.067
84  16  181.419
84  17  173.426
84  18  164.854
84  19  155.391
84  20  144.58
84  21  131.668
84  22  115.248
84  23  92.1326
84  24  52.1216
84  25  -113.645
85  1  305.991
85  2  305.345
85  3  300.54
85  4  292.609
85  5  282.228
85  6  270.597
85  7  258.817
85  8  247.584
85  9  237.192
85  10  227.67
85  11  218.91
85  12  210.746
85  13  203.
85  14  195.492
85  15  188.05
85  16  180.495
85  17  172.633
85  18  164.23
85  19  154.979
85  20  144.431
85  21  131.851
85  22  115.87
85  23  93.394
85  24  54.5195
85  25  -108.77
86  1  312.025
86  2  311.371
86  3  305.765
86  4  296.773
86  5  285.237
86  6  272.523
86  7  259.832
86  8  247.887
86  9  236.971
86  10  227.085
86  11  218.087
86  12  209.782
86  13  201.971
86  14  194.458
86  15  187.058
86  16  179.587
86  17  171.845
86  18  163.599
86  19  154.545
86  20  144.242
86  21  131.973
86  22  116.407
86  23  94.536
86  24  56.7563
86  25  -103.223
87  1  318.073
87  2  317.262
87  3  310.875
87  4  300.849
87  5  288.187
87  6  274.416
87  7  260.832
87  8  248.19
87  9  236.761
87  10  226.515
87  11  217.28
87  12  208.834
87  13  200.955
87  14  193.433
87  15  186.071
87  16  178.676
87  17  171.048
87  18  162.951
87  19  154.084
87  20  144.015
87  21  132.044
87  22  116.875
87  23  95.5871
87  24  58.8742
87  25  -97.1384
88  1  323.584
88  2  322.523
88  3  315.442
88  4  304.493
88  5  290.826
88  6  276.109
88  7  261.726
88  8  248.46
88  9  236.569
88  10  226.
88  11  216.551
88  12  207.976
88  13  200.034
88  14  192.501
88  15  185.169
88  16  177.841
88  17  170.31
88  18  162.343
88  19  153.641
88  20  143.777
88  21  132.068
88  22  117.248
88  23  96.4761
88  24  60.7139
88  25  -91.2529
89  1  329.457
89  2  328.041
89  3  320.233
89  4  308.318
89  5  293.595
89  6  277.885
89  7  262.662
89  8  248.737
89  9  236.361
89  10  225.449
89  11  215.773
89  12  207.06
89  13  199.05
89  14  191.502
89  15  184.2
89  16  176.939
89  17  169.509
89  18  161.675
89  19  153.142
89  20  143.491
89  21  132.054
89  22  117.597
89  23  97.3617
89  24  62.5949
89  25  -84.7146
90  1  335.301
90  2  333.46
90  3  324.939
90  4  312.073
90  5  296.312
90  6  279.624
90  7  263.573
90  8  249.
90  9  236.143
90  10  224.893
90  11  214.991
90  12  206.14
90  13  198.06
90  14  190.496
90  15  183.222
90  16  176.024
90  17  168.691
90  18  160.987
90  19  152.618
90  20  143.174
90  21  132.001
90  22  117.899
90  23  98.1876
90  24  64.3968
90  25  -78.0096
91  1  340.964
91  2  338.659
91  3  329.453
91  4  315.675
91  5  298.915
91  6  281.286
91  7  264.438
91  8  249.239
91  9  235.919
91  10  224.341
91  11  214.22
91  12  205.236
91  13  197.087
91  14  189.506
91  15  182.256
91  16  175.118
91  17  167.876
91  18  160.295
91  19  152.083
91  20  142.836
91  21  131.915
91  22  118.152
91  23  98.9413
91  24  66.0859
91  25  -71.3764
92  1  346.481
92  2  343.683
92  3  333.816
92  4  319.155
92  5  301.427
92  6  282.884
92  7  265.263
92  8  249.457
92  9  235.685
92  10  223.788
92  11  213.454
92  12  204.338
92  13  196.121
92  14  188.522
92  15  181.294
92  16  174.213
92  17  167.059
92  18  159.595
92  19  151.533
92  20  142.476
92  21  131.799
92  22  118.361
92  23  99.6348
92  24  67.6833
92  25  -64.8265
93  1  352.011
93  2  348.691
93  3  338.164
93  4  322.619
93  5  303.923
93  6  284.467
93  7  266.072
93  8  249.657
93  9  235.433
93  10  223.216
93  11  212.667
93  12  203.418
93  13  195.132
93  14  187.514
93  15  180.307
93  16  173.282
93  17  166.214
93  18  158.867
93  19  150.954
93  20  142.086
93  21  131.65
93  22  118.537
93  23  100.292
93  24  69.242
93  25  -58.203
94  1  357.095
94  2  353.274
94  3  342.142
94  4  325.787
94  5  306.201
94  6  285.906
94  7  266.798
94  8  249.823
94  9  235.183
94  10  222.672
94  11  211.924
94  12  202.552
94  13  194.202
94  14  186.565
94  15  179.378
94  16  172.402
94  17  165.413
94  18  158.172
94  19  150.396
94  20  141.699
94  21  131.485
94  22  118.669
94  23  100.865
94  24  70.6392
94  25  -52.0852
95  1  362.396
95  2  358.035
95  3  346.274
95  4  329.074
95  5  308.561
95  6  287.39
95  7  267.539
95  8  249.979
95  9  234.903
95  10  222.083
95  11  211.128
95  12  201.628
95  13  193.209
95  14  185.552
95  15  178.383
95  16  171.459
95  17  164.551
95  18  157.42
95  19  149.786
95  20  141.268
95  21  131.283
95  22  118.777
95  23  101.43
95  24  72.0616
95  25  -45.6934
96  1  367.704
96  2  362.792
96  3  350.4
96  4  332.353
96  5  310.909
96  6  288.859
96  7  268.262
96  8  250.114
96  9  234.602
96  10  221.471
96  11  210.307
96  12  200.676
96  13  192.188
96  14  184.511
96  15  177.36
96  16  170.487
96  17  163.66
96  18  156.639
96  19  149.145
96  20  140.806
96  21  131.051
96  22  118.853
96  23  101.965
96  24  73.4524
96  25  -39.2934
97  1  373.256
97  2  367.757
97  3  354.705
97  4  335.77
97  5  313.351
97  6  290.378
97  7  268.998
97  8  250.234
97  9  234.261
97  10  220.804
97  11  209.42
97  12  199.651
97  13  191.091
97  14  183.391
97  15  176.258
97  16  169.438
97  17  162.695
97  18  155.788
97  19  148.442
97  20  140.29
97  21  130.775
97  22  118.9
97  23  102.49
97  24  74.8717
97  25  -32.612
98  1  378.133
98  2  372.112
98  3  358.48
98  4  338.762
98  5  315.484
98  6  291.698
98  7  269.627
98  8  250.318
98  9  233.941
98  10  220.195
98  11  208.616
98  12  198.726
98  13  190.1
98  14  182.38
98  15  175.262
98  16  168.489
98  17  161.819
98  18  155.013
98  19  147.796
98  20  139.809
98  21  130.504
98  22  118.912
98  23  102.923
98  24  76.0887
98  25  -26.7641
99  1  383.551
99  2  376.946
99  3  362.667
99  4  342.077
99  5  317.84
99  6  293.147
99  7  270.305
99  8  250.389
99  9  233.559
99  10  219.491
99  11  207.693
99  12  197.667
99  13  188.968
99  14  181.225
99  15  174.124
99  16  167.401
99  17  160.813
99  18  154.119
99  19  147.046
99  20  139.241
99  21  130.171
99  22  118.895
99  23  103.372
99  24  77.4084
99  25  -20.2969
100  1  388.908
100  2  381.721
100  3  366.801
100  4  345.346
100  5  320.156
100  6  294.563
100  7  270.955
100  8  250.435
100  9  233.153
100  10  218.765
100  11  206.75
100  12  196.588
100  13  187.816
100  14  180.049
100  15  172.965
100  16  166.292
100  17  159.785
100  18  153.201
100  19  146.27
100  20  138.645
100  21  129.807
100  22  118.843
100  23  103.783
100  24  78.679
100  25  -13.9431
101  1  394.229
101  2  386.461
101  3  370.902
101  4  348.584
101  5  322.444
101  6  295.951
101  7  271.578
101  8  250.454
101  9  232.723
101  10  218.013
101  11  205.782
101  12  195.483
101  13  186.637
101  14  178.846
101  15  171.778
101  16  165.154
101  17  158.727
101  18  152.253
101  19  145.464
101  20  138.019
101  21  129.412
101  22  118.759
101  23  104.157
101  24  79.907
101  25  -7.67819
102  1  399.955
102  2  391.561
102  3  375.311
102  4  352.059
102  5  324.891
102  6  297.424
102  7  272.223
102  8  250.446
102  9  232.226
102  10  217.169
102  11  204.702
102  12  194.255
102  13  185.33
102  14  177.511
102  15  170.46
102  16  163.89
102  17  157.548
102  18  151.192
102  19  144.556
102  20  137.305
102  21  128.947
102  22  118.629
102  23  104.522
102  24  81.1895
102  25  -0.994011
103  1  405.418
103  2  396.426
103  3  379.514
103  4  355.366
103  5  327.211
103  6  298.81
103  7  272.813
103  8  250.408
103  9  231.72
103  10  216.328
103  11  203.635
103  12  193.045
103  13  184.042
103  14  176.198
103  15  169.162
103  16  162.642
103  17  156.383
103  18  150.14
103  19  143.649
103  20  136.584
103  21  128.465
103  22  118.466
103  23  104.833
103  24  82.375
103  25  5.32187
104  1  410.635
104  2  401.071
104  3  383.524
104  4  358.516
104  5  329.413
104  6  300.114
104  7  273.353
104  8  250.345
104  9  231.205
104  10  215.492
104  11  202.58
104  12  191.853
104  13  182.776
104  14  174.906
104  15  167.884
104  16  161.413
104  17  155.232
104  18  149.097
104  19  142.747
104  20  135.859
104  21  127.968
104  22  118.276
104  23  105.094
104  24  83.4708
104  25  11.2911
105  1  416.164
105  2  405.994
105  3  387.77
105  4  361.846
105  5  331.732
105  6  301.475
105  7  273.899
105  8  250.247
105  9  230.626
105  10  214.569
105  11  201.424
105  12  190.55
105  13  181.392
105  14  173.494
105  15  166.488
105  16  160.068
105  17  153.971
105  18  147.951
105  19  141.748
105  20  135.049
105  21  127.401
105  22  118.035
105  23  105.333
105  24  84.5931
105  25  17.5481
106  1  421.592
106  2  410.828
106  3  391.936
106  4  365.106
106  5  333.994
106  6  302.79
106  7  274.408
106  8  250.119
106  9  230.022
106  10  213.625
106  11  200.249
106  12  189.229
106  13  179.992
106  14  172.066
106  15  165.074
106  16  158.704
106  17  152.689
106  18  146.782
106  19  140.726
106  20  134.213
106  21  126.804
106  22  117.758
106  23  105.528
106  24  85.6543
106  25  23.6163
107  1  427.34
107  2  415.947
107  3  396.345
107  4  368.549
107  5  336.372
107  6  304.159
107  7  274.917
107  8  249.948
107  9  229.343
107  10  212.584
107  11  198.961
107  12  187.785
107  13  178.462
107  14  170.507
107  15  163.53
107  16  157.212
107  17  151.284
107  18  145.497
107  19  139.597
107  20  133.281
107  21  126.126
107  22  117.42
107  23  105.69
107  24  86.7333
107  25  29.9568
108  1  433.13
108  2  421.105
108  3  400.782
108  4  372.008
108  5  338.751
108  6  305.513
108  7  275.397
108  8  249.739
108  9  228.618
108  10  211.489
108  11  197.615
108  12  186.281
108  13  176.871
108  14  168.885
108  15  161.923
108  16  155.659
108  17  149.818
108  18  144.152
108  19  138.409
108  20  132.294
108  21  125.395
108  22  117.033
108  23  105.807
108  24  87.7724
108  25  36.2517
109  1  439.055
109  2  426.385
109  3  405.32
109  4  375.536
109  5  341.165
109  6  306.871
109  7  275.854
109  8  249.484
109  9  227.83
109  10  210.32
109  11  196.188
109  12  184.688
109  13  175.188
109  14  167.17
109  15  160.223
109  16  154.013
109  17  148.263
109  18  142.722
109  19  137.14
109  20  131.229
109  21  124.595
109  22  116.585
109  23  105.876
109  24  88.7839
109  25  42.5929
110  1  444.726
110  2  431.439
110  3  409.659
110  4  378.903
110  5  343.458
110  6  308.144
110  7  276.259
110  8  249.202
110  9  227.034
110  10  209.156
110  11  194.773
110  12  183.115
110  13  173.527
110  14  165.478
110  15  158.544
110  16  152.387
110  17  146.723
110  18  141.301
110  19  135.875
110  20  130.161
110  21  123.78
110  22  116.109
110  23  105.895
110  24  89.7032
110  25  48.5632
111  1  450.601
111  2  436.676
111  3  414.151
111  4  382.38
111  5  345.813
111  6  309.435
111  7  276.643
111  8  248.868
111  9  226.162
111  10  207.9
111  11  193.254
111  12  181.43
111  13  171.75
111  14  163.668
111  15  156.748
111  16  150.645
111  17  145.071
111  18  139.773
111  19  134.508
111  20  129.
111  21  122.881
111  22  115.562
111  23  105.863
111  24  90.6024
111  25  54.6431
112  1  456.887
112  2  442.282
112  3  418.954
112  4  386.087
112  5  348.31
112  6  310.784
112  7  277.012
112  8  248.462
112  9  225.175
112  10  206.498
112  11  191.569
112  12  179.565
112  13  169.786
112  14  161.667
112  15  154.762
112  16  148.716
112  17  143.238
112  18  138.075
112  19  132.983
112  20  127.695
112  21  121.859
112  22  114.918
112  23  105.769
112  24  91.504
112  25  61.0267
113  1  462.492
113  2  447.282
113  3  423.232
113  4  389.381
113  5  350.516
113  6  311.957
113  7  277.304
113  8  248.057
113  9  224.247
113  10  205.196
113  11  190.012
113  12  177.846
113  13  167.977
113  14  159.825
113  15  152.933
113  16  146.938
113  17  141.546
113  18  136.502
113  19  131.566
113  20  126.475
113  21  120.892
113  22  114.289
113  23  105.632
113  24  92.253
113  25  66.6095
114  1  468.395
114  2  452.55
114  3  427.735
114  4  392.839
114  5  352.819
114  6  313.162
114  7  277.573
114  8  247.585
114  9  223.221
114  10  203.772
114  11  188.317
114  12  175.978
114  13  166.013
114  14  157.825
114  15  150.946
114  16  145.006
114  17  139.705
114  18  134.787
114  19  130.015
114  20  125.133
114  21  119.818
114  22  113.57
114  23  105.433
114  24  92.9858
114  25  72.3761
115  1  474.546
115  2  458.041
115  3  432.423
115  4  396.429
115  5  355.194
115  6  314.385
115  7  277.811
115  8  247.044
115  9  222.095
115  10  202.228
115  11  186.487
115  12  173.966
115  13  163.9
115  14  155.674
115  15  148.808
115  16  142.925
115  17  137.718
115  18  132.933
115  19  128.333
115  20  123.669
115  21  118.634
115  22  112.759
115  23  105.165
115  24  93.6865
115  25  78.2591
116  1  480.966
116  2  463.774
116  3  437.31
116  4  400.16
116  5  357.646
116  6  315.622
116  7  278.011
116  8  246.422
116  9  220.858
116  10  200.549
116  11  184.507
116  12  171.794
116  13  161.621
116  14  153.355
116  15  146.502
116  16  140.677
116  17  135.571
116  18  130.924
116  19  126.504
116  20  122.069
116  21  117.327
116  22  111.843
116  23  104.815
116  24  94.3477
116  25  84.2594
117  1  486.663
117  2  468.864
117  3  441.643
117  4  403.458
117  5  359.799
117  6  316.686
117  7  278.147
117  8  245.822
117  9  219.706
117  10  199.001
117  11  182.689
117  12  169.803
117  13  159.533
117  14  151.23
117  15  144.39
117  16  138.617
117  17  133.599
117  18  129.076
117  19  124.816
117  20  120.585
117  21  116.105
117  22  110.969
117  23  104.445
117  24  94.8732
117  25  89.4639
118  1  492.755
118  2  474.308
118  3  446.273
118  4  406.97
118  5  362.076
118  6  317.789
118  7  278.246
118  8  245.127
118  9  218.415
118  10  197.283
118  11  180.678
118  12  167.606
118  13  157.232
118  14  148.889
118  15  142.061
118  16  136.344
118  17  131.42
118  18  127.03
118  19  122.942
118  20  118.931
118  21  114.732
118  22  109.969
118  23  103.985
118  24  95.3702
118  25  94.9025
119  1  498.984
119  2  479.875
119  3  451.
119  4  410.546
119  5  364.376
119  6  318.877
119  7  278.299
119  8  244.36
119  9  217.032
119  10  195.459
119  11  178.552
119  12  165.287
119  13  154.804
119  14  146.419
119  15  139.603
119  16  133.943
119  17  129.117
119  18  124.863
119  19  120.952
119  20  117.166
119  21  113.255
119  22  108.876
119  23  103.445
119  24  95.8077
119  25  100.326
120  1  504.894
120  2  485.161
120  3  455.481
120  4  413.924
120  5  366.533
120  6  319.871
120  7  278.302
120  8  243.576
120  9  215.659
120  10  193.662
120  11  176.465
120  12  163.014
120  13  152.427
120  14  144.002
120  15  137.196
120  16  131.591
120  17  126.858
120  18  122.733
120  19  118.992
120  20  115.421
120  21  111.784
120  22  107.77
120  23  102.865
120  24  96.1552
120  25  105.344
121  1  511.176
121  2  490.78
121  3  460.238
121  4  417.497
121  5  368.795
121  6  320.887
121  7  278.252
121  8  242.683
121  9  214.131
121  10  191.679
121  11  174.171
121  12  160.521
121  13  149.821
121  14  141.353
121  15  134.558
121  16  129.01
121  17  124.376
121  18  120.39
121  19  116.829
121  20  113.487
121  21  110.145
121  22  106.52
121  23  102.176
121  24  96.4504
121  25  110.54
122  1  517.551
122  2  496.484
122  3  465.059
122  4  421.105
122  5  371.06
122  6  321.875
122  7  278.149
122  8  241.714
122  9  212.513
122  10  189.594
122  11  171.766
122  12  157.911
122  13  147.096
122  14  138.581
122  15  131.798
122  16  126.308
122  17  121.775
122  18  117.93
122  19  114.554
122  20  111.445
122  21  108.402
122  22  105.174
122  23  101.401
122  24  96.6743
122  25  115.669
123  1  524.154
123  2  502.393
123  3  470.045
123  4  424.823
123  5  373.371
123  6  322.848
123  7  277.979
123  8  240.638
123  9  210.756
123  10  187.348
123  11  169.185
123  12  155.115
123  13  144.178
123  14  135.615
123  15  128.842
123  16  123.413
123  17  118.985
123  18  115.287
123  19  112.102
123  20  109.238
123  21  106.506
123  22  103.691
123  23  100.511
123  24  96.8189
123  25  120.826
124  1  530.876
124  2  508.411
124  3  475.114
124  4  428.586
124  5  375.687
124  6  323.788
124  7  277.741
124  8  239.467
124  9  208.883
124  10  184.972
124  11  166.463
124  12  152.171
124  13  141.109
124  14  132.496
124  15  125.734
124  16  120.366
124  17  116.044
124  18  112.497
124  19  109.508
124  20  106.893
124  21  104.481
124  22  102.088
124  23  99.5139
124  24  96.8757
124  25  125.916
125  1  538.186
125  2  514.957
125  3  480.617
125  4  432.653
125  5  378.162
125  6  324.748
125  7  277.406
125  8  238.104
125  9  206.749
125  10  182.282
125  11  163.393
125  12  148.856
125  13  137.654
125  14  128.985
125  15  122.234
125  16  116.934
125  17  112.728
125  18  109.346
125  19  106.572
125  20  104.23
125  21  102.166
125  22  100.235
125  23  98.3229
125  24  96.8314
125  25  131.268
126  1  546.028
126  2  521.981
126  3  486.508
126  4  436.985
126  5  380.765
126  6  325.704
126  7  276.955
126  8  236.537
126  9  204.342
126  10  179.272
126  11  159.968
126  12  145.165
126  13  133.811
126  14  125.081
126  15  118.341
126  16  113.112
126  17  109.032
126  18  105.828
126  19  103.285
126  20  101.239
126  21  99.5514
126  22  98.1182
126  23  96.9189
126  24  96.6589
126  25  136.797
127  1  554.271
127  2  529.364
127  3  492.687
127  4  441.502
127  5  383.44
127  6  326.625
127  7  276.377
127  8  234.768
127  9  201.678
127  10  175.964
127  11  156.218
127  12  141.13
127  13  129.614
127  14  120.816
127  15  114.087
127  16  108.934
127  17  104.987
127  18  101.97
127  19  99.6737
127  20  97.9388
127  21  96.6506
127  22  95.7446
127  23  95.298
127  24  96.3347
127  25  142.374
128  1  564.327
128  2  538.372
128  3  500.205
128  4  446.962
128  5  386.617
128  6  327.628
128  7  275.52
128  8  232.435
128  9  198.235
128  10  171.722
128  11  151.427
128  12  135.984
128  13  124.266
128  14  115.385
128  15  108.667
128  16  103.606
128  17  99.8226
128  18  97.0367
128  19  95.0417
128  20  93.6913
128  21  92.8937
128  22  92.6358
128  23  93.1136
128  24  95.7362
128  25  148.857
129  1  577.724
129  2  550.374
129  3  510.182
129  4  454.143
129  5  390.693
129  6  328.749
129  7  274.111
129  8  229.018
129  9  193.307
129  10  165.706
129  11  144.662
129  12  128.736
129  13  116.739
129  14  107.742
129  15  101.039
129  16  96.0997
129  17  92.5354
129  18  90.0604
129  19  88.4722
129  20  87.6391
129  21  87.5027
129  22  88.1168
129  23  89.8369
129  24  94.5814
129  25  156.952
130  1  770.976
130  2  617.652
130  3  565.183
130  4  492.129
130  5  409.77
130  6  329.801
130  7  259.726
130  8  202.362
130  9  157.404
130  10  123.131
130  11  97.479
130  12  78.5593
130  13  64.8221
130  14  55.0662
130  15  48.3916
130  16  44.1398
130  17  41.8432
130  18  41.1868
130  19  41.9895
130  20  44.2048
130  21  47.961
130  22  53.7018
130  23  62.6873
130  24  79.6901
130  25  191.421
