1  1  6.66009
1  2  -2.07933
1  3  -5.53596
1  4  -7.74693
1  5  -9.38601
1  6  -10.6885
1  7  -11.7618
1  8  -12.6624
1  9  -13.4224
1  10  -14.0614
1  11  -14.5929
1  12  -15.0292
1  13  -15.385
1  14  -15.6813
1  15  -15.9486
1  16  -16.2295
1  17  -16.5793
1  18  -17.0648
1  19  -17.7622
1  20  -18.7566
1  21  -20.1516
1  22  -22.1004
1  23  -24.9052
1  24  -29.4056
1  25  -39.7497
2  1  4.01768
2  2  -4.47371
2  3  -7.7009
2  4  -9.7647
2  5  -11.3031
2  6  -12.5373
2  7  -13.568
2  8  -14.4477
2  9  -15.2048
2  10  -15.8547
2  11  -16.4041
2  12  -16.8546
2  13  -17.2049
2  14  -17.454
2  15  -17.6044
2  16  -17.6685
2  17  -17.6764
2  18  -17.6844
2  19  -17.7835
2  20  -18.1036
2  21  -18.8142
2  22  -20.1341
2  23  -22.3974
2  24  -26.3789
2  25  -35.1052
3  1  2.08041
3  2  -6.39289
3  3  -9.45743
3  4  -11.4166
3  5  -12.8878
3  6  -14.0835
3  7  -15.1007
3  8  -15.9908
3  9  -16.7821
3  10  -17.4902
3  11  -18.1219
3  12  -18.6773
3  13  -19.1507
3  14  -19.5313
3  15  -19.8042
3  16  -19.9523
3  17  -19.9614
3  18  -19.8286
3  19  -19.5766
3  20  -19.2699
3  21  -19.0308
3  22  -19.0464
3  23  -19.5837
3  24  -21.1092
3  25  -24.9531
4  1  1.16664
4  2  -7.46267
4  3  -10.4593
4  4  -12.376
4  5  -13.8265
4  6  -15.0215
4  7  -16.0582
4  8  -16.9892
4  9  -17.8456
4  10  -18.6463
4  11  -19.4024
4  12  -20.1192
4  13  -20.7965
4  14  -21.4289
4  15  -22.0058
4  16  -22.5111
4  17  -22.9254
4  18  -23.2295
4  19  -23.4121
4  20  -23.4803
4  21  -23.4712
4  22  -23.461
4  23  -23.5781
4  24  -24.0721
4  25  -26.5553
5  1  0.690323
5  2  -8.33422
5  3  -11.3154
5  4  -13.2251
5  5  -14.688
5  6  -15.9179
5  7  -17.0153
5  8  -18.0368
5  9  -19.0183
5  10  -19.984
5  11  -20.9513
5  12  -21.9312
5  13  -22.9291
5  14  -23.9437
5  15  -24.9653
5  16  -25.9755
5  17  -26.9469
5  18  -27.8467
5  19  -28.643
5  20  -29.315
5  21  -29.8637
5  22  -30.3246
5  23  -30.7903
5  24  -31.5201
5  25  -35.5324
6  1  1.01319
6  2  -8.75412
6  3  -11.8136
6  4  -13.7792
6  5  -15.3088
6  6  -16.6274
6  7  -17.8427
6  8  -19.0173
6  9  -20.1922
6  10  -21.396
6  11  -22.6478
6  12  -23.9579
6  13  -25.3266
6  14  -26.7428
6  15  -28.1832
6  16  -29.6142
6  17  -30.9953
6  18  -32.2868
6  19  -33.4589
6  20  -34.5011
6  21  -35.4309
6  22  -36.306
6  23  -37.2602
6  24  -38.6864
6  25  -45.1132
7  1  2.32777
7  2  -8.54181
7  3  -11.7958
7  4  -13.8935
7  5  -15.551
7  6  -17.0126
7  7  -18.3964
7  8  -19.7713
7  9  -21.1817
7  10  -22.6555
7  11  -24.2071
7  12  -25.8372
7  13  -27.5321
7  14  -29.2646
7  15  -30.9966
7  16  -32.6849
7  17  -34.2889
7  18  -35.7787
7  19  -37.1423
7  20  -38.3916
7  21  -39.5684
7  22  -40.7593
7  23  -42.1468
7  24  -44.2651
7  25  -52.9432
8  1  5.00116
8  2  -7.52792
8  3  -11.1448
8  4  -13.4838
8  5  -15.3547
8  6  -17.0333
8  7  -18.6521
8  8  -20.2867
8  9  -21.9822
8  10  -23.7619
8  11  -25.6302
8  12  -27.5734
8  13  -29.5626
8  14  -31.5572
8  15  -33.5121
8  16  -35.3858
8  17  -37.1479
8  18  -38.7854
8  19  -40.3064
8  20  -41.7433
8  21  -43.1593
8  22  -44.668
8  23  -46.5026
8  24  -49.3489
8  25  -60.3927
9  1  8.36494
9  2  -5.9809
9  3  -10.0429
9  4  -12.6729
9  5  -14.7881
9  6  -16.699
9  7  -18.5535
9  8  -20.4332
9  9  -22.383
9  10  -24.4213
9  11  -26.5435
9  12  -28.7258
9  13  -30.9301
9  14  -33.1108
9  15  -35.2234
9  16  -37.2328
9  17  -39.1196
9  18  -40.8841
9  19  -42.5479
9  20  -44.157
9  21  -45.7895
9  22  -47.5807
9  23  -49.8085
9  24  -53.2917
9  25  -66.4315
10  1  11.6403
10  2  -4.35692
10  3  -8.84865
10  4  -11.7569
10  5  -14.0981
10  6  -16.2151
10  7  -18.2695
10  8  -20.3485
10  9  -22.4974
10  10  -24.7312
10  11  -27.0403
10  12  -29.3953
10  13  -31.7539
10  14  -34.0698
10  15  -36.3012
10  16  -38.4189
10  17  -40.4115
10  18  -42.2875
10  19  -44.0775
10  20  -45.8361
10  21  -47.6524
10  22  -49.6789
10  23  -52.2296
10  24  -56.2327
10  25  -71.0991
11  1  14.4275
11  2  -2.92373
11  3  -7.77993
11  4  -10.9227
11  5  -13.4509
11  6  -15.7339
11  7  -17.945
11  8  -20.176
11  9  -22.4733
11  10  -24.8502
11  11  -27.2943
11  12  -29.7735
11  13  -32.2442
11  14  -34.6602
11  15  -36.9826
11  16  -39.1865
11  17  -41.2656
11  18  -43.2341
11  19  -45.128
11  20  -47.0083
11  21  -48.9719
11  22  -51.1845
11  23  -53.9884
11  24  -58.3978
11  25  -74.6194
12  1  17.1105
12  2  -1.51439
12  3  -6.72078
12  4  -10.0881
12  5  -12.793
12  6  -15.2305
12  7  -17.5846
12  8  -19.952
12  9  -22.3803
12  10  -24.8822
12  11  -27.4437
12  12  -30.0312
12  13  -32.6003
12  14  -35.1061
12  15  -37.5121
12  16  -39.7969
12  17  -41.9584
12  18  -44.0153
12  19  -46.0082
12  20  -48.0031
12  21  -50.1041
12  22  -52.4891
12  23  -55.5264
12  24  -60.309
12  25  -77.7785
13  1  19.4308
13  2  -0.278133
13  3  -5.78701
13  4  -9.34774
13  5  -12.2038
13  6  -14.7717
13  7  -17.245
13  8  -19.7247
13  9  -22.2598
13  10  -24.8629
13  11  -27.5193
13  12  -30.1944
13  13  -32.8441
13  14  -35.4245
13  15  -37.901
13  16  -40.255
13  17  -42.4878
13  18  -44.6212
13  19  -46.6992
13  20  -48.7922
13  21  -51.01
13  22  -53.5407
13  23  -56.7747
13  24  -61.8709
13  25  -80.3906
14  1  21.6467
14  2  0.914225
14  3  -4.88328
14  4  -8.62827
14  5  -11.6274
14  6  -14.3179
14  7  -16.9022
14  8  -19.4854
14  9  -22.1183
14  10  -24.8137
14  11  -27.5564
14  12  -30.3118
14  13  -33.0358
14  14  -35.6856
14  15  -38.2286
14  16  -40.6487
14  17  -42.9496
14  18  -45.1562
14  19  -47.3156
14  20  -49.5017
14  21  -51.8299
14  22  -54.4979
14  23  -57.9165
14  24  -63.307
14  25  -82.8121
15  1  23.7778
15  2  2.06964
15  3  -4.00525
15  4  -7.92711
15  5  -11.063
15  6  -13.8698
15  7  -16.5587
15  8  -19.2389
15  9  -21.9629
15  10  -24.7441
15  11  -27.567
15  12  -30.3971
15  13  -33.1909
15  14  -35.9065
15  15  -38.513
15  16  -40.9966
15  17  -43.3633
15  18  -45.6404
15  19  -47.878
15  20  -50.1534
15  21  -52.5871
15  22  -55.3859
15  23  -58.9802
15  24  -64.6501
15  25  -85.0912
16  1  25.8854
16  2  3.21918
16  3  -3.12987
16  4  -7.2264
16  5  -10.4968
16  6  -13.4176
16  7  -16.2084
16  8  -18.9826
16  9  -21.7944
16  10  -24.6581
16  11  -27.5583
16  12  -30.4606
16  13  -33.322
16  14  -36.102
16  15  -38.7712
16  16  -41.3176
16  17  -43.7495
16  18  -46.0967
16  19  -48.4117
16  20  -50.7753
16  21  -53.3129
16  22  -56.2402
16  23  -60.0067
16  24  -65.9505
16  25  -87.3089
17  1  27.7584
17  2  4.24553
17  3  -2.34705
17  4  -6.59862
17  5  -9.98821
17  6  -13.0095
17  7  -15.8897
17  8  -18.746
17  9  -21.6345
17  10  -24.5699
17  11  -27.5374
17  12  -30.5028
17  13  -33.4237
17  14  -36.2605
17  15  -38.9852
17  16  -41.5875
17  17  -44.0777
17  18  -46.4873
17  19  -48.8712
17  20  -51.3131
17  21  -53.9428
17  22  -56.9837
17  23  -60.9025
17  24  -67.0881
17  25  -89.2561
18  1  29.7212
18  2  5.32514
18  3  -1.52256
18  4  -5.93647
18  5  -9.45054
18  6  -12.5765
18  7  -15.5496
18  8  -18.4909
18  9  -21.4584
18  10  -24.4679
18  11  -27.5048
18  12  -30.5354
18  13  -33.518
18  14  -36.4139
18  15  -39.1968
18  16  -41.8579
18  17  -44.4093
18  18  -46.8845
18  19  -49.3407
18  20  -51.8646
18  21  -54.5907
18  22  -57.7503
18  23  -61.8279
18  24  -68.2657
18  25  -91.2778
19  1  31.5392
19  2  6.32821
19  3  -0.755705
19  4  -5.31986
19  5  -8.94896
19  6  -12.1714
19  7  -15.2298
19  8  -18.249
19  9  -21.2889
19  10  -24.366
19  11  -27.4664
19  12  -30.5568
19  13  -33.5961
19  14  -36.5467
19  15  -39.3834
19  16  -42.099
19  17  -44.7073
19  18  -47.2434
19  19  -49.7667
19  20  -52.3665
19  21  -55.1817
19  22  -58.451
19  23  -62.6752
19  24  -69.3456
19  25  -93.1363
20  1  33.1415
20  2  7.21442
20  3  -0.0776433
20  4  -4.77416
20  5  -8.50445
20  6  -11.8116
20  7  -14.9448
20  8  -18.0321
20  9  -21.1351
20  10  -24.2713
20  11  -27.4271
20  12  -30.5697
20  13  -33.6587
20  14  -36.6574
20  15  -39.5415
20  16  -42.3054
20  17  -44.9638
20  18  -47.5537
20  19  -50.1362
20  20  -52.803
20  21  -55.6966
20  22  -59.0625
20  23  -63.4156
20  24  -70.2904
20  25  -94.7653
21  1  34.7452
21  2  8.10307
21  3  0.602728
21  4  -4.2262
21  5  -8.05763
21  6  -11.4493
21  7  -14.657
21  8  -17.8121
21  9  -20.9778
21  10  -24.1725
21  11  -27.3834
21  12  -30.578
21  13  -33.7165
21  14  -36.7632
21  15  -39.6949
21  16  -42.5069
21  17  -45.2157
21  18  -47.8596
21  19  -50.5013
21  20  -53.2352
21  21  -56.2072
21  22  -59.6695
21  23  -64.1514
21  24  -71.2305
21  25  -96.3882
22  1  36.2543
22  2  8.94071
22  3  1.24439
22  4  -3.70911
22  5  -7.6356
22  6  -11.1066
22  7  -14.3842
22  8  -17.6026
22  9  -20.827
22  10  -24.0765
22  11  -27.3388
22  12  -30.5821
22  13  -33.7671
22  14  -36.8588
22  15  -39.8352
22  16  -42.6928
22  17  -45.449
22  18  -48.1437
22  19  -50.8413
22  20  -53.6383
22  21  -56.684
22  22  -60.237
22  23  -64.84
22  24  -72.1107
22  25  -97.9099
23  1  37.8146
23  2  9.80791
23  3  1.90899
23  4  -3.17327
23  5  -7.19794
23  6  -10.7509
23  7  -14.1003
23  8  -17.384
23  9  -20.6687
23  10  -23.9746
23  11  -27.2898
23  12  -30.5831
23  13  -33.8161
23  14  -36.9543
23  15  -39.977
23  16  -42.8816
23  17  -45.6869
23  18  -48.4343
23  19  -51.1896
23  20  -54.0518
23  21  -57.1738
23  22  -60.8204
23  23  -65.5483
23  24  -73.017
23  25  -99.4779
24  1  39.3608
24  2  10.6683
24  3  2.56863
24  4  -2.6412
24  5  -6.7631
24  6  -10.397
24  7  -13.8176
24  8  -17.1657
24  9  -20.5098
24  10  -23.8712
24  11  -27.2387
24  12  -30.5814
24  13  -33.8617
24  14  -37.0461
24  15  -40.1145
24  16  -43.0658
24  17  -45.9199
24  18  -48.7194
24  19  -51.532
24  20  -54.4588
24  21  -57.6563
24  22  -61.3957
24  23  -66.2472
24  24  -73.9117
24  25  -101.027
25  1  40.8413
25  2  11.493
25  3  3.20106
25  4  -2.13091
25  5  -6.34584
25  6  -10.0572
25  7  -13.5457
25  8  -16.9553
25  9  -20.3562
25  10  -23.7705
25  11  -27.1877
25  12  -30.5777
25  13  -33.9031
25  14  -37.1316
25  15  -40.2439
25  16  -43.2398
25  17  -46.1406
25  18  -48.9901
25  19  -51.8576
25  20  -54.8463
25  21  -58.1161
25  22  -61.9441
25  23  -66.9138
25  24  -74.7657
25  25  -102.507
26  1  42.3206
26  2  12.3176
26  3  3.83364
26  4  -1.62036
26  5  -5.92821
26  6  -9.71687
26  7  -13.273
26  8  -16.7439
26  9  -20.2013
26  10  -23.6683
26  11  -27.1351
26  12  -30.5721
26  13  -33.9427
26  14  -37.2151
26  15  -40.3712
26  16  -43.4118
26  17  -46.3593
26  18  -49.2588
26  19  -52.1811
26  20  -55.2316
26  21  -58.5735
26  22  -62.4901
26  23  -67.5778
26  24  -75.6165
26  25  -103.983
27  1  43.7709
27  2  13.1266
27  3  4.4543
27  4  -1.11933
27  5  -5.51824
27  6  -9.38261
27  7  -13.0051
27  8  -16.5359
27  9  -20.0485
27  10  -23.567
27  11  -27.0823
27  12  -30.5652
27  13  -33.9799
27  14  -37.2954
27  15  -40.4944
27  16  -43.5788
27  17  -46.5721
27  18  -49.5205
27  19  -52.4966
27  20  -55.6076
27  21  -59.0202
27  22  -63.0235
27  23  -68.2269
27  24  -76.4485
27  25  -105.426
28  1  45.274
28  2  13.9654
28  3  5.09799
28  4  -0.599645
28  5  -5.0929
28  6  -9.03568
28  7  -12.7267
28  8  -16.3195
28  9  -19.8893
28  10  -23.4611
28  11  -27.0264
28  12  -30.5568
28  13  -34.0172
28  14  -37.3772
28  15  -40.6207
28  16  -43.7505
28  17  -46.7912
28  18  -49.7904
28  19  -52.8221
28  20  -55.9959
28  21  -59.4817
28  22  -63.5748
28  23  -68.8978
28  24  -77.3088
28  25  -106.919
29  1  46.7192
29  2  14.7723
29  3  5.71715
29  4  -0.0997194
29  5  -4.68368
29  6  -8.70181
29  7  -12.4588
29  8  -16.1111
29  9  -19.7356
29  10  -23.3585
29  11  -26.9719
29  12  -30.5479
29  13  -34.052
29  14  -37.4549
29  15  -40.741
29  16  -43.9144
29  17  -47.0007
29  18  -50.0486
29  19  -53.1338
29  20  -56.3679
29  21  -59.924
29  22  -64.1033
29  23  -69.5412
29  24  -78.1341
29  25  -108.352
30  1  48.0372
30  2  15.5083
30  3  6.28194
30  4  0.356321
30  5  -4.31036
30  6  -8.39718
30  7  -12.2142
30  8  -15.9207
30  9  -19.5951
30  10  -23.2645
30  11  -26.9216
30  12  -30.5391
30  13  -34.0831
30  14  -37.5249
30  15  -40.85
30  16  -44.0631
30  17  -47.1908
30  18  -50.2833
30  19  -53.4172
30  20  -56.7061
30  21  -60.3263
30  22  -64.5842
30  23  -70.1268
30  24  -78.8853
30  25  -109.656
31  1  49.3542
31  2  16.2438
31  3  6.8464
31  4  0.812073
31  5  -3.93728
31  6  -8.09274
31  7  -11.9698
31  8  -15.7304
31  9  -19.4546
31  10  -23.1704
31  11  -26.8711
31  12  -30.53
31  13  -34.1137
31  14  -37.5944
31  15  -40.9583
31  16  -44.211
31  17  -47.3802
31  18  -50.517
31  19  -53.6995
31  20  -57.0433
31  21  -60.7275
31  22  -65.0638
31  23  -70.7108
31  24  -79.6346
31  25  -110.957
32  1  50.6523
32  2  16.9687
32  3  7.40264
32  4  1.26116
32  5  -3.56969
32  6  -7.7928
32  7  -11.7289
32  8  -15.5429
32  9  -19.3162
32  10  -23.0776
32  11  -26.8212
32  12  -30.5208
32  13  -34.1437
32  14  -37.6626
32  15  -41.0646
32  16  -44.3563
32  17  -47.5663
32  18  -50.7467
32  19  -53.9772
32  20  -57.3749
32  21  -61.122
32  22  -65.5354
32  23  -71.2852
32  24  -80.3718
32  25  -112.238
33  1  51.8832
33  2  17.6561
33  3  7.93
33  4  1.68686
33  5  -3.22129
33  6  -7.50856
33  7  -11.5008
33  8  -15.3652
33  9  -19.185
33  10  -22.9897
33  11  -26.7739
33  12  -30.512
33  13  -34.1719
33  14  -37.7271
33  15  -41.1652
33  16  -44.4938
33  17  -47.7424
33  18  -50.9641
33  19  -54.2399
33  20  -57.6887
33  21  -61.4954
33  22  -65.9819
33  23  -71.829
33  24  -81.0696
33  25  -113.45
34  1  53.1293
34  2  18.3517
34  3  8.46362
34  4  2.11755
34  5  -2.86889
34  6  -7.22114
34  7  -11.2701
34  8  -15.1858
34  9  -19.0525
34  10  -22.901
34  11  -26.7263
34  12  -30.5033
34  13  -34.2006
34  14  -37.7923
34  15  -41.2669
34  16  -44.6328
34  17  -47.9203
34  18  -51.1838
34  19  -54.5053
34  20  -58.0058
34  21  -61.8727
34  22  -66.433
34  23  -72.3786
34  24  -81.7748
34  25  -114.675
35  1  54.3938
35  2  19.0574
35  3  9.00486
35  4  2.55427
35  5  -2.51166
35  6  -6.92989
35  7  -11.0365
35  8  -15.0041
35  9  -18.9186
35  10  -22.8114
35  11  -26.6783
35  12  -30.4948
35  13  -34.23
35  14  -37.8586
35  15  -41.3701
35  16  -44.7737
35  17  -48.1007
35  18  -51.4064
35  19  -54.7743
35  20  -58.327
35  21  -62.2549
35  22  -66.89
35  23  -72.9352
35  24  -82.4891
35  25  -115.915
36  1  55.4898
36  2  19.6687
36  3  9.47359
36  4  2.93237
36  5  -2.20249
36  6  -6.67796
36  7  -10.8345
36  8  -14.8472
36  9  -18.803
36  10  -22.7343
36  11  -26.6373
36  12  -30.4879
36  13  -34.2557
36  14  -37.9163
36  15  -41.4597
36  16  -44.8958
36  17  -48.2569
36  18  -51.5991
36  19  -55.0071
36  20  -58.605
36  21  -62.5856
36  22  -67.2854
36  23  -73.4168
36  24  -83.1071
36  25  -116.989
37  1  56.6993
37  2  20.3429
37  3  9.99037
37  4  3.34908
37  5  -1.86192
37  6  -6.40059
37  7  -10.6124
37  8  -14.6748
37  9  -18.6763
37  10  -22.65
37  11  -26.5927
37  12  -30.4808
37  13  -34.2847
37  14  -37.9804
37  15  -41.5588
37  16  -45.0307
37  17  -48.4292
37  18  -51.8116
37  19  -55.2637
37  20  -58.9113
37  21  -62.9499
37  22  -67.721
37  23  -73.9473
37  24  -83.7878
37  25  -118.171
38  1  57.8607
38  2  20.9898
38  3  10.486
38  4  3.74856
38  5  -1.53561
38  6  -6.13505
38  7  -10.3999
38  8  -14.5101
38  9  -18.5555
38  10  -22.5699
38  11  -26.5507
38  12  -30.4749
38  13  -34.3132
38  14  -38.0425
38  15  -41.6544
38  16  -45.1605
38  17  -48.5948
38  18  -52.0156
38  19  -55.5098
38  20  -59.205
38  21  -63.2992
38  22  -68.1385
38  23  -74.4557
38  24  -84.44
38  25  -119.303
39  1  58.9409
39  2  21.591
39  3  10.9464
39  4  4.11943
39  5  -1.23288
39  6  -5.88892
39  7  -10.2032
39  8  -14.358
39  9  -18.4442
39  10  -22.4965
39  11  -26.5127
39  12  -30.4703
39  13  -34.3405
39  14  -38.1009
39  15  -41.7438
39  16  -45.2815
39  17  -48.749
39  18  -52.2053
39  19  -55.7385
39  20  -59.4778
39  21  -63.6236
39  22  -68.5261
39  23  -74.9276
39  24  -85.0453
39  25  -120.353
40  1  60.0765
40  2  22.2223
40  3  11.4295
40  4  4.50839
40  5  -0.91564
40  6  -5.63127
40  7  -9.99767
40  8  -14.1993
40  9  -18.3286
40  10  -22.4207
40  11  -26.4741
40  12  -30.4667
40  13  -34.3703
40  14  -38.1632
40  15  -41.8385
40  16  -45.4093
40  17  -48.9113
40  18  -52.4048
40  19  -55.9788
40  20  -59.7643
40  21  -63.964
40  22  -68.9328
40  23  -75.4226
40  24  -85.6801
40  25  -121.454
41  1  61.1786
41  2  22.834
41  3  11.8974
41  4  4.88479
41  5  -0.608953
41  6  -5.38254
41  7  -9.7996
41  8  -14.0469
41  9  -18.2179
41  10  -22.3487
41  11  -26.4381
41  12  -30.4646
41  13  -34.4006
41  14  -38.2248
41  15  -41.9312
41  16  -45.5338
41  17  -49.0692
41  18  -52.5984
41  19  -56.2119
41  20  -60.0419
41  21  -64.2937
41  22  -69.3265
41  23  -75.9017
41  24  -86.2943
41  25  -122.519
42  1  62.2302
42  2  23.4168
42  3  12.3429
42  4  5.24277
42  5  -0.317614
42  6  -5.14664
42  7  -9.61217
42  8  -13.9031
42  9  -18.1141
42  10  -22.2818
42  11  -26.4056
42  12  -30.4643
42  13  -34.4309
42  14  -38.2848
42  15  -42.0207
42  16  -45.6534
42  17  -49.2203
42  18  -52.7835
42  19  -56.4343
42  20  -60.3065
42  21  -64.6078
42  22  -69.7014
42  23  -76.3577
42  24  -86.8786
42  25  -123.531
43  1  63.3051
43  2  24.0114
43  3  12.7968
43  4  5.60723
43  5  -0.0214288
43  6  -4.90729
43  7  -9.42254
43  8  -13.7582
43  9  -18.0102
43  10  -22.2157
43  11  -26.3746
43  12  -30.4661
43  13  -34.4637
43  14  -38.3477
43  15  -42.1135
43  16  -45.7766
43  17  -49.3754
43  18  -52.9729
43  19  -56.6615
43  20  -60.5766
43  21  -64.9281
43  22  -70.0835
43  23  -76.8222
43  24  -87.4737
43  25  -124.561
44  1  64.3107
44  2  24.5664
44  3  13.22
44  4  5.94654
44  5  0.253845
44  6  -4.68537
44  7  -9.24732
44  8  -13.6251
44  9  -17.9155
44  10  -22.1564
44  11  -26.348
44  12  -30.4701
44  13  -34.4966
44  14  -38.4084
44  15  -42.2017
44  16  -45.893
44  17  -49.5213
44  18  -53.1504
44  19  -56.8741
44  20  -60.829
44  21  -65.2271
44  22  -70.4399
44  23  -77.2553
44  24  -88.028
44  25  -125.52
45  1  65.2732
45  2  25.0961
45  3  13.6235
45  4  6.26953
45  5  0.515339
45  6  -4.47516
45  7  -9.08203
45  8  -13.5002
45  9  -17.8276
45  10  -22.1025
45  11  -26.3254
45  12  -30.4765
45  13  -34.5304
45  14  -38.4686
45  15  -42.2879
45  16  -46.0056
45  17  -49.6617
45  18  -53.3209
45  19  -57.0777
45  20  -61.0702
45  21  -65.5126
45  22  -70.7799
45  23  -77.6681
45  24  -88.5562
45  25  -126.432
46  1  66.2387
46  2  25.6258
46  3  14.0262
46  4  6.59132
46  5  0.775213
46  6  -4.26698
46  7  -8.91918
46  8  -13.3782
46  9  -17.7428
46  10  -22.0518
46  11  -26.3061
46  12  -30.4862
46  13  -34.5673
46  14  -38.5314
46  15  -42.3764
46  16  -46.1202
46  17  -49.8037
46  18  -53.4924
46  19  -57.2821
46  20  -61.3119
46  21  -65.7982
46  22  -71.1197
46  23  -78.0803
46  24  -89.0829
46  25  -127.341
47  1  67.1721
47  2  26.1357
47  3  14.4131
47  4  6.89978
47  5  1.02354
47  6  -4.06894
47  7  -8.76528
47  8  -13.264
47  9  -17.6649
47  10  -22.0069
47  11  -26.2915
47  12  -30.4995
47  13  -34.6064
47  14  -38.5953
47  15  -42.4644
47  16  -46.2329
47  17  -49.9423
47  18  -53.6591
47  19  -57.4799
47  20  -61.5453
47  21  -66.0734
47  22  -71.4466
47  23  -78.4764
47  24  -89.5887
47  25  -128.211
48  1  68.0534
48  2  26.6149
48  3  14.7758
48  4  7.18804
48  5  1.25471
48  6  -3.88563
48  7  -8.62402
48  8  -13.1607
48  9  -17.5959
48  10  -21.9694
48  11  -26.2825
48  12  -30.5164
48  13  -34.6475
48  14  -38.6591
48  15  -42.5505
48  16  -46.3416
48  17  -50.0748
48  18  -53.8174
48  19  -57.6669
48  20  -61.7653
48  21  -66.3323
48  22  -71.7537
48  23  -78.848
48  24  -90.0624
48  25  -129.025
49  1  68.9538
49  2  27.1014
49  3  15.1429
49  4  7.4787
49  5  1.48658
49  6  -3.70312
49  7  -8.48497
49  8  -13.0608
49  9  -17.5315
49  10  -21.9372
49  11  -26.2794
49  12  -30.5396
49  13  -34.6947
49  14  -38.7289
49  15  -42.6423
49  16  -46.4556
49  17  -50.2123
49  18  -53.9804
49  19  -57.8585
49  20  -61.9897
49  21  -66.5958
49  22  -72.0654
49  23  -79.2245
49  24  -90.5415
49  25  -129.844
50  1  69.733
50  2  27.5191
50  3  15.4567
50  4  7.72605
50  5  1.6826
50  6  -3.55035
50  7  -8.37034
50  8  -12.9805
50  9  -17.4824
50  10  -21.9161
50  11  -26.2833
50  12  -30.566
50  13  -34.7414
50  14  -38.7943
50  15  -42.7259
50  16  -46.5576
50  17  -50.3336
50  18  -54.1229
50  19  -58.025
50  20  -62.1837
50  21  -66.8226
50  22  -72.3331
50  23  -79.5469
50  24  -90.9508
50  25  -130.541
51  1  70.511
51  2  27.9321
51  3  15.7654
51  4  7.96779
51  5  1.8725
51  6  -3.4043
51  7  -8.26307
51  8  -12.9082
51  9  -17.4416
51  10  -21.9035
51  11  -26.2957
51  12  -30.6004
51  13  -34.7953
51  14  -38.8661
51  15  -42.8147
51  16  -46.6636
51  17  -50.4578
51  18  -54.2672
51  19  -58.1919
51  20  -62.3772
51  21  -67.0477
51  22  -72.5978
51  23  -79.8649
51  24  -91.3531
51  25  -131.222
52  1  71.1854
52  2  28.2856
52  3  16.0278
52  4  8.17158
52  5  2.03066
52  6  -3.28491
52  7  -8.17808
52  8  -12.8542
52  9  -17.4155
52  10  -21.9021
52  11  -26.3159
52  12  -30.6392
52  13  -34.8503
52  14  -38.9355
52  15  -42.8977
52  16  -46.7602
52  17  -50.5689
52  18  -54.3945
52  19  -58.3378
52  20  -62.5448
52  21  -67.2416
52  22  -72.8246
52  23  -80.1362
52  24  -91.6948
52  25  -131.796
53  1  71.8424
53  2  28.6242
53  3  16.2768
53  4  8.36264
53  5  2.17639
53  6  -3.17793
53  7  -8.10562
53  8  -12.8128
53  9  -17.402
53  10  -21.913
53  11  -26.3477
53  12  -30.6886
53  13  -34.9144
53  14  -39.0124
53  15  -42.9864
53  16  -46.8606
53  17  -50.6818
53  18  -54.5215
53  19  -58.4813
53  20  -62.708
53  21  -67.4289
53  22  -73.0423
53  23  -80.395
53  24  -92.0189
53  25  -132.333
54  1  72.5
54  2  28.9544
54  3  16.516
54  4  8.5427
54  5  2.30971
54  6  -3.08494
54  7  -8.04876
54  8  -12.7886
54  9  -17.4067
54  10  -21.9427
54  11  -26.3982
54  12  -30.7558
54  13  -34.9949
54  14  -39.1038
54  15  -43.0872
54  16  -46.9707
54  17  -50.802
54  18  -54.6535
54  19  -58.6276
54  20  -62.8718
54  21  -67.6144
54  22  -73.2557
54  23  -80.6464
54  24  -92.3304
54  25  -132.839
55  1  73.0514
55  2  29.2202
55  3  16.7037
55  4  8.67927
55  5  2.40528
55  6  -3.02519
55  7  -8.0214
55  8  -12.7904
55  9  -17.4343
55  10  -21.9919
55  11  -26.4647
55  12  -30.8353
55  13  -35.0836
55  14  -39.199
55  15  -43.1875
55  16  -47.0757
55  17  -50.9124
55  18  -54.7708
55  19  -58.7539
55  20  -63.0099
55  21  -67.7678
55  22  -73.4293
55  23  -80.8476
55  24  -92.5754
55  25  -133.222
56  1  73.5122
56  2  29.4279
56  3  16.8438
56  4  8.77447
56  5  2.46378
56  6  -2.99937
56  7  -8.02545
56  8  -12.8215
56  9  -17.4887
56  10  -22.0655
56  11  -26.5525
56  12  -30.9325
56  13  -35.1861
56  14  -39.3037
56  15  -43.2926
56  16  -47.1807
56  17  -51.0179
56  18  -54.8781
56  19  -58.8649
56  20  -63.1271
56  21  -67.894
56  22  -73.568
56  23  -81.0041
56  24  -92.7597
56  25  -133.488
57  1  73.9031
57  2  29.5802
57  3  16.9351
57  4  8.82407
57  5  2.47813
57  6  -3.01735
57  7  -8.0735
57  8  -12.8968
57  9  -17.5872
57  10  -22.1818
57  11  -26.6806
57  12  -31.0663
57  13  -35.3203
57  14  -39.4344
57  15  -43.4174
57  16  -47.2989
57  17  -51.1299
57  18  -54.9853
57  19  -58.9692
57  20  -63.2305
57  21  -67.9988
57  22  -73.6765
57  23  -81.1188
57  24  -92.8837
57  25  -133.626
58  1  74.1493
58  2  29.6376
58  3  16.9477
58  4  8.80448
58  5  2.42943
58  6  -3.09415
58  7  -8.17722
58  8  -13.0249
58  9  -17.7354
58  10  -22.3441
58  11  -26.8499
58  12  -31.2356
58  13  -35.4833
58  14  -39.5865
58  15  -43.5558
58  16  -47.4225
58  17  -51.2391
58  18  -55.0811
58  19  -59.0532
58  20  -63.3043
58  21  -68.0635
58  22  -73.7324
58  23  -81.1642
58  24  -92.9117
58  25  -133.573
59  1  74.2259
59  2  29.5839
59  3  16.8682
59  4  8.70356
59  5  2.30627
59  6  -3.24084
59  7  -8.3475
59  8  -13.2166
59  9  -17.944
59  10  -22.5625
59  11  -27.07
59  12  -31.4489
59  13  -35.6825
59  14  -39.7662
59  15  -43.7127
59  16  -47.5552
59  17  -51.3477
59  18  -55.1667
59  19  -59.1169
59  20  -63.3469
59  21  -68.085
59  22  -73.7305
59  23  -81.1326
59  24  -92.8313
59  25  -133.296
60  1  74.0867
60  2  29.3774
60  3  16.6578
60  4  8.48323
60  5  2.06961
60  6  -3.49841
60  7  -8.6277
60  8  -13.5175
60  9  -18.2598
60  10  -22.8842
60  11  -27.3865
60  12  -31.7492
60  13  -35.9571
60  14  -40.0078
60  15  -43.9172
60  16  -47.7208
60  17  -51.4742
60  18  -55.255
60  19  -59.1679
60  20  -63.3606
60  21  -68.0595
60  22  -73.6603
60  23  -81.0041
60  24  -92.6074
60  25  -132.702
61  1  73.6274
61  2  28.9469
61  3  16.2561
61  4  8.08793
61  5  1.66581
61  6  -3.92038
61  7  -9.07209
61  8  -13.9826
61  9  -18.7379
61  10  -23.3629
61  11  -27.8507
61  12  -32.1839
61  13  -36.3495
61  14  -40.3486
61  15  -44.2008
61  16  -47.9448
61  17  -51.6386
61  18  -55.3605
61  19  -59.2148
61  20  -63.3478
61  21  -67.9825
61  22  -73.5086
61  23  -80.7539
61  24  -92.1947
61  25  -131.661
62  1  72.6112
62  2  28.1227
62  3  15.5154
62  4  7.37834
62  5  0.95632
62  6  -4.64915
62  7  -9.82898
62  8  -14.7657
62  9  -19.5351
62  10  -24.1547
62  11  -28.6138
62  12  -32.8954
62  13  -36.9905
62  14  -40.9059
62  15  -44.6669
62  16  -48.3167
62  17  -51.9161
62  18  -55.5442
62  19  -59.3047
62  20  -63.3407
62  21  -67.8695
62  22  -73.2703
62  23  -80.3482
62  24  -91.5104
62  25  -129.883
63  1  70.7782
63  2  26.742
63  3  14.2987
63  4  6.22406
63  5  -0.194018
63  6  -5.83128
63  7  -11.0589
63  8  -16.0403
63  9  -20.8345
63  10  -25.4473
63  11  -29.8636
63  12  -34.0689
63  13  -38.0612
63  14  -41.8562
63  15  -45.4876
63  16  -49.005
63  17  -52.4723
63  18  -55.9695
63  19  -59.5981
63  20  -63.4962
63  21  -67.8726
63  22  -73.0899
63  23  -79.9177
63  24  -90.6541
63  25  -127.293
64  1  67.7946
64  2  24.6266
64  3  12.4616
64  4  4.4755
64  5  -1.96427
64  6  -7.68969
64  7  -13.0335
64  8  -18.1232
64  9  -22.9893
64  10  -27.6211
64  11  -32.0003
64  12  -36.1198
64  13  -39.991
64  14  -43.6439
64  15  -47.1239
64  16  -50.4885
64  17  -53.8053
64  18  -57.1544
64  19  -60.6337
64  20  -64.3745
64  21  -68.5728
64  22  -73.5687
64  23  -80.0814
64  24  -90.2514
64  25  -124.367
65  1  64.3101
65  2  22.3696
65  3  10.5468
65  4  2.61932
65  5  -3.93234
65  6  -9.87089
65  7  -15.4661
65  8  -20.7908
65  9  -25.8376
65  10  -30.5799
65  11  -35.0022
65  12  -39.1119
65  13  -42.9388
65  14  -46.5298
65  15  -49.9426
65  16  -53.242
65  17  -56.4991
65  18  -59.7935
65  19  -63.2201
65  20  -66.9041
65  21  -71.0309
65  22  -75.9205
65  23  -82.2458
65  24  -91.9945
65  25  -123.646
66  1  61.2383
66  2  20.7186
66  3  9.23405
66  4  1.29007
66  5  -5.50067
66  6  -11.8082
66  7  -17.8174
66  8  -23.534
66  9  -28.9124
66  10  -33.9155
66  11  -38.5375
66  12  -42.8041
66  13  -46.7635
66  14  -50.4776
66  15  -54.0144
66  16  -57.445
66  17  -60.8437
66  18  -64.2913
66  19  -67.8829
66  20  -71.7423
66  21  -76.0521
66  22  -81.1247
66  23  -87.6119
66  24  -97.4132
66  25  -127.662
67  1  58.7165
67  2  19.7673
67  3  8.64363
67  4  0.665349
67  5  -6.42013
67  6  -13.1805
67  7  -19.7084
67  8  -25.9431
67  9  -31.8059
67  10  -37.2544
67  11  -42.2926
67  12  -46.9604
67  13  -51.3195
67  14  -55.4416
67  15  -59.4017
67  16  -63.2761
67  17  -67.1427
67  18  -71.0864
67  19  -75.2065
67  20  -79.6325
67  21  -84.5548
67  22  -90.2965
67  23  -97.5227
67  24  -108.135
67  25  -138.58
68  1  55.7742
68  2  18.5849
68  3  8.08108
68  4  0.398031
68  5  -6.64858
68  6  -13.5863
68  7  -20.465
68  8  -27.1873
68  9  -33.649
68  10  -39.7921
68  11  -45.6098
68  12  -51.1343
68  13  -56.4205
68  14  -61.5349
68  15  -66.5494
68  16  -71.5392
68  17  -76.5843
68  18  -81.7742
68  19  -87.217
68  20  -93.0557
68  21  -99.5011
68  22  -106.909
68  23  -115.998
68  24  -128.774
68  25  -161.671
69  1  38.7555
69  2  4.77801
69  3  -2.40988
69  4  -6.27247
69  5  -9.70021
69  6  -13.9273
69  7  -19.4662
69  8  -26.3805
69  9  -34.4948
69  10  -43.5555
69  11  -53.3258
69  12  -63.624
69  13  -74.3301
69  14  -85.3783
69  15  -96.747
69  16  -108.45
69  17  -120.531
69  18  -133.066
69  19  -146.167
69  20  -160.001
69  21  -174.822
69  22  -191.063
69  23  -209.577
69  24  -232.642
69  25  -277.466
70  1  29.3579
70  2  -1.71491
70  3  -7.46437
70  4  -10.5916
70  5  -13.9857
70  6  -18.7905
70  7  -25.3438
70  8  -33.5266
70  9  -43.0299
70  10  -53.5297
70  11  -64.7687
70  12  -76.5777
70  13  -88.8669
70  14  -101.611
70  15  -114.832
70  16  -128.597
70  17  -143.004
70  18  -158.195
70  19  -174.361
70  20  -191.764
70  21  -210.79
70  22  -232.053
70  23  -256.69
70  24  -287.508
70  25  -343.362
71  1  20.0174
71  2  -6.55065
71  3  -9.59252
71  4  -11.0402
71  5  -13.7772
71  6  -18.7706
71  7  -26.0621
71  8  -35.2422
71  9  -45.7913
71  10  -57.2666
71  11  -69.3632
71  12  -81.9085
71  13  -94.8346
71  14  -108.151
71  15  -121.927
71  16  -136.276
71  17  -151.361
71  18  -167.396
71  19  -184.669
71  20  -203.573
71  21  -224.684
71  22  -248.905
71  23  -277.867
71  24  -315.359
71  25  -383.428
72  1  23.5598
72  2  -0.58536
72  3  -4.10027
72  4  -7.56611
72  5  -13.2416
72  6  -21.4222
72  7  -31.6107
72  8  -43.0948
72  9  -55.2647
72  10  -67.7188
72  11  -80.2506
72  12  -92.7981
72  13  -105.395
72  14  -118.138
72  15  -131.168
72  16  -144.662
72  17  -158.844
72  18  -173.991
72  19  -190.472
72  20  -208.796
72  21  -229.715
72  22  -254.449
72  23  -285.239
72  24  -327.286
72  25  -407.898
73  1  28.6554
73  2  6.75564
73  3  2.3332
73  4  -3.55776
73  5  -12.4082
73  6  -23.8137
73  7  -36.7909
73  8  -50.4043
73  9  -64.0182
73  10  -77.3084
73  11  -90.1795
73  12  -102.677
73  13  -114.926
73  14  -127.092
73  15  -139.372
73  16  -151.985
73  17  -165.191
73  18  -179.303
73  19  -194.733
73  20  -212.057
73  21  -232.149
73  22  -256.475
73  23  -287.839
73  24  -333.027
73  25  -426.696
74  1  34.0491
74  2  14.5902
74  3  9.04886
74  4  0.567478
74  5  -11.4804
74  6  -26.0054
74  7  -41.6014
74  8  -57.1726
74  9  -72.0982
74  10  -86.1481
74  11  -99.3386
74  12  -111.815
74  13  -123.782
74  14  -135.465
74  15  -147.101
74  16  -158.941
74  17  -171.263
74  18  -184.399
74  19  -198.781
74  20  -215.015
74  21  -234.041
74  22  -257.489
74  23  -288.626
74  24  -335.845
74  25  -443.813
75  1  38.5785
75  2  21.3747
75  3  14.7389
75  4  4.0073
75  5  -10.6892
75  6  -27.7233
75  7  -45.3849
75  8  -62.4831
75  9  -78.4298
75  10  -93.0795
75  11  -106.539
75  12  -119.033
75  13  -130.823
75  14  -142.178
75  15  -153.365
75  16  -164.652
75  17  -176.329
75  18  -188.734
75  19  -202.301
75  20  -217.642
75  21  -235.718
75  22  -258.228
75  23  -288.708
75  24  -336.749
75  25  -457.526
76  1  42.6856
76  2  27.6918
76  3  19.924
76  4  7.10075
76  5  -9.9693
76  6  -29.2083
76  7  -48.6648
76  8  -67.0841
76  9  -83.9179
76  10  -99.0986
76  11  -112.813
76  12  -125.351
76  13  -137.024
76  14  -148.137
76  15  -158.98
76  16  -169.834
76  17  -180.999
76  18  -192.811
76  19  -205.701
76  20  -220.276
76  21  -237.492
76  22  -259.069
76  23  -288.679
76  24  -336.765
76  25  -469.472
77  1  46.3795
77  2  33.4436
77  3  24.5508
77  4  9.83554
77  5  -9.32394
77  6  -30.4797
77  7  -51.4878
77  8  -71.0493
77  9  -88.6553
77  10  -104.308
77  11  -118.261
77  12  -130.862
77  13  -142.464
77  14  -153.402
77  15  -163.982
77  16  -174.501
77  17  -185.259
77  18  -196.596
77  19  -208.935
77  20  -222.871
77  21  -239.345
77  22  -260.064
77  23  -288.741
77  24  -336.33
77  25  -479.413
78  1  49.6461
78  2  38.4954
78  3  28.5468
78  4  12.1849
78  5  -8.76027
78  6  -31.543
78  7  -53.8659
78  8  -74.3976
78  9  -92.665
78  10  -108.729
78  11  -122.901
78  12  -135.574
78  13  -147.138
78  14  -157.95
78  15  -168.334
78  16  -178.595
78  17  -189.038
78  18  -200.
78  19  -211.898
78  20  -225.316
78  21  -241.175
78  22  -261.153
78  23  -288.944
78  24  -335.737
78  25  -487.084
79  1  52.8096
79  2  43.2623
79  3  32.2682
79  4  14.3673
79  5  -8.22791
79  6  -32.5096
79  7  -56.0444
79  8  -77.474
79  9  -96.3586
79  10  -112.812
79  11  -127.2
79  12  -139.956
79  13  -151.502
79  14  -162.216
79  15  -172.439
79  16  -182.483
79  17  -192.656
79  18  -203.295
79  19  -214.811
79  20  -227.774
79  21  -243.083
79  22  -262.379
79  23  -289.303
79  24  -335.095
79  25  -493.082
80  1  55.9676
80  2  47.8158
80  3  35.7878
80  4  16.4296
80  5  -7.71775
80  6  -33.4086
80  7  -58.0852
80  8  -80.3645
80  9  -99.8379
80  10  -116.669
80  11  -131.272
80  12  -144.12
80  13  -155.663
80  14  -166.301
80  15  -176.388
80  16  -186.244
80  17  -196.182
80  18  -206.535
80  19  -217.709
80  20  -230.262
80  21  -245.07
80  22  -263.733
80  23  -289.815
80  24  -334.47
80  25  -497.377
81  1  58.9241
81  2  51.8452
81  3  38.8805
81  4  18.2417
81  5  -7.26561
81  6  -34.1924
81  7  -59.8732
81  8  -82.9034
81  9  -102.901
81  10  -120.073
81  11  -134.874
81  12  -147.813
81  13  -159.365
81  14  -169.948
81  15  -179.927
81  16  -189.63
81  17  -199.372
81  18  -209.487
81  19  -220.376
81  20  -232.583
81  21  -246.965
81  22  -265.08
81  23  -290.413
81  24  -333.949
81  25  -499.786
82  1  62.1354
82  2  55.9471
82  3  42.0139
82  4  20.0775
82  5  -6.80681
82  6  -34.9875
82  7  -61.6905
82  8  -85.4884
82  9  -106.026
82  10  -123.552
82  11  -138.565
82  12  -151.605
82  13  -163.175
82  14  -173.712
82  15  -183.591
82  16  -193.149
82  17  -202.704
82  18  -212.588
82  19  -223.197
82  20  -235.065
82  21  -249.026
82  22  -266.596
82  23  -291.164
82  24  -333.477
82  25  -500.734
83  1  65.1505
83  2  59.5464
83  3  44.7543
83  4  21.6824
83  5  -6.40836
83  6  -35.6903
83  7  -63.2938
83  8  -87.7713
83  9  -108.789
83  10  -126.635
83  11  -141.84
83  12  -154.977
83  13  -166.571
83  14  -177.073
83  15  -186.873
83  16  -196.31
83  17  -205.707
83  18  -215.396
83  19  -225.768
83  20  -237.347
83  21  -250.946
83  22  -268.045
83  23  -291.941
83  24  -333.126
83  25  -500.242
84  1  68.1553
84  2  62.9144
84  3  47.3132
84  4  23.1789
84  5  -6.04222
84  6  -36.3586
84  7  -64.8107
84  8  -89.931
84  9  -111.406
84  10  -129.557
84  11  -144.949
84  12  -158.183
84  13  -169.805
84  14  -180.282
84  15  -190.011
84  16  -199.341
84  17  -208.595
84  18  -218.106
84  19  -228.261
84  20  -239.573
84  21  -252.84
84  22  -269.5
84  23  -292.767
84  24  -332.86
84  25  -498.654
85  1  71.3888
85  2  66.3283
85  3  49.9026
85  4  24.6897
85  5  -5.68141
85  6  -37.053
85  7  -66.3733
85  8  -92.1536
85  9  -114.1
85  10  -132.568
85  11  -148.157
85  12  -161.495
85  13  -173.151
85  14  -183.606
85  15  -193.269
85  16  -202.493
85  17  -211.607
85  18  -220.941
85  19  -230.878
85  20  -241.925
85  21  -254.856
85  22  -271.075
85  23  -293.702
85  24  -332.658
85  25  -495.975
86  1  74.6061
86  2  69.5447
86  3  52.3385
86  4  26.1061
86  5  -5.35479
86  6  -37.7288
86  7  -67.8763
86  8  -94.2875
86  9  -116.687
86  10  -135.461
86  11  -151.241
86  12  -164.684
86  13  -176.376
86  14  -186.814
86  15  -196.418
86  16  -205.546
86  17  -214.529
86  18  -223.699
86  19  -233.434
86  20  -244.231
86  21  -256.849
86  22  -272.652
86  23  -294.672
86  24  -332.533
86  25  -492.539
87  1  77.8309
87  2  72.6215
87  3  54.6652
87  4  27.4528
87  5  -5.05818
87  6  -38.4004
87  7  -69.3489
87  8  -96.373
87  9  -119.214
87  10  -138.287
87  11  -154.257
87  12  -167.804
87  13  -179.535
87  14  -189.961
87  15  -199.511
87  16  -208.549
87  17  -217.41
87  18  -226.423
87  19  -235.966
87  20  -246.525
87  21  -258.842
87  22  -274.246
87  23  -295.682
87  24  -332.475
87  25  -488.515
88  1  80.7674
88  2  75.3202
88  3  56.7028
88  4  28.6256
88  5  -4.81377
88  6  -39.0138
88  7  -70.6738
88  8  -98.2436
88  9  -121.478
88  10  -140.821
88  11  -156.962
88  12  -170.605
88  13  -182.372
88  14  -192.79
88  15  -202.294
88  16  -211.255
88  17  -220.008
88  18  -228.886
88  19  -238.26
88  20  -248.61
88  21  -260.662
88  22  -275.716
88  23  -296.635
88  24  -332.476
88  25  -484.47
89  1  83.8927
89  2  78.1056
89  3  58.8021
89  4  29.8263
89  5  -4.5799
89  6  -39.6751
89  7  -72.0787
89  8  -100.22
89  9  -123.869
89  10  -143.496
89  11  -159.818
89  12  -173.563
89  13  -185.372
89  14  -195.783
89  15  -205.241
89  16  -214.123
89  17  -222.767
89  18  -231.505
89  19  -240.703
89  20  -250.837
89  21  -262.616
89  22  -277.304
89  23  -297.685
89  24  -332.531
89  25  -479.867
90  1  86.9954
90  2  80.8
90  3  60.8288
90  4  30.9766
90  5  -4.37428
90  6  -40.3456
90  7  -73.4787
90  8  -102.182
90  9  -126.24
90  10  -146.147
90  11  -162.649
90  12  -176.496
90  13  -188.348
90  14  -198.755
90  15  -208.17
90  16  -216.976
90  17  -225.514
90  18  -234.116
90  19  -243.145
90  20  -253.068
90  21  -264.58
90  22  -278.912
90  23  -298.768
90  24  -332.638
90  25  -475.071
91  1  89.993
91  2  83.3502
91  3  62.7425
91  4  32.0535
91  5  -4.20094
91  6  -41.0117
91  7  -74.8449
91  8  -104.089
91  9  -128.54
91  10  -148.718
91  11  -165.395
91  12  -179.342
91  13  -191.237
91  14  -201.641
91  15  -211.016
91  16  -219.752
91  17  -228.19
91  18  -236.662
91  19  -245.531
91  20  -255.253
91  21  -266.51
91  22  -280.502
91  23  -299.856
91  24  -332.789
91  25  -470.278
92  1  92.9017
92  2  85.785
92  3  64.565
92  4  33.0695
92  5  -4.05707
92  6  -41.6793
92  7  -76.1903
92  8  -105.959
92  9  -130.791
92  10  -151.234
92  11  -168.082
92  12  -182.128
92  13  -194.065
92  14  -204.468
92  15  -213.807
92  16  -222.474
92  17  -230.817
92  18  -239.165
92  19  -247.879
92  20  -257.409
92  21  -268.42
92  22  -282.084
92  23  -300.953
92  24  -332.982
92  25  -465.518
93  1  95.8047
93  2  88.1839
93  3  66.3557
93  4  34.0575
93  5  -3.93815
93  6  -42.3701
93  7  -77.5585
93  8  -107.852
93  9  -133.067
93  10  -153.775
93  11  -170.795
93  12  -184.941
93  13  -196.923
93  14  -207.326
93  15  -216.629
93  16  -225.23
93  17  -233.478
93  18  -241.704
93  19  -250.264
93  20  -259.602
93  21  -270.369
93  22  -283.707
93  23  -302.093
93  24  -333.221
93  25  -460.691
94  1  98.46
94  2  90.3561
94  3  67.9723
94  4  34.94
94  5  -3.85182
94  6  -43.0264
94  7  -78.8368
94  8  -109.612
94  9  -135.181
94  10  -156.134
94  11  -173.313
94  12  -187.552
94  13  -199.575
94  14  -209.979
94  15  -219.251
94  16  -227.792
94  17  -235.954
94  18  -244.068
94  19  -252.487
94  20  -261.65
94  21  -272.194
94  22  -285.233
94  23  -303.178
94  24  -333.481
94  25  -456.231
95  1  101.214
95  2  92.5908
95  3  69.6303
95  4  35.8345
95  5  -3.78597
95  6  -43.7345
95  7  -80.1937
95  8  -111.473
95  9  -137.411
95  10  -158.62
95  11  -175.967
95  12  -190.304
95  13  -202.371
95  14  -212.778
95  15  -222.017
95  16  -230.496
95  17  -238.57
95  18  -246.568
95  19  -254.841
95  20  -263.822
95  21  -274.135
95  22  -286.863
95  23  -304.349
95  24  -333.794
95  25  -451.575
96  1  103.955
96  2  94.8006
96  3  71.2641
96  4  36.7048
96  5  -3.74555
96  6  -44.4697
96  7  -81.5801
96  8  -113.366
96  9  -139.675
96  10  -161.143
96  11  -178.658
96  12  -193.095
96  13  -205.208
96  14  -215.617
96  15  -224.825
96  16  -233.243
96  17  -241.228
96  18  -249.11
96  19  -257.239
96  20  -266.038
96  21  -276.118
96  22  -288.537
96  23  -305.564
96  24  -334.152
96  25  -446.923
97  1  106.804
97  2  97.0845
97  3  72.9462
97  4  37.5879
97  5  -3.7315
97  6  -45.2689
97  7  -83.0626
97  8  -115.38
97  9  -142.08
97  10  -163.82
97  11  -181.514
97  12  -196.056
97  13  -208.218
97  14  -218.631
97  15  -227.806
97  16  -236.161
97  17  -244.054
97  18  -251.816
97  19  -259.793
97  20  -268.402
97  21  -278.24
97  22  -290.334
97  23  -306.882
97  24  -334.576
97  25  -442.085
98  1  109.29
98  2  99.0685
98  3  74.4016
98  4  38.3407
98  5  -3.74377
98  6  -45.9977
98  7  -84.394
98  8  -117.181
98  9  -144.226
98  10  -166.207
98  11  -184.059
98  12  -198.695
98  13  -210.9
98  14  -221.318
98  15  -230.466
98  16  -238.765
98  17  -246.578
98  18  -254.234
98  19  -262.078
98  20  -270.52
98  21  -280.145
98  22  -291.955
98  23  -308.081
98  24  -334.99
98  25  -437.868
99  1  112.034
99  2  101.25
99  3  75.9951
99  4  39.1518
99  5  -3.78528
99  6  -46.8385
99  7  -85.9075
99  8  -119.219
99  9  -146.65
99  10  -168.901
99  11  -186.93
99  12  -201.672
99  13  -213.927
99  14  -224.35
99  15  -233.467
99  16  -241.706
99  17  -249.429
99  18  -256.968
99  19  -264.664
99  20  -272.921
99  21  -282.31
99  22  -293.802
99  23  -309.461
99  24  -335.498
99  25  -433.229
100  1  114.728
100  2  103.384
100  3  77.5465
100  4  39.9273
100  5  -3.85611
100  6  -47.7032
100  7  -87.4411
100  8  -121.274
100  9  -149.09
100  10  -171.61
100  11  -189.816
100  12  -204.663
100  13  -216.969
100  14  -227.399
100  15  -236.486
100  16  -244.665
100  17  -252.3
100  18  -259.723
100  19  -267.273
100  20  -275.346
100  21  -284.5
100  22  -295.679
100  23  -310.875
100  24  -336.052
100  25  -428.699
101  1  117.383
101  2  105.481
101  3  79.0638
101  4  40.671
101  5  -3.95671
101  6  -48.5965
101  7  -89.0027
101  8  -123.358
101  9  -151.558
101  10  -174.348
101  11  -192.732
101  12  -207.686
101  13  -220.042
101  14  -230.478
101  15  -239.537
101  16  -247.657
101  17  -255.204
101  18  -262.513
101  19  -269.916
101  20  -277.807
101  21  -286.728
101  22  -297.595
101  23  -312.331
101  24  -336.654
101  25  -424.264
102  1  120.217
102  2  107.713
102  3  80.6704
102  4  41.4414
102  5  -4.0997
102  6  -49.5976
102  7  -90.7277
102  8  -125.649
102  9  -154.267
102  10  -177.349
102  11  -195.927
102  12  -210.996
102  13  -223.408
102  14  -233.853
102  15  -242.882
102  16  -250.937
102  17  -258.391
102  18  -265.575
102  19  -272.822
102  20  -280.516
102  21  -289.186
102  22  -299.716
102  23  -313.956
102  24  -337.361
102  25  -419.569
103  1  122.899
103  2  109.82
103  3  82.1778
103  4  42.147
103  5  -4.27077
103  6  -50.5927
103  7  -92.4187
103  8  -127.884
103  9  -156.904
103  10  -180.268
103  11  -199.033
103  12  -214.214
103  13  -226.681
103  14  -237.134
103  15  -246.134
103  16  -254.129
103  17  -261.493
103  18  -268.559
103  19  -275.656
103  20  -283.161
103  21  -291.59
103  22  -301.799
103  23  -315.565
103  24  -338.095
103  25  -415.173
104  1  125.439
104  2  111.811
104  3  83.5936
104  4  42.7931
104  5  -4.46658
104  6  -51.5805
104  7  -94.0756
104  8  -130.064
104  9  -159.471
104  10  -183.108
104  11  -202.052
104  12  -217.343
104  13  -229.862
104  14  -240.324
104  15  -249.297
104  16  -257.235
104  17  -264.513
104  18  -271.465
104  19  -278.418
104  20  -285.743
104  21  -293.942
104  22  -303.843
104  23  -317.157
104  24  -338.851
104  25  -411.055
105  1  128.108
105  2  113.899
105  3  85.0689
105  4  43.4479
105  5  -4.70975
105  6  -52.669
105  7  -95.8785
105  8  -132.427
105  9  -162.248
105  10  -186.175
105  11  -205.313
105  12  -220.719
105  13  -233.296
105  14  -243.768
105  15  -252.713
105  16  -260.589
105  17  -267.777
105  18  -274.609
105  19  -281.409
105  20  -288.542
105  21  -296.496
105  22  -306.07
105  23  -318.903
105  24  -339.714
105  25  -406.783
106  1  130.704
106  2  115.925
106  3  86.4915
106  4  44.0601
106  5  -4.98511
106  6  -53.7801
106  7  -97.6966
106  8  -134.799
106  9  -165.03
106  10  -189.246
106  11  -208.575
106  12  -224.097
106  13  -236.731
106  14  -247.214
106  15  -256.131
106  16  -263.948
106  17  -271.046
106  18  -277.759
106  19  -284.409
106  20  -291.353
106  21  -299.067
106  22  -308.319
106  23  -320.679
106  24  -340.623
106  25  -402.685
107  1  133.428
107  2  118.046
107  3  87.9695
107  4  44.6744
107  5  -5.31732
107  6  -55.0042
107  7  -99.6753
107  8  -137.369
107  9  -168.038
107  10  -192.563
107  11  -212.097
107  12  -227.744
107  13  -240.439
107  14  -250.934
107  15  -259.822
107  16  -267.576
107  17  -274.58
107  18  -281.167
107  19  -287.657
107  20  -294.401
107  21  -301.858
107  22  -310.769
107  23  -322.628
107  24  -341.655
107  25  -398.455
108  1  136.145
108  2  120.157
108  3  89.4284
108  4  45.2571
108  5  -5.69539
108  6  -56.288
108  7  -101.726
108  8  -140.022
108  9  -171.136
108  10  -195.975
108  11  -215.718
108  12  -231.492
108  13  -244.25
108  14  -254.757
108  15  -263.618
108  16  -271.308
108  17  -278.216
108  18  -284.677
108  19  -291.005
108  20  -297.546
108  21  -304.744
108  22  -313.31
108  23  -324.664
108  24  -342.768
108  25  -394.312
109  1  138.897
109  2  122.289
109  3  90.8896
109  4  45.8149
109  5  -6.12862
109  6  -57.656
109  7  -103.886
109  8  -142.803
109  9  -174.378
109  10  -199.542
109  11  -219.502
109  12  -235.407
109  13  -248.231
109  14  -258.752
109  15  -267.583
109  16  -275.209
109  17  -282.019
109  18  -288.349
109  19  -294.512
109  20  -300.844
109  21  -307.777
109  22  -315.988
109  23  -326.824
109  24  -343.986
109  25  -390.2
110  1  141.501
110  2  124.303
110  3  92.2571
110  4  46.3114
110  5  -6.58818
110  6  -59.0176
110  7  -106.012
110  8  -145.529
110  9  -177.55
110  10  -203.028
110  11  -223.198
110  12  -239.231
110  13  -252.119
110  14  -262.653
110  15  -271.458
110  16  -279.021
110  17  -285.737
110  18  -291.942
110  19  -297.946
110  20  -304.078
110  21  -310.755
110  22  -318.626
110  23  -328.966
110  24  -345.227
110  25  -386.39
111  1  144.17
111  2  126.362
111  3  93.6414
111  4  46.7863
111  5  -7.11192
111  6  -60.4841
111  7  -108.278
111  8  -148.423
111  9  -180.91
111  10  -206.717
111  11  -227.106
111  12  -243.274
111  13  -256.229
111  14  -266.779
111  15  -275.555
111  16  -283.054
111  17  -289.673
111  18  -295.748
111  19  -301.586
111  20  -307.51
111  21  -313.922
111  22  -321.44
111  23  -331.264
111  24  -346.593
111  25  -382.575
112  1  146.992
112  2  128.532
112  3  95.0853
112  4  47.249
112  5  -7.72733
112  6  -62.1177
112  7  -110.775
112  8  -151.599
112  9  -184.59
112  10  -210.753
112  11  -231.38
112  12  -247.693
112  13  -260.722
112  14  -271.289
112  15  -280.036
112  16  -287.466
112  17  -293.98
112  18  -299.915
112  19  -305.575
112  20  -311.276
112  21  -317.402
112  22  -324.541
112  23  -333.814
112  24  -348.147
112  25  -378.647
113  1  149.478
113  2  130.439
113  3  96.3394
113  4  47.6209
113  5  -8.32521
113  6  -63.6318
113  7  -113.066
113  8  -154.502
113  9  -187.947
113  10  -214.431
113  11  -235.273
113  12  -251.718
113  13  -264.813
113  14  -275.396
113  15  -284.117
113  16  -291.486
113  17  -297.907
113  18  -303.716
113  19  -309.217
113  20  -314.717
113  21  -320.589
113  22  -327.389
113  23  -336.169
113  24  -349.615
113  25  -375.281
114  1  152.064
114  2  132.418
114  3  97.6255
114  4  47.9701
114  5  -9.0062
114  6  -65.2865
114  7  -115.548
114  8  -157.633
114  9  -191.561
114  10  -218.387
114  11  -239.458
114  12  -256.043
114  13  -269.21
114  14  -279.81
114  15  -288.504
114  16  -295.809
114  17  -302.131
114  18  -307.809
114  19  -313.141
114  20  -318.429
114  21  -324.031
114  22  -330.473
114  23  -338.732
114  24  -351.246
114  25  -371.879
115  1  154.724
115  2  134.447
115  3  98.9269
115  4  48.2867
115  5  -9.77317
115  6  -67.0779
115  7  -118.209
115  8  -160.979
115  9  -195.416
115  10  -222.602
115  11  -243.914
115  12  -260.648
115  13  -273.891
115  14  -284.509
115  15  -293.176
115  16  -300.413
115  17  -306.632
115  18  -312.171
115  19  -317.328
115  20  -322.394
115  21  -327.714
115  22  -333.781
115  23  -341.498
115  24  -353.042
115  25  -368.491
116  1  157.461
116  2  136.527
116  3  100.242
116  4  48.5642
116  5  -10.6374
116  6  -69.0221
116  7  -121.07
116  8  -164.562
116  9  -199.536
116  10  -227.104
116  11  -248.67
116  12  -265.561
116  13  -278.885
116  14  -289.524
116  15  -298.162
116  16  -305.328
116  17  -311.44
116  18  -316.834
116  19  -321.806
116  20  -326.64
116  21  -331.664
116  22  -337.339
116  23  -344.488
116  24  -355.02
116  25  -365.131
117  1  159.855
117  2  138.341
117  3  101.371
117  4  48.7642
117  5  -11.4605
117  6  -70.813
117  7  -123.684
117  8  -167.823
117  9  -203.279
117  10  -231.188
117  11  -252.984
117  12  -270.016
117  13  -283.413
117  14  -294.07
117  15  -302.683
117  16  -309.788
117  17  -315.803
117  18  -321.068
117  19  -325.875
117  20  -330.502
117  21  -335.263
117  22  -340.588
117  23  -347.232
117  24  -356.869
117  25  -362.3
118  1  162.38
118  2  140.247
118  3  102.538
118  4  48.9289
118  5  -12.4001
118  6  -72.7978
118  7  -126.557
118  8  -171.396
118  9  -207.373
118  10  -235.651
118  11  -257.695
118  12  -274.88
118  13  -288.356
118  14  -299.035
118  15  -307.621
118  16  -314.659
118  17  -320.571
118  18  -325.698
118  19  -330.328
118  20  -334.732
118  21  -339.21
118  22  -344.16
118  23  -350.264
118  24  -358.942
118  25  -359.432
119  1  164.921
119  2  142.158
119  3  103.688
119  4  49.0434
119  5  -13.4259
119  6  -74.9029
119  7  -129.579
119  8  -175.142
119  9  -211.657
119  10  -240.317
119  11  -262.618
119  12  -279.962
119  13  -293.52
119  14  -304.221
119  15  -312.781
119  16  -319.751
119  17  -325.558
119  18  -330.542
119  19  -334.99
119  20  -339.166
119  21  -343.353
119  22  -347.919
119  23  -353.467
119  24  -361.168
119  25  -356.672
120  1  167.296
120  2  143.935
120  3  104.737
120  4  49.1006
120  5  -14.4616
120  6  -76.9736
120  7  -132.53
120  8  -178.786
120  9  -215.818
120  10  -244.845
120  11  -267.393
120  12  -284.889
120  13  -298.527
120  14  -309.25
120  15  -317.785
120  16  -324.69
120  17  -330.396
120  18  -335.245
120  19  -339.519
120  20  -343.478
120  21  -347.387
120  22  -351.587
120  23  -356.608
120  24  -363.382
120  25  -354.214
121  1  169.778
121  2  145.786
121  3  105.805
121  4  49.1051
121  5  -15.6305
121  6  -79.2538
121  7  -135.756
121  8  -182.757
121  9  -220.345
121  10  -249.766
121  11  -272.579
121  12  -290.24
121  13  -303.964
121  14  -314.711
121  15  -323.22
121  16  -330.056
121  17  -335.655
121  18  -340.359
121  19  -344.448
121  20  -348.174
121  21  -351.788
121  22  -355.596
121  23  -360.056
121  24  -365.844
121  25  -351.776
122  1  172.253
122  2  147.621
122  3  106.84
122  4  49.0491
122  5  -16.8896
122  6  -81.6527
122  7  -139.124
122  8  -186.89
122  9  -225.048
122  10  -254.875
122  11  -277.961
122  12  -295.791
122  13  -309.604
122  14  -320.376
122  15  -328.859
122  16  -335.626
122  17  -341.115
122  18  -345.671
122  19  -349.572
122  20  -353.06
122  21  -356.372
122  22  -359.782
122  23  -363.67
122  24  -368.459
122  25  -349.485
123  1  174.769
123  2  149.476
123  3  107.858
123  4  48.9251
123  5  -18.2737
123  6  -84.2309
123  7  -142.719
123  8  -191.287
123  9  -230.042
123  10  -260.294
123  11  -283.666
123  12  -301.675
123  13  -315.582
123  14  -326.381
123  15  -334.837
123  16  -341.531
123  17  -346.907
123  18  -351.309
123  19  -355.014
123  20  -358.255
123  21  -361.252
123  22  -364.248
123  23  -367.542
123  24  -371.295
123  25  -347.309
124  1  177.279
124  2  151.316
124  3  108.837
124  4  48.7282
124  5  -19.7679
124  6  -86.9548
124  7  -146.49
124  8  -195.883
124  9  -235.255
124  10  -265.945
124  11  -289.613
124  12  -307.806
124  13  -321.81
124  14  -332.638
124  15  -341.067
124  16  -347.688
124  17  -352.948
124  18  -357.193
124  19  -360.696
124  20  -363.683
124  21  -366.36
124  22  -368.931
124  23  -371.618
124  24  -374.317
124  25  -345.298
125  1  179.951
125  2  153.259
125  3  109.833
125  4  48.4311
125  5  -21.4932
125  6  -90.0341
125  7  -150.722
125  8  -201.026
125  9  -241.076
125  10  -272.25
125  11  -296.244
125  12  -314.64
125  13  -328.752
125  14  -339.613
125  15  -348.013
125  16  -354.553
125  17  -359.687
125  18  -363.76
125  19  -367.043
125  20  -369.753
125  21  -372.078
125  22  -374.186
125  23  -376.21
125  24  -377.761
125  25  -343.346
126  1  182.745
126  2  155.275
126  3  110.821
126  4  48.0136
126  5  -23.4627
126  6  -93.4757
126  7  -155.417
126  8  -206.711
126  9  -247.501
126  10  -279.2
126  11  -303.549
126  12  -322.168
126  13  -336.398
126  14  -347.295
126  15  -355.665
126  16  -362.119
126  17  -367.116
126  18  -371.003
126  19  -374.049
126  20  -376.46
126  21  -378.405
126  22  -380.013
126  23  -381.322
126  24  -381.642
126  25  -341.524
127  1  185.603
127  2  157.315
127  3  111.767
127  4  47.4616
127  5  -25.6695
127  6  -97.252
127  7  -160.531
127  8  -212.88
127  9  -254.459
127  10  -286.72
127  11  -311.449
127  12  -330.305
127  13  -344.662
127  14  -355.599
127  15  -363.939
127  16  -370.302
127  17  -375.155
127  18  -378.846
127  19  -381.639
127  20  -383.734
127  21  -385.277
127  22  -386.356
127  23  -386.911
127  24  -385.933
127  25  -339.914
128  1  188.974
128  2  159.691
128  3  112.787
128  4  46.6256
128  5  -28.5573
128  6  -102.087
128  7  -167.025
128  8  -220.685
128  9  -263.243
128  10  -296.202
128  11  -321.404
128  12  -340.556
128  13  -355.072
128  14  -366.06
128  15  -374.363
128  16  -380.615
128  17  -385.29
128  18  -388.74
128  19  -391.224
128  20  -392.929
128  21  -393.977
128  22  -394.405
128  23  -394.035
128  24  -391.47
128  25  -338.369
129  1  193.264
129  2  162.654
129  3  113.91
129  4  45.2235
129  5  -32.7511
129  6  -108.931
129  7  -176.127
129  8  -231.573
129  9  -275.466
129  10  -309.377
129  11  -335.225
129  12  -354.782
129  13  -369.516
129  14  -380.576
129  15  -388.831
129  16  -394.936
129  17  -399.374
129  18  -402.499
129  19  -404.566
129  20  -405.746
129  21  -406.127
129  22  -405.68
129  23  -404.064
129  24  -399.377
129  25  -337.025
130  1  330.603
130  2  174.435
130  3  114.502
130  4  30.4101
130  5  -64.6238
130  6  -157.015
130  7  -238.048
130  8  -304.446
130  9  -356.542
130  10  -396.321
130  11  -426.163
130  12  -448.251
130  13  -464.377
130  14  -475.932
130  15  -483.961
130  16  -489.23
130  17  -492.289
130  18  -493.512
130  19  -493.127
130  20  -491.214
130  21  -487.672
130  22  -482.076
130  23  -473.182
130  24  -456.229
130  25  -344.515
