1  1  101.259
1  2  95.0247
1  3  94.3715
1  4  95.2992
1  5  97.1731
1  6  99.7968
1  7  103.099
1  8  107.051
1  9  111.636
1  10  116.823
1  11  122.548
1  12  128.698
1  13  135.083
1  14  141.429
1  15  147.371
1  16  152.474
1  17  156.273
1  18  158.349
1  19  158.395
1  20  156.275
1  21  152.018
1  22  145.761
1  23  137.579
1  24  127.03
1  25  110.328
2  1  91.844
2  2  84.0228
2  3  81.5545
2  4  80.3522
2  5  79.7956
2  6  79.6833
2  7  79.9378
2  8  80.5336
2  9  81.4726
2  10  82.7726
2  11  84.4612
2  12  86.5692
2  13  89.1227
2  14  92.1295
2  15  95.5617
2  16  99.3314
2  17  103.261
2  18  107.06
2  19  110.327
2  20  112.579
2  21  113.336
2  22  112.191
2  23  108.813
2  24  102.612
2  25  90.8679
3  1  92.2552
3  2  83.7834
3  3  80.7283
3  4  78.7893
3  5  77.3518
3  6  76.2077
3  7  75.2646
3  8  74.4776
3  9  73.8266
3  10  73.3067
3  11  72.9247
3  12  72.6971
3  13  72.6507
3  14  72.8213
3  15  73.2523
3  16  73.9889
3  17  75.0686
3  18  76.5001
3  19  78.2358
3  20  80.1388
3  21  81.9637
3  22  83.3647
3  23  83.9227
3  24  83.0726
3  25  79.4586
4  1  94.6535
4  2  85.8222
4  3  82.6119
4  4  80.47
4  5  78.7836
4  6  77.3424
4  7  76.0513
4  8  74.8608
4  9  73.7439
4  10  72.6892
4  11  71.6965
4  12  70.7755
4  13  69.9484
4  14  69.2501
4  15  68.7303
4  16  68.4527
4  17  68.4895
4  18  68.91
4  19  69.7578
4  20  71.0205
4  21  72.6048
4  22  74.3243
4  23  75.9088
4  24  76.969
4  25  75.7762
5  1  98.5959
5  2  89.2865
5  3  86.0096
5  4  83.7953
5  5  82.0217
5  6  80.4798
5  7  79.0751
5  8  77.7606
5  9  76.5129
5  10  75.3249
5  11  74.2027
5  12  73.1645
5  13  72.2408
5  14  71.4757
5  15  70.923
5  16  70.6421
5  17  70.6871
5  18  71.0925
5  19  71.8563
5  20  72.9269
5  21  74.2006
5  22  75.5278
5  23  76.7112
5  24  77.4125
5  25  74.5535
6  1  103.839
6  2  93.8092
6  3  90.4935
6  4  88.2857
6  5  86.5365
6  6  85.0332
6  7  83.6831
6  8  82.4429
6  9  81.2945
6  10  80.2369
6  11  79.2812
6  12  78.4485
6  13  77.7666
6  14  77.2669
6  15  76.9775
6  16  76.9162
6  17  77.0827
6  18  77.4528
6  19  77.9773
6  20  78.5839
6  21  79.181
6  22  79.6554
6  23  79.8402
6  24  79.3288
6  25  73.5828
7  1  109.746
7  2  98.6987
7  3  95.2988
7  4  93.0995
7  5  91.4004
7  6  89.9754
7  7  88.7278
7  8  87.6124
7  9  86.6102
7  10  85.7171
7  11  84.9386
7  12  84.2843
7  13  83.7648
7  14  83.3868
7  15  83.1485
7  16  83.0365
7  17  83.0249
7  18  83.0752
7  19  83.139
7  20  83.159
7  21  83.066
7  22  82.7632
7  23  82.0716
7  24  80.4685
7  25  72.1309
8  1  41.1311
8  2  104.338
8  3  100.724
8  4  98.4659
8  5  96.7739
8  6  95.3938
8  7  94.2155
8  8  93.1845
8  9  92.2725
8  10  91.4648
8  11  90.7534
8  12  90.1324
8  13  89.5949
8  14  89.1301
8  15  88.7221
8  16  88.3496
8  17  87.9859
8  18  87.6003
8  19  87.1569
8  20  86.6113
8  21  85.9027
8  22  84.9296
8  23  83.4756
8  24  80.8742
8  25  69.95
9  1  128.201
9  2  118.927
9  3  119.804
9  4  103.099
9  5  101.337
9  6  99.9254
9  7  98.7354
9  8  97.6998
9  9  96.7792
9  10  95.9482
9  11  95.1879
9  12  94.4828
9  13  93.8175
9  14  93.1766
9  15  92.5429
9  16  91.8974
9  17  91.2193
9  18  90.4846
9  19  89.6631
9  20  88.7142
9  21  87.5736
9  22  86.1251
9  23  84.1118
9  24  80.7345
9  25  67.6038
10  1  134.536
10  2  123.553
10  3  124.215
10  4  106.72
10  5  104.847
10  6  103.358
10  7  102.108
10  8  101.019
10  9  100.041
10  10  99.1404
10  11  98.2933
10  12  97.478
10  13  96.677
10  14  95.8734
10  15  95.0517
10  16  94.1958
10  17  93.2883
10  18  92.3079
10  19  91.2264
10  20  90.0011
10  21  88.5619
10  22  86.7776
10  23  84.3562
10  24  80.3887
10  25  65.4763
11  1  136.19
11  2  123.282
11  3  123.038
11  4  124.555
11  5  107.429
11  6  105.854
11  7  104.533
11  8  103.377
11  9  102.332
11  10  101.358
11  11  100.427
11  12  99.5147
11  13  98.6016
11  14  97.6716
11  15  96.7101
11  16  95.7028
11  17  94.6338
11  18  93.4829
11  19  92.221
11  20  90.8032
11  21  89.1534
11  22  87.1284
11  23  84.4075
11  24  79.9959
11  25  63.6992
12  1  137.446
12  2  122.698
12  3  121.527
12  4  122.247
12  5  109.656
12  6  107.986
12  7  106.584
12  8  105.354
12  9  104.236
12  10  103.185
12  11  102.17
12  12  101.164
12  13  100.148
12  14  99.1048
12  15  98.0214
12  16  96.8842
12  17  95.6782
12  18  94.3828
12  19  92.9681
12  20  91.3863
12  21  89.5554
12  22  87.3205
12  23  84.3346
12  24  79.5241
12  25  61.9599
13  1  138.613
13  2  122.339
13  3  120.402
13  4  120.453
13  5  111.397
13  6  109.637
13  7  108.159
13  8  106.86
13  9  105.674
13  10  104.553
13  11  103.464
13  12  102.378
13  13  101.276
13  14  100.141
13  15  98.9596
13  16  97.7189
13  17  96.4041
13  18  94.9944
13  19  93.4586
13  20  91.7459
13  21  89.7692
13  22  87.3637
13  23  84.1606
13  24  79.0196
13  25  60.3922
14  1  139.83
14  2  122.155
14  3  119.532
14  4  118.986
14  5  119.079
14  6  111.046
14  7  109.492
14  8  108.122
14  9  106.868
14  10  105.68
14  11  104.519
14  12  103.358
14  13  102.177
14  14  100.957
14  15  99.6867
14  16  98.3529
14  17  96.9404
14  18  95.4282
14  19  93.7832
14  20  91.9519
14  21  89.8426
14  22  87.2809
14  23  83.8773
14  24  78.4293
14  25  58.8068
15  1  141.061
15  2  122.09
15  3  118.848
15  4  117.768
15  5  117.36
15  6  112.235
15  7  110.604
15  8  109.165
15  9  107.844
15  10  106.589
15  11  105.359
15  12  104.128
15  13  102.871
15  14  101.573
15  15  100.22
15  16  98.801
15  17  97.2989
15  18  95.6924
15  19  93.9468
15  20  92.0061
15  21  89.7738
15  22  87.0662
15  23  83.4745
15  24  77.7368
15  25  57.1706
16  1  142.294
16  2  122.083
16  3  118.264
16  4  116.692
16  5  115.824
16  6  113.236
16  7  111.527
16  8  110.017
16  9  108.628
16  10  107.306
16  11  106.009
16  12  104.707
16  13  103.378
16  14  102.005
16  15  100.574
16  16  99.0725
16  17  97.4851
16  18  95.7887
16  19  93.9468
16  20  91.9012
16  21  89.5501
16  22  86.7017
16  23  82.9273
16  24  76.9073
16  25  55.4175
17  1  143.365
17  2  122.081
17  3  117.776
17  4  115.794
17  5  114.545
17  6  113.965
17  7  112.185
17  8  110.611
17  9  109.162
17  10  107.78
17  11  106.423
17  12  105.059
17  13  103.666
17  14  102.227
17  15  100.728
17  16  99.1561
17  17  97.4948
17  18  95.7205
17  19  93.7955
17  20  91.6586
17  21  89.2042
17  22  86.2324
17  23  82.2978
17  24  76.0297
17  25  53.7255
18  1  144.426
18  2  122.044
18  3  117.253
18  4  114.866
18  5  113.24
18  6  114.553
18  7  112.698
18  8  111.055
18  9  109.541
18  10  108.096
18  11  106.676
18  12  105.249
18  13  103.79
18  14  102.283
18  15  100.714
18  16  99.0697
18  17  97.3328
18  18  95.4786
18  19  93.4681
18  20  91.2372
18  21  88.676
18  22  85.5767
18  23  81.4761
18  24  74.9501
18  25  51.7973
19  1  145.325
19  2  121.946
19  3  116.724
19  4  113.979
19  5  112.025
19  6  114.925
19  7  112.999
19  8  111.292
19  9  109.718
19  10  108.214
19  11  106.736
19  12  105.249
19  13  103.73
19  14  102.162
19  15  100.529
19  16  98.8186
19  17  97.0129
19  18  95.0859
19  19  92.9974
19  20  90.6806
19  21  88.0218
19  22  84.8057
19  23  80.5524
19  24  73.7888
19  25  49.854
20  1  146.033
20  2  121.789
20  3  116.199
20  4  113.152
20  5  110.922
20  6  115.108
20  7  113.118
20  8  111.354
20  9  109.727
20  10  108.171
20  11  106.641
20  12  105.103
20  13  103.531
20  14  101.909
20  15  100.22
20  16  98.4526
20  17  96.5869
20  18  94.5968
20  19  92.4402
20  20  90.0488
20  21  87.3048
20  22  83.9862
20  23  79.5994
20  24  72.6275
20  25  48.0057
21  1  146.647
21  2  121.55
21  3  115.601
21  4  112.263
21  5  109.768
21  6  115.147
21  7  113.094
21  8  111.273
21  9  109.591
21  10  107.984
21  11  106.402
21  12  104.813
21  13  103.189
21  14  101.513
21  15  99.7694
21  16  97.9447
21  17  96.0199
21  18  93.9671
21  19  91.7431
21  20  89.2774
21  21  86.4489
21  22  83.0286
21  23  78.5084
21  24  71.3288
21  25  46.0216
22  1  147.13
22  2  121.238
22  3  114.961
22  4  111.357
22  5  108.62
22  6  115.051
22  7  112.938
22  8  111.063
22  9  109.33
22  10  107.673
22  11  106.043
22  12  104.405
22  13  102.732
22  14  101.006
22  15  99.2117
22  16  97.334
22  17  95.3538
22  18  93.2426
22  19  90.9557
22  20  88.4208
22  21  85.5128
22  22  81.9972
22  23  77.3526
22  24  69.9781
22  25  44.0271
23  1  147.526
23  2  120.82
23  3  114.21
23  4  110.339
23  5  107.36
23  6  114.814
23  7  112.638
23  8  110.706
23  9  108.921
23  10  107.213
23  11  105.533
23  12  103.845
23  13  102.122
23  14  100.344
23  15  98.4974
23  16  96.5654
23  17  94.5285
23  18  92.3572
23  19  90.0058
23  20  87.3995
23  21  84.4103
23  22  80.7966
23  23  76.0232
23  24  68.4479
23  25  41.8329
24  1  147.809
24  2  120.304
24  3  113.369
24  4  109.24
24  5  106.029
24  6  114.441
24  7  112.203
24  8  110.214
24  9  108.376
24  10  106.618
24  11  104.889
24  12  103.152
24  13  101.379
24  14  99.5505
24  15  97.6517
24  16  95.6662
24  17  93.5734
24  18  91.3432
24  19  88.9282
24  20  86.2516
24  21  83.1819
24  22  79.4715
24  23  74.5709
24  24  66.7971
24  25  39.5254
25  1  147.977
25  2  119.711
25  3  112.471
25  4  108.1
25  5  104.671
25  6  113.957
25  7  111.659
25  8  109.617
25  9  107.728
25  10  105.922
25  11  104.145
25  12  102.361
25  13  100.54
25  14  98.6638
25  15  96.7156
25  16  94.6792
25  17  92.5333
25  18  90.2469
25  19  87.7712
25  20  85.0277
25  21  81.8811
25  22  78.0783
25  23  73.0565
25  24  65.093
25  25  37.1935
26  1  148.044
26  2  119.023
26  3  111.483
26  4  106.873
26  5  103.232
26  6  99.8306
26  7  110.996
26  8  108.9
26  9  106.961
26  10  105.106
26  11  103.282
26  12  101.45
26  13  99.5825
26  14  97.6583
26  15  95.6612
26  16  93.5741
26  17  91.3755
26  18  89.0329
26  19  86.497
26  20  83.6868
26  21  80.464
26  22  76.5691
26  23  71.4263
26  24  63.2735
26  25  34.7478
27  1  148.017
27  2  118.258
27  3  110.426
27  4  105.587
27  5  101.74
27  6  98.1482
27  7  110.236
27  8  108.087
27  9  106.098
27  10  104.196
27  11  102.326
27  12  100.448
27  13  98.5341
27  14  96.5631
27  15  94.518
27  16  92.3815
27  17  90.1312
27  18  87.7343
27  19  85.1395
27  20  82.264
27  21  78.9665
27  22  74.9815
27  23  69.7205
27  24  61.3826
27  25  32.244
28  1  147.895
28  2  117.376
28  3  109.244
28  4  104.169
28  5  100.112
28  6  96.3262
28  7  109.343
28  8  107.138
28  9  105.099
28  10  103.147
28  11  101.229
28  12  99.3036
28  13  97.3418
28  14  95.3223
28  15  93.2278
28  16  91.0402
28  17  88.7368
28  18  86.2834
28  19  83.6279
28  20  80.685
28  21  77.3104
28  22  73.2324
28  23  67.8489
28  24  59.3192
28  25  29.5463
29  1  147.698
29  2  116.45
29  3  108.031
29  4  102.732
29  5  98.4753
29  6  94.5043
29  7  108.394
29  8  106.136
29  9  104.046
29  10  102.048
29  11  100.084
29  12  98.1125
29  13  96.1048
29  14  94.0389
29  15  91.897
29  16  89.6605
29  17  87.306
29  18  84.7987
29  19  82.0848
29  20  79.0775
29  21  75.6289
29  22  71.4614
29  23  65.9604
29  24  57.247
29  25  26.865
30  1  147.459
30  2  115.546
30  3  106.867
30  4  101.365
30  5  96.9271
30  6  92.7886
30  7  107.462
30  8  105.155
30  9  103.02
30  10  100.979
30  11  98.9725
30  12  96.9597
30  13  94.9103
30  14  92.8022
30  15  90.6171
30  16  88.3362
30  17  85.9354
30  18  83.3788
30  19  80.612
30  20  77.5459
30  21  74.03
30  22  69.7812
30  23  64.1733
30  24  55.2924
30  25  24.3558
31  1  147.172
31  2  114.597
31  3  105.658
31  4  99.9535
31  5  95.3353
31  6  91.03
31  7  106.478
31  8  104.123
31  9  101.944
31  10  99.859
31  11  97.8107
31  12  95.7562
31  13  93.6652
31  14  91.515
31  15  89.2869
31  16  86.9617
31  17  84.5146
31  18  81.9092
31  19  79.0893
31  20  75.9647
31  21  72.3816
31  22  68.0517
31  23  62.3371
31  24  53.2889
31  25  21.7991
32  1  146.854
32  2  113.626
32  3  104.432
32  4  98.5274
32  5  93.7314
32  6  89.2618
32  7  105.472
32  8  103.069
32  9  100.845
32  10  98.7174
32  11  96.6279
32  12  94.5325
32  13  92.4006
32  14  90.2089
32  15  87.9386
32  16  85.5699
32  17  83.0772
32  18  80.4237
32  19  77.5519
32  20  74.3695
32  21  70.7203
32  22  66.3105
32  23  60.491
32  24  51.2786
32  25  19.2442
33  1  146.532
33  2  112.683
33  3  103.247
33  4  97.1524
33  5  92.1876
33  6  87.562
33  7  104.495
33  8  102.047
33  9  99.7808
33  10  97.6134
33  11  95.4847
33  12  93.3506
33  13  91.1799
33  14  88.949
33  15  86.6387
33  16  84.2287
33  17  81.6931
33  18  78.9939
33  19  76.0728
33  20  72.8359
33  21  69.1241
33  22  64.6389
33  23  58.7199
33  24  49.3515
33  25  16.8017
34  1  146.196
34  2  111.719
34  3  102.036
34  4  95.7488
34  5  90.6124
34  6  85.8277
34  7  103.499
34  8  101.005
34  9  98.6963
34  10  96.4883
34  11  94.3198
34  12  92.1467
34  13  89.9367
34  14  87.6663
34  15  85.3155
34  16  82.8638
34  17  80.2846
34  18  77.5394
34  19  74.5686
34  20  71.2766
34  21  67.5016
34  22  62.9399
34  23  56.9203
34  24  47.3948
34  25  14.3241
35  1  135.672
35  2  109.419
35  3  100.439
35  4  94.299
35  5  89.1371
35  6  84.2535
35  7  102.698
35  8  100.147
35  9  97.7668
35  10  95.4796
35  11  93.2282
35  12  91.0002
35  13  88.7373
35  14  86.4159
35  15  84.0158
35  16  81.5532
35  17  78.9569
35  18  76.187
35  19  73.1826
35  20  69.8545
35  21  66.0183
35  22  61.3719
35  23  55.223
35  24  45.451
35  25  11.0464
36  1  145.583
36  2  109.912
36  3  99.7575
36  4  93.1003
36  5  87.6337
36  6  82.5433
36  7  101.646
36  8  99.0654
36  9  96.6759
36  10  94.3909
36  11  92.1475
36  12  89.9003
36  13  87.6163
36  14  85.2709
36  15  82.8436
36  16  80.3133
36  17  77.6519
36  18  74.8196
36  19  71.7546
36  20  68.3586
36  21  64.464
36  22  59.758
36  23  53.5485
36  24  43.7256
36  25  9.6708
37  1  145.307
37  2  109.02
37  3  98.6214
37  4  91.7713
37  5  86.132
37  6  80.8815
37  7  100.745
37  8  98.119
37  9  95.6883
37  10  93.364
37  11  91.0824
37  12  88.7973
37  13  86.4753
37  14  84.0916
37  15  81.6253
37  16  79.0545
37  17  76.3511
37  18  73.4744
37  19  70.3614
37  20  66.9119
37  21  62.9563
37  22  58.1764
37  23  51.87
37  24  41.8954
37  25  7.33792
38  1  145.084
38  2  108.203
38  3  97.5666
38  4  90.5282
38  5  84.7201
38  6  79.3125
38  7  99.9294
38  8  97.2614
38  9  94.791
38  10  92.4291
38  11  90.1108
38  12  87.7894
38  13  85.431
38  14  83.0106
38  15  80.5068
38  16  77.8973
38  17  75.1537
38  18  72.2341
38  19  69.0749
38  20  65.5745
38  21  61.5603
38  22  56.7098
38  23  50.3104
38  24  40.1901
38  25  5.15167
39  1  122.207
39  2  107.489
39  3  96.628
39  4  89.4112
39  5  83.4426
39  6  77.8854
39  7  99.2303
39  8  96.5227
39  9  94.0157
39  10  91.6189
39  11  89.2664
39  12  86.9113
39  13  84.5192
39  14  82.0645
39  15  79.526
39  16  76.8806
39  17  74.0994
39  18  71.1402
39  19  67.9382
39  20  64.3905
39  21  60.3218
39  22  55.4057
39  23  48.9199
39  24  38.6648
39  25  -25.3189
40  1  127.319
40  2  106.797
40  3  95.6967
40  4  88.2879
40  5  82.1459
40  6  76.4273
40  7  98.5721
40  8  95.8231
40  9  93.2778
40  10  90.8441
40  11  88.4559
40  12  86.0654
40  13  83.6378
40  14  81.1473
40  15  78.572
40  16  75.8889
40  17  73.0685
40  18  70.0676
40  19  66.8208
40  20  63.2232
40  21  59.0974
40  22  54.1124
40  23  47.5361
40  24  37.1394
40  25  -20.5214
41  1  130.654
41  2  106.195
41  3  94.8573
41  4  87.2572
41  5  80.9416
41  6  75.0607
41  7  98.0239
41  8  95.235
41  9  92.6523
41  10  90.1832
41  11  87.7605
41  12  85.3357
41  13  82.8737
41  14  80.3485
41  15  77.7376
41  16  75.0181
41  17  72.1594
41  18  69.1182
41  19  65.8278
41  20  62.1819
41  21  58.0009
41  22  52.9493
41  23  46.2855
41  24  35.7518
41  25  -17.9613
42  1  133.024
42  2  105.695
42  3  94.1249
42  4  86.3363
42  5  79.8493
42  6  73.8076
42  7  97.5991
42  8  94.7721
42  9  92.1542
42  10  89.6512
42  11  87.1956
42  12  84.7381
42  13  82.2434
42  14  79.685
42  15  77.0405
42  16  74.286
42  17  71.3909
42  18  68.3112
42  19  64.9791
42  20  61.2874
42  21  57.054
42  22  51.9385
42  23  45.1916
42  24  34.5278
42  25  -16.564
43  1  134.97
43  2  105.268
43  3  93.4542
43  4  85.466
43  5  78.7959
43  6  72.5823
43  7  97.2795
43  8  94.4139
43  9  91.76
43  10  89.2229
43  11  86.7335
43  12  84.2427
43  13  81.7146
43  14  79.1223
43  15  76.4432
43  16  73.6529
43  17  70.7209
43  18  67.6018
43  19  64.2274
43  20  60.4888
43  21  56.2017
43  22  51.0218
43  23  44.1899
43  24  33.3937
43  25  -15.7456
44  1  136.531
44  2  104.955
44  3  92.905
44  4  84.7215
44  5  77.872
44  6  71.4888
44  7  97.1002
44  8  94.1986
44  9  91.5114
44  10  88.9421
44  11  86.4217
44  12  83.8998
44  13  81.3404
44  14  78.7165
44  15  76.005
44  16  73.1815
44  17  70.2148
44  18  67.059
44  19  63.6449
44  20  59.8625
44  21  55.5252
44  22  50.2851
44  23  43.3743
44  24  32.4549
44  25  -15.3065
45  1  137.888
45  2  104.739
45  3  92.4549
45  4  84.0755
45  5  77.0444
45  6  70.4897
45  7  97.0509
45  8  94.1153
45  9  91.3964
45  10  88.7967
45  11  86.2463
45  12  83.6947
45  13  81.1055
45  14  78.4513
45  15  75.7088
45  16  72.8535
45  17  69.8535
45  18  66.6625
45  19  63.2108
45  20  59.3867
45  21  55.0017
45  22  49.7039
45  23  42.7179
45  24  31.6812
45  25  -15.0491
46  1  139.179
46  2  104.611
46  3  92.0811
46  4  83.4939
46  5  76.269
46  6  69.5304
46  7  97.1361
46  8  94.1668
46  9  91.4162
46  10  88.7862
46  11  86.2061
46  12  83.6248
46  13  81.0057
46  14  78.3211
46  15  75.5477
46  16  72.6605
46  17  69.627
46  18  66.401
46  19  62.9113
46  20  59.0454
46  21  54.6125
46  22  49.2575
46  23  42.1963
46  24  31.043
46  25  -14.862
47  1  140.402
47  2  104.575
47  3  91.7943
47  4  82.9928
47  5  75.5667
47  6  68.6359
47  7  97.3621
47  8  94.3602
47  9  91.5797
47  10  88.9206
47  11  86.3118
47  12  83.7019
47  13  81.054
47  14  78.3401
47  15  75.5366
47  16  72.6185
47  17  69.5529
47  18  66.2928
47  19  62.7665
47  20  58.8603
47  21  54.3815
47  22  48.9715
47  23  41.8383
47  24  30.5731
47  25  -14.684
48  1  141.562
48  2  104.621
48  3  91.5894
48  4  82.5698
48  5  74.9372
48  6  67.8089
48  7  97.7202
48  8  94.6884
48  9  91.8796
48  10  89.1934
48  11  86.5578
48  12  83.9211
48  13  81.2459
48  14  78.5044
48  15  75.6726
48  16  72.7251
48  17  69.6293
48  18  66.3371
48  19  62.7764
48  20  58.8324
48  21  54.3103
48  22  48.8485
48  23  41.6479
48  24  30.2781
48  25  -14.4708
49  1  142.77
49  2  104.748
49  3  91.4402
49  4  82.177
49  5  74.3123
49  6  66.9605
49  7  98.25
49  8  95.188
49  9  92.3511
49  10  89.6375
49  11  86.9747
49  12  84.3106
49  13  81.6077
49  14  78.8378
49  15  75.9772
49  16  72.9999
49  17  69.8729
49  18  66.5479
49  19  62.9522
49  20  58.9696
49  21  54.4038
49  22  48.8896
49  23  41.6208
49  24  30.1459
49  25  -14.163
50  1  143.845
50  2  104.918
50  3  91.3505
50  4  81.8543
50  5  73.7653
50  6  66.1971
50  7  98.8605
50  8  95.7731
50  9  92.9121
50  10  90.1753
50  11  87.4892
50  12  84.8016
50  13  82.0747
50  14  79.2804
50  15  76.3947
50  16  73.3914
50  17  70.2375
50  18  66.8845
50  19  63.2583
50  20  59.2425
50  21  54.6392
50  22  49.08
50  23  41.7533
50  24  30.1888
50  25  -13.7883
51  1  144.95
51  2  105.137
51  3  91.2823
51  4  81.5251
51  5  73.1825
51  6  65.3682
51  7  99.6331
51  8  96.521
51  9  93.6368
51  10  90.8771
51  11  88.1681
51  12  85.4572
51  13  82.7064
51  14  79.8877
51  15  76.9768
51  16  73.9477
51  17  70.7668
51  18  67.3855
51  19  63.7294
51  20  59.6805
51  21  55.04
51  22  49.4366
51  23  42.0528
51  24  30.4011
51  25  -13.2761
52  1  145.932
52  2  105.353
52  3  91.22
52  4  81.204
52  5  72.6083
52  6  64.5475
52  7  100.459
52  8  97.3262
52  9  94.4224
52  10  91.6435
52  11  88.9149
52  12  86.1839
52  13  83.4125
52  14  80.5725
52  15  77.6398
52  16  74.5881
52  17  71.3841
52  18  67.9781
52  19  64.296
52  20  60.2188
52  21  55.5464
52  22  49.9054
52  23  42.4733
52  24  30.7482
52  25  -12.6843
53  1  146.903
53  2  105.568
53  3  91.1245
53  4  80.8148
53  5  71.9292
53  6  63.5847
53  7  101.434
53  8  98.2825
53  9  95.3606
53  10  92.5635
53  11  89.8164
53  12  87.0661
53  13  84.2745
53  14  81.4137
53  15  78.4594
53  16  75.3858
53  17  72.1588
53  18  68.7293
53  19  65.0217
53  20  60.9173
53  21  56.2144
53  22  50.5376
53  23  43.06
53  24  31.2658
53  25  -11.9307
54  1  147.872
54  2  105.751
54  3  90.9371
54  4  80.2693
54  5  71.0265
54  6  62.332
54  7  53.8274
54  8  99.4626
54  9  96.524
54  10  93.7099
54  11  90.9446
54  12  88.1751
54  13  85.3634
54  14  82.4816
54  15  79.5056
54  16  76.4097
54  17  73.1597
54  18  69.7063
54  19  65.9738
54  20  61.8422
54  21  57.1094
54  22  51.3981
54  23  43.877
54  24  32.0183
54  25  -10.9296
55  1  148.649
55  2  105.824
55  3  90.6193
55  4  79.5669
55  5  69.9377
55  6  60.8621
55  7  51.9971
55  8  100.7
55  9  97.7494
55  10  94.922
55  11  92.1423
55  12  89.3569
55  13  86.5282
55  14  83.6285
55  15  80.634
55  16  77.519
55  17  74.2494
55  18  70.776
55  19  67.0224
55  20  62.869
55  21  58.112
55  22  52.3731
55  23  44.8183
55  24  32.9112
55  25  -9.79825
56  1  149.221
56  2  101.029
56  3  90.0985
56  4  78.6114
56  5  68.5416
56  6  59.0306
56  7  49.7536
56  8  102.023
56  9  99.0639
56  10  96.227
56  11  93.436
56  12  90.6376
56  13  87.7945
56  14  84.8794
56  15  81.8689
56  16  78.7374
56  17  75.4512
56  18  71.9605
56  19  68.19
56  20  64.0183
56  21  59.2424
56  22  53.4826
56  23  45.9034
56  24  32.2387
56  25  -8.49693
57  1  149.538
57  2  100.765
57  3  89.1835
57  4  77.1373
57  5  66.4968
57  6  56.4205
57  7  46.609
57  8  103.572
57  9  100.611
57  10  97.7677
57  11  94.9683
57  12  92.1592
57  13  89.3035
57  14  86.3744
57  15  83.3491
57  16  80.2028
57  17  76.9016
57  18  73.3963
57  19  69.6108
57  20  65.425
57  21  60.6348
57  22  54.8605
57  23  47.2661
57  24  33.9191
57  25  -6.84607
58  1  149.42
58  2  99.987
58  3  87.7748
58  4  75.0586
58  5  63.7298
58  6  52.9709
58  7  42.5153
58  8  105.2
58  9  102.241
58  10  99.3988
58  11  96.5959
58  12  93.7801
58  13  90.9154
58  14  87.9757
58  15  84.9392
58  16  81.7815
58  17  78.4695
58  18  74.9539
58  19  71.1596
58  20  66.9658
58  21  62.1692
58  22  56.3912
58  23  48.7969
58  24  35.7403
58  25  -4.95439
59  1  148.751
59  2  98.5542
59  3  85.7229
59  4  72.194
59  5  60.0263
59  6  48.4358
59  7  37.1981
59  8  106.875
59  9  103.929
59  10  101.093
59  11  98.2923
59  12  95.4742
59  13  92.6042
59  14  89.6576
59  15  86.6135
59  16  83.4484
59  17  80.1299
59  18  76.6095
59  19  72.8119
59  20  68.6177
59  21  63.8243
59  22  58.0544
59  23  50.4778
59  24  37.6868
59  25  -2.81954
60  1  147.247
60  2  96.0395
60  3  75.9904
60  4  67.8662
60  5  54.5409
60  6  41.805
60  7  29.4964
60  8  108.766
60  9  105.843
60  10  103.023
60  11  100.23
60  12  97.4146
60  13  94.5429
60  14  91.5924
60  15  88.5439
60  16  85.375
60  17  82.0546
60  18  78.5347
60  19  74.7413
60  20  70.5558
60  21  65.7775
60  22  60.0324
60  23  51.6131
60  24  39.9764
60  25  -0.162853
61  1  144.541
61  2  91.9254
61  3  70.3551
61  4  61.3134
61  5  46.3255
61  6  31.9525
61  7  18.1276
61  8  5.03719
61  9  108.023
61  10  105.231
61  11  102.454
61  12  99.6457
61  13  96.7758
61  14  93.8243
61  15  90.7743
61  16  87.6055
61  17  84.2884
61  18  80.7762
61  19  76.9965
61  20  72.832
61  21  68.0855
61  22  62.3886
61  23  54.155
61  24  42.6875
61  25  3.17762
62  1  139.968
62  2  85.0688
62  3  60.8947
62  4  40.2041
62  5  32.859
62  6  15.8217
62  7  -0.432087
62  8  -15.5525
62  9  110.773
62  10  108.026
62  11  105.275
62  12  102.478
62  13  99.6102
62  14  96.6573
62  15  93.6064
62  16  90.4404
62  17  87.1316
62  18  83.6358
62  19  79.8825
62  20  75.7579
62  21  71.0696
62  22  64.451
62  23  57.3966
62  24  46.2201
62  25  7.81124
63  1  134.372
63  2  75.6449
63  3  46.9647
63  4  21.4395
63  5  -3.09701
63  6  -9.09734
63  7  -29.2201
63  8  -47.4465
63  9  -63.1731
63  10  111.584
63  11  108.86
63  12  106.066
63  13  103.189
63  14  100.223
63  15  97.1611
63  16  93.9912
63  17  90.6889
63  18  87.213
63  19  83.4961
63  20  79.4285
63  21  73.3615
63  22  68.2495
63  23  61.4662
63  24  50.7299
63  25  14.069
64  1  135.335
64  2  69.8346
64  3  33.0198
64  4  -1.22008
64  5  -34.4382
64  6  -66.1029
64  7  -95.0827
64  8  -92.2307
64  9  -110.95
64  10  -125.04
64  11  -134.582
64  12  110.933
64  13  108.003
64  14  104.981
64  15  101.87
64  16  98.6628
64  17  95.3405
64  18  91.8644
64  19  85.5237
64  20  82.0981
64  21  78.1029
64  22  73.2227
64  23  66.76
64  24  56.5946
64  25  22.4698
65  1  167.184
65  2  92.3355
65  3  43.8875
65  4  -2.9372
65  5  -48.5859
65  6  -91.4023
65  7  -129.339
65  8  -160.715
65  9  -184.636
65  10  -164.816
65  11  -174.388
65  12  -178.84
65  13  -179.303
65  14  110.479
65  15  107.258
65  16  103.951
65  17  96.472
65  18  93.8056
65  19  90.8143
65  20  87.4155
65  21  83.4586
65  22  78.6529
65  23  72.3504
65  24  62.5883
65  25  30.9326
66  1  254.199
66  2  169.722
66  3  108.05
66  4  46.2119
66  5  -14.6293
66  6  -71.2494
66  7  -120.478
66  8  -160.207
66  9  -189.753
66  10  -209.683
66  11  -221.367
66  12  -226.501
66  13  -189.97
66  14  -195.081
66  15  -189.611
66  16  105.345
66  17  102.777
66  18  99.8983
66  19  96.676
66  20  93.0357
66  21  88.8345
66  22  83.7926
66  23  77.2869
66  24  67.448
66  25  37.2094
67  1  397.029
67  2  304.739
67  3  229.864
67  4  151.582
67  5  73.1546
67  6  -0.141119
67  7  -63.7354
67  8  -115.016
67  9  -153.506
67  10  -180.316
67  11  -197.396
67  12  -216.302
67  13  -218.24
67  14  -216.573
67  15  -178.979
67  16  -174.823
67  17  110.94
67  18  107.527
67  19  103.728
67  20  99.4699
67  21  94.6099
67  22  88.8626
67  23  81.5969
67  24  70.9505
67  25  40.5782
68  1  537.521
68  2  440.081
68  3  354.187
68  4  261.343
68  5  167.125
68  6  78.9434
68  7  2.65616
68  8  -58.8084
68  9  -105.296
68  10  -151.038
68  11  -170.665
68  12  -182.379
68  13  -188.366
68  14  -190.376
68  15  -189.749
68  16  -187.478
68  17  -154.452
68  18  -151.926
68  19  115.126
68  20  109.493
68  21  103.144
68  22  95.773
68  23  86.7061
68  24  73.9932
68  25  41.354
69  1  629.673
69  2  518.596
69  3  416.825
69  4  309.08
69  5  203.106
69  6  107.307
69  7  27.1463
69  8  -35.708
69  9  -94.5033
69  10  -125.119
69  11  -146.019
69  12  -159.973
69  13  -169.21
69  14  -175.422
69  15  -179.845
69  16  -183.373
69  17  -186.651
69  18  -162.738
69  19  -167.638
69  20  112.063
69  21  96.0277
69  22  78.4435
69  23  58.5312
69  24  34.1024
69  25  -11.8046
70  1  880.52
70  2  765.317
70  3  648.263
70  4  517.013
70  5  383.109
70  6  258.862
70  7  152.516
70  8  200.351
70  9  120.379
70  10  58.1583
70  11  10.4123
70  12  -26.1612
70  13  -54.441
70  14  -76.7596
70  15  -94.9389
70  16  -110.38
70  17  -124.167
70  18  -137.151
70  19  -95.6367
70  20  -112.652
70  21  108.129
70  22  83.6713
70  23  56.0419
70  24  22.4741
70  25  -35.6046
71  1  1286.5
71  2  1180.81
71  3  1054.57
71  4  897.519
71  5  726.055
71  6  558.805
71  7  389.917
71  8  268.903
71  9  172.163
71  10  96.8516
71  11  38.9705
71  12  -5.44862
71  13  -39.8346
71  14  -66.9567
71  15  -88.9799
71  16  -107.58
71  17  -124.07
71  18  -139.504
71  19  -154.787
71  20  -145.933
71  21  -164.085
71  22  41.1455
71  23  11.5551
71  24  -26.7219
71  25  -95.3584
72  1  1518.21
72  2  1411.83
72  3  1270.95
72  4  1088.92
72  5  887.161
72  6  665.964
72  7  493.838
72  8  350.128
72  9  235.276
72  10  145.887
72  11  77.2332
72  12  24.6522
72  13  -15.8658
72  14  -47.5531
72  15  -72.9369
72  16  -93.9788
72  17  -112.22
72  18  -128.913
72  19  -145.145
72  20  -161.961
72  21  -157.768
72  22  40.1661
72  23  8.89523
72  24  -33.9288
72  25  -115.291
73  1  1713.31
73  2  1607.25
73  3  1453.72
73  4  1249.76
73  5  994.761
73  6  775.385
73  7  579.85
73  8  416.785
73  9  286.607
73  10  185.372
73  11  107.687
73  12  48.2834
73  13  2.65328
73  14  -32.8222
73  15  -60.9661
73  16  -83.9656
73  17  -103.537
73  18  -121.075
73  19  -137.795
73  20  -154.873
73  21  -173.642
73  22  -174.391
73  23  8.9397
73  24  -37.0801
73  25  -131.883
74  1  1894.19
74  2  1789.31
74  3  1624.02
74  4  1399.42
74  5  1121.01
74  6  877.076
74  7  659.846
74  8  478.933
74  9  334.66
74  10  222.538
74  11  136.54
74  12  70.8316
74  13  20.4494
74  14  -18.5755
74  15  -49.3296
74  16  -74.1973
74  17  -95.0431
74  18  -113.376
74  19  -130.504
74  20  -147.691
74  21  -166.383
74  22  -167.744
74  23  11.1369
74  24  -36.9501
74  25  -146.576
75  1  2036.45
75  2  1933.18
75  3  1758.54
75  4  1488.65
75  5  1220.52
75  6  957.177
75  7  722.87
75  8  527.948
75  9  372.626
75  10  251.966
75  11  159.432
75  12  88.7461
75  13  34.5898
75  14  -7.27776
75  15  -40.1455
75  16  -66.5479
75  17  -88.4591
75  18  -107.47
75  19  -124.947
75  20  -142.207
75  21  -160.745
75  22  -182.688
75  23  -191.829
75  24  -35.4512
75  25  -158.406
76  1  2159.09
76  2  2057.68
76  3  1874.9
76  4  1591.65
76  5  1306.47
76  6  1026.33
76  7  777.287
76  8  570.297
76  9  405.459
76  10  277.438
76  11  179.259
76  12  104.261
76  13  46.8191
76  14  2.46202
76  15  -32.2729
76  16  -60.0464
76  17  -82.9257
76  18  -102.567
76  19  -120.384
76  20  -137.721
76  21  -156.102
76  22  -177.693
76  23  -186.832
76  24  -33.3204
76  25  -168.716
77  1  2263.14
77  2  2163.65
77  3  1943.08
77  4  1679.21
77  5  1379.49
77  6  1085.04
77  7  823.475
77  8  606.236
77  9  433.317
77  10  299.04
77  11  196.056
77  12  117.379
77  13  57.1261
77  14  10.6291
77  15  -25.72
77  16  -54.6893
77  17  -78.4232
77  18  -98.6321
77  19  -116.765
77  20  -134.189
77  21  -152.433
77  22  -173.669
77  23  -202.01
77  24  -31.0209
77  25  -177.247
78  1  2354.33
78  2  2256.16
78  3  2029.21
78  4  1753.44
78  5  1439.59
78  6  1131.24
78  7  857.456
78  8  630.184
78  9  449.336
78  10  308.911
78  11  201.204
78  12  118.908
78  13  55.8904
78  14  7.28633
78  15  -30.6571
78  16  -60.8157
78  17  -85.4114
78  18  -106.21
78  19  -124.698
78  20  -142.26
78  21  -160.432
78  22  -181.373
78  23  -209.192
78  24  -39.6871
78  25  -194.544
79  1  2429.27
79  2  2332.73
79  3  2101.09
79  4  1816.23
79  5  1491.57
79  6  1172.63
79  7  889.581
79  8  654.735
79  9  467.913
79  10  322.862
79  11  211.597
79  12  126.573
79  13  61.4637
79  14  11.2621
79  15  -27.8933
79  16  -58.9566
79  17  -84.2066
79  18  -105.448
79  19  -124.192
79  20  -141.835
79  21  -159.907
79  22  -180.545
79  23  -207.808
79  24  -39.3273
79  25  -201.115
80  1  2482.78
80  2  2388.49
80  3  2154.66
80  4  1864.7
80  5  1533.92
80  6  1209.03
80  7  920.855
80  8  681.866
80  9  491.802
80  10  344.244
80  11  231.045
80  12  144.527
80  13  78.2631
80  14  27.1724
80  15  -12.6602
80  16  -44.2268
80  17  -69.833
80  18  -91.3003
80  19  -110.147
80  20  -127.768
80  21  -145.679
80  22  -165.98
80  23  -192.657
80  24  -218.803
80  25  -191.762
81  1  2539.1
81  2  2446.04
81  3  2208.82
81  4  1912.26
81  5  1573.65
81  6  1241.08
81  7  946.19
81  8  701.712
81  9  507.32
81  10  356.407
81  11  240.628
81  12  152.129
81  13  84.3473
81  14  32.0964
81  15  -8.61547
81  16  -40.8382
81  17  -66.9175
81  18  -88.7027
81  19  -107.729
81  20  -125.397
81  21  -143.214
81  22  -163.25
81  23  -189.414
81  24  -214.785
81  25  -191.972
82  1  2592.87
82  2  2500.88
82  3  2260.41
82  4  1957.57
82  5  1611.5
82  6  1271.62
82  7  970.336
82  8  720.633
82  9  522.12
82  10  368.016
82  11  249.782
82  12  159.401
82  13  90.1785
82  14  36.8279
82  15  -4.71628
82  16  -37.5576
82  17  -64.0803
82  18  -86.1604
82  19  -105.348
82  20  -123.05
82  21  -140.762
82  22  -160.52
82  23  -186.146
82  24  -210.624
82  25  -190.411
83  1  2637.16
83  2  2515.76
83  3  2302.77
83  4  1994.76
83  5  1642.55
83  6  1296.65
83  7  990.117
83  8  736.117
83  9  534.218
83  10  377.491
83  11  257.242
83  12  165.317
83  13  94.9141
83  14  40.6651
83  15  -1.55665
83  16  -34.899
83  17  -61.7781
83  18  -84.0911
83  19  -103.401
83  20  -121.117
83  21  -138.726
83  22  -158.232
83  23  -183.372
83  24  -225.112
83  25  -187.558
84  1  2676.21
84  2  2555.62
84  3  2339.96
84  4  2027.39
84  5  1669.78
84  6  1318.58
84  7  1007.42
84  8  749.635
84  9  544.755
84  10  385.723
84  11  263.704
84  12  170.425
84  13  98.989
84  14  43.9558
84  15  1.14499
84  16  -32.6301
84  17  -59.8135
84  18  -82.3214
84  19  -101.727
84  20  -119.441
84  21  -136.942
84  22  -156.202
84  23  -180.876
84  24  -221.658
84  25  -183.648
85  1  2713.44
85  2  2593.48
85  3  2375.25
85  4  2058.34
85  5  1695.57
85  6  1339.33
85  7  1023.75
85  8  762.369
85  9  554.652
85  10  393.425
85  11  269.724
85  12  175.162
85  13  102.749
85  14  46.9762
85  15  3.61338
85  16  -30.5641
85  17  -58.0267
85  18  -80.708
85  19  -100.191
85  20  -117.887
85  21  -135.265
85  22  -154.265
85  23  -178.453
85  24  -218.225
85  25  -178.517
86  1  2746.41
86  2  2626.84
86  3  2406.34
86  4  2085.57
86  5  1718.24
86  6  1357.53
86  7  1038.05
86  8  773.475
86  9  563.249
86  10  400.085
86  11  274.902
86  12  179.209
86  13  105.939
86  14  49.5216
86  15  5.67975
86  16  -28.8432
86  17  -56.5412
86  18  -79.3629
86  19  -98.8995
86  20  -116.563
86  21  -133.811
86  22  -152.553
86  23  -176.27
86  24  -215.059
86  25  -172.693
87  1  2775.37
87  2  2656.57
87  3  2434.09
87  4  2109.88
87  5  1738.45
87  6  1373.71
87  7  1050.72
87  8  783.27
87  9  570.784
87  10  405.916
87  11  279.404
87  12  182.702
87  13  108.668
87  14  51.6792
87  15  7.41617
87  16  -27.407
87  17  -55.305
87  18  -78.2401
87  19  -97.8102
87  20  -115.428
87  21  -132.539
87  22  -151.021
87  23  -174.273
87  24  -212.095
87  25  -166.321
88  1  2800.64
88  2  2681.34
88  3  2457.04
88  4  2129.92
88  5  1755.07
88  6  1387.
88  7  1061.1
88  8  791.286
88  9  576.94
88  10  410.601
88  11  282.993
88  12  185.461
88  13  110.802
88  14  53.3474
88  15  8.74416
88  16  -26.3184
88  17  -54.3719
88  18  -77.3895
88  19  -96.9746
88  20  -114.539
88  21  -131.518
88  22  -149.762
88  23  -172.595
88  24  -209.548
88  25  -160.171
89  1  2824.61
89  2  2705.26
89  3  2479.26
89  4  2149.32
89  5  1771.13
89  6  1399.81
89  7  1071.06
89  8  798.927
89  9  582.762
89  10  415.023
89  11  286.351
89  12  188.014
89  13  112.752
89  14  54.8504
89  15  9.92373
89  16  -25.3628
89  17  -53.5574
89  18  -76.6438
89  19  -96.2305
89  20  -113.727
89  21  -130.559
89  22  -148.547
89  23  -170.935
89  24  -206.97
89  25  -153.352
90  1  2846.52
90  2  2727.01
90  3  2499.45
90  4  2166.91
90  5  1785.67
90  6  1411.36
90  7  1080.01
90  8  805.757
90  9  587.928
90  10  418.912
90  11  289.271
90  12  190.204
90  13  114.398
90  14  56.0951
90  15  10.8814
90  16  -24.6004
90  17  -52.9132
90  18  -76.0507
90  19  -95.6252
90  20  -113.044
90  21  -129.722
90  22  -147.452
90  23  -169.398
90  24  -204.526
90  25  -146.373
91  1  2866.13
91  2  2746.41
91  3  2517.43
91  4  2182.56
91  5  1798.57
91  6  1421.58
91  7  1087.89
91  8  811.73
91  9  592.411
91  10  422.252
91  11  291.745
91  12  192.029
91  13  115.741
91  14  57.0862
91  15  11.6233
91  16  -24.0243
91  17  -52.4333
91  18  -75.6053
91  19  -95.1563
91  20  -112.491
91  21  -129.014
91  22  -146.488
91  23  -168.005
91  24  -202.259
91  25  -139.481
92  1  2883.9
92  2  2763.91
92  3  2533.63
92  4  2196.63
92  5  1810.14
92  6  1430.71
92  7  1094.89
92  8  817.006
92  9  596.334
92  10  425.141
92  11  293.853
92  12  193.553
92  13  116.833
92  14  57.866
92  15  12.1846
92  16  -23.605
92  17  -52.0919
92  18  -75.285
92  19  -94.8028
92  20  -112.048
92  21  -128.413
92  22  -145.634
92  23  -166.73
92  24  -200.134
92  25  -132.685
93  1  2901.35
93  2  2780.31
93  3  2548.73
93  4  2209.74
93  5  1820.93
93  6  1439.14
93  7  1101.32
93  8  821.813
93  9  599.873
93  10  427.711
93  11  295.693
93  12  194.85
93  13  117.731
93  14  58.4779
93  15  12.5993
93  16  -23.3154
93  17  -51.8663
93  18  -75.0688
93  19  -94.5442
93  20  -111.692
93  21  -127.893
93  22  -144.856
93  23  -165.528
93  24  -198.08
93  25  -125.822
94  1  2914.54
94  2  2794.21
94  3  2561.65
94  4  2220.91
94  5  1830.02
94  6  1446.29
94  7  1106.74
94  8  825.847
94  9  602.809
94  10  429.81
94  11  297.164
94  12  195.855
94  13  118.396
94  14  58.9008
94  15  12.8579
94  16  -23.1578
94  17  -51.7561
94  18  -74.958
94  19  -94.3864
94  20  -111.438
94  21  -127.483
94  22  -144.205
94  23  -164.485
94  24  -196.253
94  25  -119.49
95  1  2929.18
95  2  2808.03
95  3  2574.34
95  4  2231.86
95  5  1838.95
95  6  1453.26
95  7  1112.
95  8  829.693
95  9  605.573
95  10  431.752
95  11  298.49
95  12  196.726
95  13  118.937
95  14  59.2083
95  15  13.0097
95  16  -23.0983
95  17  -51.7352
95  18  -74.928
95  19  -94.3003
95  20  -111.245
95  21  -127.123
95  22  -143.604
95  23  -163.468
95  24  -194.411
95  25  -112.851
96  1  2944.05
96  2  2821.26
96  3  2586.38
96  4  2242.19
96  5  1847.32
96  6  1459.73
96  7  1116.84
96  8  833.213
96  9  608.068
96  10  433.469
96  11  299.628
96  12  197.439
96  13  119.345
96  14  59.404
96  15  13.067
96  16  -23.1406
96  17  -51.8063
96  18  -74.9814
96  19  -94.2906
96  20  -111.123
96  21  -126.828
96  22  -143.036
96  23  -162.488
96  24  -192.616
96  25  -106.269
97  1  2956.44
97  2  2833.91
97  3  2598.02
97  4  2252.26
97  5  1855.44
97  6  1466.01
97  7  1121.51
97  8  836.57
97  9  610.409
97  10  435.04
97  11  300.626
97  12  197.992
97  13  119.595
97  14  59.4442
97  15  12.9719
97  16  -23.289
97  17  -51.975
97  18  -75.1233
97  19  -94.3693
97  20  -111.077
97  21  -126.595
97  22  -142.524
97  23  -161.535
97  24  -190.799
97  25  -99.3459
98  1  2966.35
98  2  2844.34
98  3  2607.66
98  4  2260.5
98  5  1862.13
98  6  1471.14
98  7  1125.28
98  8  839.238
98  9  612.221
98  10  436.206
98  11  301.312
98  12  198.353
98  13  119.709
98  14  59.3896
98  15  12.8114
98  16  -23.5036
98  17  -52.1999
98  18  -75.3182
98  19  -94.4937
98  20  -111.088
98  21  -126.439
98  22  -142.123
98  23  -160.746
98  24  -189.252
98  25  -93.3151
99  1  2978.
99  2  2855.45
99  3  2617.88
99  4  2269.22
99  5  1869.12
99  6  1476.47
99  7  1129.16
99  8  841.957
99  9  614.035
99  10  437.338
99  11  301.939
99  12  198.615
99  13  119.712
99  14  59.2198
99  15  12.5353
99  16  -23.831
99  17  -52.5309
99  18  -75.6094
99  19  -94.6929
99  20  -111.159
99  21  -126.321
99  22  -141.729
99  23  -159.915
99  24  -187.598
99  25  -86.6772
100  1  2990.01
100  2  2866.2
100  3  2627.55
100  4  2277.42
100  5  1875.67
100  6  1481.41
100  7  1132.73
100  8  844.419
100  9  615.617
100  10  438.277
100  11  302.406
100  12  198.741
100  13  119.602
100  14  58.9524
100  15  12.1751
100  16  -24.2311
100  17  -52.9397
100  18  -75.9723
100  19  -94.9684
100  20  -111.301
100  21  -126.267
100  22  -141.406
100  23  -159.164
100  24  -185.992
100  25  -80.1271
101  1  2999.8
101  2  2875.96
101  3  2636.5
101  4  2285.04
101  5  1881.73
101  6  1485.95
101  7  1135.95
101  8  846.581
101  9  616.986
101  10  439.044
101  11  302.724
101  12  198.738
101  13  119.373
101  14  58.5682
101  15  11.7074
101  16  -24.7445
101  17  -53.429
101  18  -76.4097
101  19  -95.313
101  20  -111.507
101  21  -126.281
101  22  -141.139
101  23  -158.461
101  24  -184.452
101  25  -73.6294
102  1  3010.62
102  2  2886.1
102  3  2645.69
102  4  2292.81
102  5  1887.88
102  6  1490.53
102  7  1139.18
102  8  848.71
102  9  618.273
102  10  439.69
102  11  302.908
102  12  198.592
102  13  119.003
102  14  58.0611
102  15  11.1177
102  16  -25.3502
102  17  -54.028
102  18  -76.9485
102  19  -95.7547
102  20  -111.802
102  21  -126.362
102  22  -140.913
102  23  -157.766
102  24  -182.859
102  25  -66.7412
103  1  3019.94
103  2  2895.19
103  3  2653.97
103  4  2299.81
103  5  1893.39
103  6  1494.6
103  7  1142.
103  8  850.53
103  9  619.321
103  10  440.16
103  11  302.957
103  12  198.329
103  13  118.534
103  14  57.4627
103  15  10.4489
103  16  -26.0401
103  17  -54.6841
103  18  -77.5385
103  19  -96.2353
103  20  -112.129
103  21  -126.483
103  22  -140.737
103  23  -157.145
103  24  -181.391
103  25  -243.959
104  1  3028.9
104  2  2903.64
104  3  2661.59
104  4  2306.2
104  5  1898.38
104  6  1498.24
104  7  1144.48
104  8  852.071
104  9  620.144
104  10  440.449
104  11  302.848
104  12  197.962
104  13  117.986
104  14  56.8023
104  15  9.73198
104  16  -26.7686
104  17  -55.3884
104  18  -78.1733
104  19  -96.773
104  20  -112.518
104  21  -126.669
104  22  -140.637
104  23  -156.608
104  24  -180.028
104  25  -237.694
105  1  3034.55
105  2  2910.45
105  3  2668.07
105  4  2311.75
105  5  1902.72
105  6  1501.37
105  7  1146.53
105  8  853.241
105  9  620.63
105  10  440.422
105  11  302.459
105  12  197.31
105  13  117.131
105  14  56.0553
105  15  8.9821
105  16  -27.4829
105  17  -56.0255
105  18  -78.7083
105  19  -97.1492
105  20  -112.698
105  21  -126.597
105  22  -140.222
105  23  -155.685
105  24  -178.163
105  25  -230.453
106  1  3018.55
106  2  2920.4
106  3  2676.62
106  4  2318.71
106  5  1908.05
106  6  1505.19
106  7  1149.08
106  8  854.803
106  9  621.44
106  10  440.681
106  11  302.325
106  12  196.903
106  13  116.571
106  14  55.1725
106  15  8.00256
106  16  -28.513
106  17  -57.0545
106  18  -79.6947
106  19  -98.0648
106  20  -113.501
106  21  -127.222
106  22  -140.588
106  23  -155.647
106  24  -177.35
106  25  -242.043
107  1  2964.62
107  2  2888.78
107  3  2652.9
107  4  2300.54
107  5  1894.06
107  6  1494.31
107  7  1140.44
107  8  847.731
107  9  615.46
107  10  435.465
107  11  297.654
107  12  192.637
107  13  112.617
107  14  51.4846
107  15  4.55342
107  16  -31.7201
107  17  -58.0674
107  18  -80.6251
107  19  -98.8643
107  20  -114.121
107  21  -127.609
107  22  -140.653
107  23  -155.226
107  24  -176.022
107  25  -235.431
108  1  3119.13
108  2  2977.78
108  3  2690.9
108  4  2330.57
108  5  1917.13
108  6  1511.58
108  7  1153.16
108  8  857.01
108  9  622.219
108  10  440.404
108  11  301.289
108  12  195.342
108  13  114.665
108  14  53.0641
108  15  5.80421
108  16  -30.6954
108  17  -59.15
108  18  -81.6192
108  19  -99.729
108  20  -114.81
108  21  -128.062
108  22  -140.78
108  23  -154.865
108  24  -174.751
108  25  -228.907
109  1  3038.4
109  2  2943.79
109  3  2695.69
109  4  2332.69
109  5  1928.53
109  6  1514.55
109  7  1154.97
109  8  857.9
109  9  622.401
109  10  440.065
109  11  300.571
109  12  194.369
109  13  113.528
109  14  51.8337
109  15  4.53787
109  16  -31.9502
109  17  -60.3449
109  18  -82.7192
109  19  -100.693
109  20  -115.591
109  21  -128.595
109  22  -140.975
109  23  -154.555
109  24  -173.507
109  25  -219.811
110  1  3170.62
110  2  3025.85
110  3  2756.5
110  4  2379.42
110  5  1951.11
110  6  1533.1
110  7  1162.99
110  8  860.34
110  9  622.587
110  10  439.606
110  11  299.768
110  12  193.331
110  13  112.341
110  14  50.5649
110  15  3.24139
110  16  -33.229
110  17  -61.5658
110  18  -83.6769
110  19  -101.493
110  20  -116.19
110  21  -128.937
110  22  -140.968
110  23  -154.033
110  24  -171.163
110  25  -215.942
111  1  3111.25
111  2  2991.17
111  3  2730.33
111  4  2359.3
111  5  1935.3
111  6  1521.04
111  7  1161.93
111  8  863.996
111  9  623.532
111  10  438.711
111  11  298.309
111  12  192.173
111  13  111.032
111  14  49.1748
111  15  1.82535
111  16  -34.6242
111  17  -62.9003
111  18  -85.0794
111  19  -102.778
111  20  -117.309
111  21  -129.132
111  22  -140.117
111  23  -152.889
111  24  -169.438
111  25  -209.738
112  1  3112.37
112  2  2995.35
112  3  2739.36
112  4  2367.98
112  5  1944.32
112  6  1528.31
112  7  1162.04
112  8  864.133
112  9  623.865
112  10  438.177
112  11  296.931
112  12  190.156
112  13  109.52
112  14  47.5808
112  15  0.208596
112  16  -36.2146
112  17  -64.42
112  18  -86.0963
112  19  -103.312
112  20  -117.759
112  21  -129.712
112  22  -140.988
112  23  -153.258
112  24  -169.702
112  25  -203.574
113  1  3206.43
113  2  3060.53
113  3  2791.98
113  4  2409.51
113  5  1975.15
113  6  1551.36
113  7  1178.08
113  8  870.246
113  9  626.853
113  10  438.829
113  11  295.897
113  12  187.884
113  13  106.308
113  14  44.6166
113  15  -2.15046
113  16  -37.3119
113  17  -65.1307
113  18  -86.8369
113  19  -104.034
113  20  -118.388
113  21  -130.612
113  22  -141.861
113  23  -153.689
113  24  -169.312
113  25  -198.54
114  1  3162.63
114  2  3034.01
114  3  2772.17
114  4  2394.79
114  5  1964.54
114  6  1543.95
114  7  1173.08
114  8  867.211
114  9  625.092
114  10  437.854
114  11  295.714
114  12  187.114
114  13  105.298
114  14  43.8497
114  15  -2.60686
114  16  -38.1418
114  17  -65.9692
114  18  -87.9799
114  19  -105.381
114  20  -119.469
114  21  -131.364
114  22  -142.189
114  23  -153.413
114  24  -167.977
114  25  -191.75
115  1  3106.39
115  2  3046.75
115  3  2783.98
115  4  2411.65
115  5  1977.54
115  6  1553.54
115  7  1179.88
115  8  871.838
115  9  628.092
115  10  439.691
115  11  295.812
115  12  186.989
115  13  104.37
115  14  41.5216
115  15  -5.99483
115  16  -42.1829
115  17  -69.8199
115  18  -91.0307
115  19  -108.391
115  20  -121.395
115  21  -132.998
115  22  -143.434
115  23  -154.098
115  24  -167.668
115  25  -186.193
116  1  3126.2
116  2  3015.14
116  3  2758.46
116  4  2384.13
116  5  1960.51
116  6  1540.03
116  7  1169.09
116  8  863.108
116  9  621.685
116  10  434.307
116  11  291.745
116  12  183.384
116  13  101.082
116  14  38.135
116  15  -9.01292
116  16  -44.0887
116  17  -71.7178
116  18  -92.8071
116  19  -109.114
116  20  -122.786
116  21  -134.137
116  22  -144.225
116  23  -154.368
116  24  -166.986
116  25  -180.315
117  1  3161.29
117  2  3040.3
117  3  2779.12
117  4  2400.83
117  5  1968.44
117  6  1545.52
117  7  1176.41
117  8  871.824
117  9  626.948
117  10  438.331
117  11  294.297
117  12  184.948
117  13  101.849
117  14  38.3436
117  15  -10.0025
117  16  -46.3317
117  17  -73.7025
117  18  -94.9442
117  19  -111.232
117  20  -123.969
117  21  -135.093
117  22  -144.868
117  23  -154.364
117  24  -166.091
117  25  -174.704
118  1  3148.68
118  2  3031.91
118  3  2772.66
118  4  2395.47
118  5  1964.56
118  6  1542.38
118  7  1169.9
118  8  862.634
118  9  620.117
118  10  432.6
118  11  289.388
118  12  180.586
118  13  97.6444
118  14  34.6057
118  15  -13.3867
118  16  -50.0723
118  17  -78.2436
118  18  -97.4374
118  19  -113.741
118  20  -126.402
118  21  -136.444
118  22  -145.693
118  23  -154.775
118  24  -165.508
118  25  -169.065
119  1  3140.8
119  2  3028.85
119  3  2770.8
119  4  2394.04
119  5  1962.77
119  6  1541.99
119  7  1170.07
119  8  863.22
119  9  619.679
119  10  431.747
119  11  289.396
119  12  179.829
119  13  96.6512
119  14  33.4647
119  15  -14.6323
119  16  -51.4135
119  17  -79.5863
119  18  -99.415
119  19  -115.591
119  20  -128.176
119  21  -137.933
119  22  -146.132
119  23  -154.644
119  24  -164.363
119  25  -162.784
120  1  3119.1
120  2  3013.17
120  3  2757.27
120  4  2382.35
120  5  1952.78
120  6  1531.97
120  7  1161.47
120  8  855.625
120  9  613.492
120  10  425.741
120  11  282.412
120  12  173.593
120  13  92.4099
120  14  29.8754
120  15  -17.8984
120  16  -54.338
120  17  -82.2285
120  18  -103.586
120  19  -117.852
120  20  -130.204
120  21  -139.906
120  22  -147.771
120  23  -155.745
120  24  -164.529
120  25  -158.261
121  1  3222.41
121  2  3089.27
121  3  2821.08
121  4  2434.67
121  5  1995.69
121  6  1566.31
121  7  1187.64
121  8  875.368
121  9  627.718
121  10  436.399
121  11  290.456
121  12  179.673
121  13  95.7099
121  14  32.0118
121  15  -16.4166
121  16  -53.3078
121  17  -81.5537
121  18  -103.257
121  19  -119.992
121  20  -132.385
121  21  -142.018
121  22  -149.75
121  23  -156.488
121  24  -164.361
121  25  -153.381
122  1  3206.43
122  2  3079.56
122  3  2813.52
122  4  2428.51
122  5  1990.39
122  6  1561.6
122  7  1183.52
122  8  871.503
122  9  624.093
122  10  432.967
122  11  287.162
122  12  176.547
122  13  92.8513
122  14  29.3743
122  15  -18.8443
122  16  -55.5379
122  17  -83.5291
122  18  -104.947
122  19  -121.359
122  20  -134.037
122  21  -143.368
122  22  -150.707
122  23  -156.886
122  24  -163.717
122  25  -147.673
123  1  3194.23
123  2  3072.37
123  3  2807.99
123  4  2425.61
123  5  1987.87
123  6  1559.19
123  7  1180.89
123  8  868.248
123  9  620.889
123  10  429.81
123  11  284.062
123  12  173.522
123  13  89.864
123  14  26.4847
123  15  -21.6062
123  16  -58.1416
123  17  -85.9402
123  18  -107.127
123  19  -123.317
123  20  -135.709
123  21  -145.35
123  22  -152.352
123  23  -157.95
123  24  -163.789
123  25  -142.85
124  1  3200.37
124  2  3077.94
124  3  2812.58
124  4  2428.71
124  5  1989.42
124  6  1559.32
124  7  1179.2
124  8  865.79
124  9  617.879
124  10  426.425
124  11  280.436
124  12  169.758
124  13  86.0008
124  14  22.5996
124  15  -25.4463
124  16  -61.9005
124  17  -89.5864
124  18  -109.279
124  19  -125.389
124  20  -137.712
124  21  -147.192
124  22  -154.017
124  23  -159.353
124  24  -163.431
124  25  -137.267
125  1  3185.91
125  2  3068.6
125  3  2804.81
125  4  2421.77
125  5  1983.04
125  6  1553.34
125  7  1173.58
125  8  860.446
125  9  612.765
125  10  421.482
125  11  275.736
125  12  165.291
125  13  81.7654
125  14  18.6008
125  15  -29.1973
125  16  -65.3866
125  17  -92.6608
125  18  -112.126
125  19  -127.663
125  20  -139.558
125  21  -148.521
125  22  -155.388
125  23  -160.046
125  24  -162.968
125  25  -131.252
126  1  3125.83
126  2  3025.46
126  3  2770.73
126  4  2393.47
126  5  1959.66
126  6  1533.32
126  7  1156.84
126  8  846.208
126  9  600.392
126  10  410.533
126  11  265.786
126  12  156.107
126  13  73.1895
126  14  10.5281
126  15  -36.8334
126  16  -72.6228
126  17  -99.635
126  18  -119.967
126  19  -135.202
126  20  -146.547
126  21  -154.937
126  22  -157.718
126  23  -161.753
126  24  -163.491
126  25  -126.233
127  1  3150.
127  2  3043.23
127  3  2731.33
127  4  2351.22
127  5  1916.94
127  6  1493.27
127  7  1120.69
127  8  814.454
127  9  572.993
127  10  387.229
127  11  246.225
127  12  139.929
127  13  60.0663
127  14  0.178684
127  15  -44.637
127  16  -78.0563
127  17  -102.821
127  18  -120.977
127  19  -133.992
127  20  -143.115
127  21  -149.123
127  22  -152.585
127  23  -153.642
127  24  -153.21
127  25  -103.042
128  1  3020.8
128  2  2948.66
128  3  2704.63
128  4  2336.49
128  5  1910.19
128  6  1491.14
128  7  1120.18
128  8  814.415
128  9  572.398
128  10  385.493
128  11  243.067
128  12  135.249
128  13  53.8638
128  14  -7.49222
128  15  -53.6982
128  16  -88.4225
128  17  -114.41
128  18  -133.713
128  19  -147.868
128  20  -157.884
128  21  -163.004
128  22  -167.639
128  23  -164.521
128  24  -163.348
128  25  -112.722
129  1  3220.7
129  2  3101.48
129  3  2834.01
129  4  2442.29
129  5  1994.23
129  6  1555.85
129  7  1169.38
129  8  850.953
129  9  599.321
129  10  405.268
129  11  257.589
129  12  145.942
129  13  61.7827
129  14  -1.56496
129  15  -49.1808
129  16  -84.8781
129  17  -111.505
129  18  -131.187
129  19  -145.509
129  20  -155.653
129  21  -162.481
129  22  -166.252
129  23  -167.743
129  24  -164.497
129  25  -104.563
130  1  2618.65
130  2  2563.64
130  3  2376.34
130  4  2055.49
130  5  1670.82
130  6  1286.22
130  7  943.007
130  8  658.097
130  9  431.969
130  10  257.265
130  11  124.423
130  12  24.3915
130  13  -50.3917
130  14  -105.881
130  15  -146.618
130  16  -176.003
130  17  -196.552
130  18  -210.098
130  19  -217.931
130  20  -220.883
130  21  -219.323
130  22  -212.991
130  23  -200.295
130  24  -174.565
130  25  -68.7273
