1  1  -54.5964
1  2  -36.2294
1  3  -28.8899
1  4  -24.2349
1  5  -20.8411
1  6  -18.2151
1  7  -16.135
1  8  -14.4861
1  9  -13.2025
1  10  -12.24
1  11  -11.5591
1  12  -11.115
1  13  -10.8485
1  14  -10.6821
1  15  -10.5194
1  16  -10.2486
1  17  -9.7504
1  18  -8.90446
1  19  -7.59193
1  20  -5.68692
1  21  -3.02857
1  22  0.648237
1  23  5.90509
1  24  14.3491
1  25  34.5911
2  1  -49.7231
2  2  -31.6335
2  3  -24.5586
2  4  -20.0608
2  5  -16.756
2  6  -14.1651
2  7  -12.0724
2  8  -10.3681
2  9  -8.99273
2  10  -7.91227
2  11  -7.10428
2  12  -6.54732
2  13  -6.2117
2  14  -6.05047
2  15  -5.99164
2  16  -5.93319
2  17  -5.74303
2  18  -5.26451
2  19  -4.32462
2  20  -2.73717
2  21  -0.286154
2  22  3.33619
2  23  8.72716
2  24  17.5448
2  25  37.9318
3  1  -46.6168
3  2  -28.5288
3  3  -21.6643
3  4  -17.2874
3  5  -14.0379
3  6  -11.4453
3  7  -9.29545
3  8  -7.47743
3  9  -5.93062
3  10  -4.62206
3  11  -3.53492
3  12  -2.66107
3  13  -1.99457
3  14  -1.52422
3  15  -1.22394
3  16  -1.04085
3  17  -0.882014
3  18  -0.602674
3  19  -0.000597057
3  20  1.18229
3  21  3.2599
3  22  6.63814
3  23  11.9837
3  24  20.9641
3  25  40.0146
4  1  -45.1899
4  2  -26.8724
4  3  -20.1152
4  4  -15.7985
4  5  -12.5675
4  6  -9.95307
4  7  -7.7394
4  8  -5.81145
4  9  -4.10284
4  10  -2.57413
4  11  -1.2023
4  12  0.0251177
4  13  1.11397
4  14  2.06742
4  15  2.89117
4  16  3.60165
4  17  4.23874
4  18  4.88413
4  19  5.68399
4  20  6.87192
4  21  8.78597
4  22  11.8942
4  23  16.9123
4  24  25.393
4  25  40.507
5  1  -44.3997
5  2  -25.4775
5  3  -18.7766
5  4  -14.4911
5  5  -11.2536
5  6  -8.59154
5  7  -6.28374
5  8  -4.20762
5  9  -2.28654
5  10  -0.467786
5  11  1.28826
5  12  3.01417
5  13  4.73913
5  14  6.49182
5  15  8.30265
5  16  10.206
5  17  12.2424
5  18  14.4605
5  19  16.9191
5  20  19.6881
5  21  22.8528
5  22  26.5387
5  23  30.9948
5  24  36.8497
5  25  39.2708
6  1  -44.7995
6  2  -24.65
6  3  -17.8852
6  4  -13.5638
6  5  -10.2731
6  6  -7.52707
6  7  -5.09552
6  8  -2.84612
6  9  -0.690452
6  10  1.43901
6  11  3.60079
6  12  5.85144
6  13  8.25053
6  14  10.8643
6  15  13.7682
6  16  17.0466
6  17  20.7865
6  18  25.0602
6  19  29.8841
6  20  35.1457
6  21  40.5062
6  22  45.3328
6  23  48.7709
6  24  49.8587
6  25  41.8508
7  1  -46.7884
7  2  -24.6573
7  3  -17.6404
7  4  -13.1774
7  5  -9.76544
7  6  -6.89266
7  7  -4.31584
7  8  -1.89356
7  9  0.470187
7  10  2.84986
7  11  5.30954
7  12  7.90868
7  13  10.7043
7  14  13.7496
7  15  17.0895
7  16  20.7484
7  17  24.7138
7  18  28.912
7  19  33.1846
7  20  37.2822
7  21  40.8962
7  22  43.7424
7  23  45.6849
7  24  46.9113
7  25  51.535
8  1  -51.0814
8  2  -25.7235
8  3  -18.1389
8  4  -13.3519
8  5  -9.69567
8  6  -6.61047
8  7  -3.83276
8  8  -1.21163
8  9  1.35216
8  10  3.93036
8  11  6.5773
8  12  9.33326
8  13  12.2237
8  14  15.2557
8  15  18.4127
8  16  21.6513
8  17  24.9005
8  18  28.0714
8  19  31.0734
8  20  33.8442
8  21  36.3836
8  22  38.7988
8  23  41.4031
8  24  45.1697
8  25  50.8311
9  1  -56.6444
9  2  -27.5502
9  3  -19.1825
9  4  -13.9391
9  5  -9.94991
9  6  -6.59421
9  7  -3.58346
9  8  -0.756245
9  9  1.9888
9  10  4.71894
9  11  7.47789
9  12  10.2897
9  13  13.1595
9  14  16.0736
9  15  19.0024
9  16  21.9046
9  17  24.7383
9  18  27.4726
9  19  30.1037
9  20  32.6701
9  21  35.2752
9  22  38.1309
9  23  41.6982
9  24  47.3551
9  25  69.8959
10  1  -62.1192
10  2  -29.5303
10  3  -20.3539
10  4  -14.6307
10  5  -10.2925
10  6  -6.65769
10  7  -3.41245
10  8  -0.384153
10  9  2.53224
10  10  5.40274
10  11  8.26643
10  12  11.1412
10  13  14.0263
10  14  16.9076
10  15  19.7613
10  16  22.5639
10  17  25.3
10  18  27.9742
10  19  30.6203
10  20  33.3143
10  21  36.1946
10  22  39.5179
10  23  43.8313
10  24  50.78
10  25  77.5397
11  1  -66.8141
11  2  -31.3262
11  3  -21.4391
11  4  -15.2887
11  5  -10.6386
11  6  -6.75464
11  7  -3.30083
11  8  -0.0940642
11  9  2.97511
11  10  5.97364
11  11  8.93976
11  12  11.8901
11  13  14.8244
11  14  17.7319
11  15  20.5973
11  16  23.4096
11  17  26.1699
11  18  28.9013
11  19  31.655
11  20  34.5241
11  21  37.666
11  22  41.3656
11  23  46.2309
11  24  54.0972
11  25  83.8439
12  1  -71.3959
12  2  -33.1704
12  3  -22.5865
12  4  -16.0133
12  5  -11.0533
12  6  -6.92134
12  7  -3.2595
12  8  0.125904
12  9  3.34942
12  10  6.48014
12  11  9.55716
12  12  12.5978
12  13  15.6041
12  14  18.5698
12  15  21.4872
12  16  24.3554
12  17  27.1878
12  18  30.0185
12  19  32.9112
12  20  35.9704
12  21  39.3685
12  22  43.4143
12  23  48.7695
12  24  57.4371
12  25  89.8011
13  1  -75.4481
13  2  -34.8912
13  3  -23.6978
13  4  -16.7524
13  5  -11.5184
13  6  -7.16673
13  7  -3.32013
13  8  0.224592
13  9  3.58689
13  10  6.83838
13  11  10.0196
13  12  13.1496
13  13  16.2331
13  14  19.2678
13  15  22.2521
13  16  25.1923
13  17  28.1097
13  18  31.0466
13  19  34.0744
13  20  37.3064
13  21  40.9259
13  22  45.2623
13  23  51.0213
13  24  60.3424
13  25  94.8502
14  1  -79.4373
14  2  -36.681
14  3  -24.9017
14  4  -17.5965
14  5  -12.097
14  6  -7.53183
14  7  -3.50529
14  8  0.19515
14  9  3.69396
14  10  7.06558
14  11  10.3526
14  12  13.5759
14  13  16.7428
14  14  19.8554
14  15  22.9168
14  16  25.9396
14  17  28.9514
14  18  32.0009
14  19  35.166
14  20  38.5669
14  21  42.3976
14  22  47.006
14  23  53.1389
14  24  63.0621
14  25  99.5509
15  1  -83.4243
15  2  -38.575
15  3  -26.2294
15  4  -18.5752
15  5  -12.8176
15  6  -8.0444
15  7  -3.84215
15  8  0.010845
15  9  3.64406
15  10  7.13496
15  11  10.5283
15  12  13.8472
15  13  17.1018
15  14  20.2974
15  15  23.4425
15  16  26.5541
15  17  29.6652
15  18  32.8301
15  19  36.1319
15  20  39.6977
15  21  43.7313
15  22  48.5976
15  23  55.0829
15  24  65.5708
15  25  103.923
16  1  -87.5528
16  2  -40.652
16  3  -27.7448
16  4  -19.7432
16  5  -13.728
16  6  -8.74704
16  7  -4.36888
16  8  -0.36278
16  9  3.40591
16  10  7.01782
16  11  10.52
16  12  13.938
16  13  17.2847
16  14  20.5692
16  15  23.8036
16  16  27.0098
16  17  30.2254
16  18  33.5094
16  19  36.9502
16  20  40.6807
16  21  44.9145
16  22  50.0334
16  23  56.8617
16  24  67.8986
16  25  108.065
17  1  -91.4086
17  2  -42.6984
17  3  -29.291
17  4  -20.9792
17  5  -14.7337
17  6  -9.56648
17  7  -5.03052
17  8  -0.886772
17  9  3.0041
17  10  6.7257
17  11  10.3273
17  12  13.8366
17  13  17.2691
17  14  20.6366
17  15  23.9548
17  16  27.2495
17  17  30.5619
17  18  33.9548
17  19  37.5212
17  20  41.3991
17  21  45.8106
17  22  51.1527
17  23  58.2828
17  24  69.8016
17  25  111.562
18  1  -95.6685
18  2  -45.074
18  3  -31.1417
18  4  -22.5037
18  5  -16.0155
18  6  -10.652
18  7  -5.94943
18  8  -1.66006
18  9  2.36039
18  10  6.19878
18  11  9.90685
18  12  13.5144
18  13  17.0399
18  14  20.4978
18  15  23.9076
18  16  27.2983
18  17  30.7153
18  18  34.2251
18  19  37.9246
18  20  41.9579
18  21  46.5556
18  22  52.1302
18  23  59.5742
18  24  71.5931
18  25  115.012
19  1  -99.8388
19  2  -47.5085
19  3  -33.0894
19  4  -24.1483
19  5  -17.4345
19  6  -11.8883
19  7  -7.03039
19  8  -2.60509
19  9  1.5366
19  10  5.48455
19  11  9.29282
19  12  12.9936
19  13  16.6075
19  14  20.1519
19  15  23.649
19  16  27.1315
19  17  30.6475
19  18  34.2672
19  19  38.0914
19  20  42.2692
19  21  47.0391
19  22  52.8283
19  23  60.5613
19  24  73.0404
19  25  117.984
20  1  -103.71
20  2  -49.8564
20  3  -35.0079
20  4  -25.7991
20  5  -18.8858
20  6  -13.1778
20  7  -8.18229
20  8  -3.63647
20  9  0.612881
20  10  4.65839
20  11  8.55616
20  12  12.3403
20  13  16.0338
20  14  19.656
20  15  23.2322
20  16  26.7971
20  17  30.402
20  18  34.1197
20  19  38.0544
20  20  42.3601
20  21  47.2817
20  22  53.2597
20  23  61.2461
20  24  74.1288
20  25  120.411
21  1  -107.78
21  2  -52.4068
21  3  -37.1283
21  4  -27.6511
21  5  -20.5375
21  6  -14.6671
21  7  -9.53345
21  8  -4.8664
21  9  -0.508599
21  10  3.63531
21  11  7.62371
21  12  11.4925
21  13  15.2667
21  14  18.9684
21  15  22.6246
21  16  26.2733
21  17  29.9682
21  18  33.7852
21  19  37.8312
21  20  42.265
21  21  47.3387
21  22  53.5049
21  23  61.7443
21  24  75.0292
21  25  122.646
22  1  -111.796
22  2  -54.9974
22  3  -39.314
22  4  -29.5837
22  5  -22.2814
22  6  -16.2577
22  7  -10.9935
22  8  -6.21187
22  9  -1.75148
22  10  2.48566
22  11  6.55991
22  12  10.5092
22  13  14.3605
22  14  18.1379
22  15  21.8707
22  16  25.5995
22  17  29.38
22  18  33.2908
22  19  37.442
22  20  41.9967
22  21  47.2131
22  22  53.5564
22  23  62.0332
22  24  75.6952
22  25  124.565
23  1  -116.143
23  2  -57.8743
23  3  -41.772
23  4  -31.7798
23  5  -24.2818
23  6  -18.0993
23  7  -12.6997
23  8  -7.79924
23  9  -3.23233
23  10  1.10177
23  11  5.26561
23  12  9.2988
23  13  13.2304
23  14  17.0871
23  15  20.9002
23  16  24.7123
23  17  28.582
23  18  32.5905
23  19  36.8511
23  20  41.5306
23  21  46.8948
23  22  53.4208
23  23  62.1424
23  24  76.1932
23  25  126.354
24  1  -120.649
24  2  -60.9259
24  3  -44.4082
24  4  -34.156
24  5  -26.4638
24  6  -20.1235
24  7  -14.5894
24  8  -9.57072
24  9  -4.89782
24  10  -0.46715
24  11  3.78581
24  12  7.90298
24  13  11.9152
24  14  15.8509
24  15  19.7441
24  16  23.6397
24  17  27.5986
24  18  31.7042
24  19  36.0733
24  20  40.8769
24  21  46.3874
24  22  53.094
24  23  62.0577
24  24  76.4928
24  25  127.93
25  1  -125.147
25  2  -64.0331
25  3  -47.1173
25  4  -36.6158
25  5  -28.7373
25  6  -22.2456
25  7  -16.5824
25  8  -11.4502
25  9  -6.67547
25  10  -2.15205
25  11  2.1869
25  12  6.38487
25  13  10.4746
25  14  14.4868
25  15  18.4574
25  16  22.4333
25  17  26.4779
25  18  30.6771
25  19  35.1503
25  20  40.0728
25  21  45.7231
25  22  52.6026
25  23  61.7977
25  24  76.5996
25  25  129.256
26  1  -129.816
26  2  -67.3137
26  3  -49.9999
26  4  -39.249
26  5  -31.184
26  6  -24.5406
26  7  -18.7481
26  8  -13.5023
26  9  -8.62552
26  10  -4.00889
26  11  0.416046
26  12  4.69522
26  13  8.8628
26  14  12.9519
26  15  17.0002
26  16  21.057
26  17  25.1876
26  18  29.4804
26  19  34.0578
26  20  39.099
26  21  44.8892
26  22  51.9411
26  23  61.3666
26  24  76.5347
26  25  130.407
27  1  -134.554
27  2  -70.6925
27  3  -52.9882
27  4  -41.9924
27  5  -33.7443
27  6  -26.9521
27  7  -21.0326
27  8  -15.675
27  9  -10.698
27  10  -5.98997
27  11  -1.48022
27  12  2.8787
27  13  7.12325
27  14  11.288
27  15  15.4129
27  16  19.5493
27  17  23.7644
27  18  28.1491
27  19  32.8289
27  20  37.9865
27  21  43.9135
27  22  51.1342
27  23  60.7855
27  24  76.3113
27  25  131.373
28  1  -139.623
28  2  -74.3524
28  3  -56.2428
28  4  -44.9929
28  5  -36.5546
28  6  -29.6078
28  7  -23.5564
28  8  -18.0829
28  9  -13.0016
28  10  -8.19844
28  11  -3.60067
28  12  0.841202
28  13  5.16567
28  14  9.40918
28  15  13.6136
28  16  17.8325
28  17  22.1356
28  18  26.6158
28  19  31.4015
28  20  36.6798
28  21  42.7483
28  22  50.1437
28  23  60.0283
28  24  75.9243
28  25  132.216
29  1  -144.634
29  2  -78.0078
29  3  -59.5081
29  4  -48.0135
29  5  -39.3921
29  6  -32.2963
29  7  -26.1178
29  8  -20.5326
29  9  -15.3511
29  10  -10.4562
29  11  -5.7737
29  12  -1.25168
29  13  3.14962
29  14  7.46894
29  15  11.7502
29  16  16.0487
29  17  20.4364
29  18  25.0084
29  19  29.8958
29  20  35.2899
29  21  41.4946
29  22  49.0574
29  23  59.1659
29  24  75.4169
29  25  132.888
30  1  -149.305
30  2  -81.4427
30  3  -62.5867
30  4  -50.8685
30  5  -42.0798
30  6  -34.848
30  7  -28.5535
30  8  -22.8661
30  9  -17.5928
30  10  -12.6146
30  11  -7.85451
30  12  -3.25952
30  13  1.21205
30  14  5.60069
30  15  9.95202
30  16  14.3232
30  17  18.788
30  18  23.4436
30  19  28.424
30  20  33.9234
30  21  40.252
30  22  47.9672
30  23  58.2795
30  24  74.8536
30  25  133.398
31  1  -154.055
31  2  -84.9554
31  3  -65.7428
31  4  -53.8008
31  5  -44.8446
31  6  -37.4766
31  7  -31.0659
31  8  -25.2763
31  9  -19.9114
31  10  -14.8496
31  11  -10.0119
31  12  -5.34403
31  13  -0.802213
31  14  3.65561
31  15  8.07693
31  16  12.5207
31  17  17.0626
31  18  21.8018
31  19  26.8748
31  20  32.4795
31  21  38.9315
31  22  46.7988
31  23  57.3141
31  24  74.2101
31  25  133.825
32  1  -158.797
32  2  -88.4771
32  3  -68.9125
32  4  -56.7495
32  5  -47.628
32  6  -40.1254
32  7  -33.6
32  8  -27.7097
32  9  -22.2542
32  10  -17.1099
32  11  -12.196
32  12  -7.45623
32  13  -2.84514
32  14  1.68089
32  15  6.17115
32  16  10.6863
32  17  15.304
32  18  20.1254
32  19  25.2894
32  20  30.9976
32  21  37.5709
32  22  45.5877
32  23  56.3029
32  24  73.5153
32  25  134.181
33  1  -163.333
33  2  -91.8532
33  3  -71.9541
33  4  -59.5812
33  5  -50.3025
33  6  -42.6722
33  7  -36.0378
33  8  -30.0517
33  9  -24.5105
33  10  -19.2879
33  11  -14.3018
33  12  -9.49374
33  13  -4.81728
33  14  -0.22677
33  15  4.32878
33  16  8.91154
33  17  13.601
33  18  18.5002
33  19  23.7505
33  20  29.5565
33  21  36.2446
33  22  44.4027
33  23  55.3067
33  24  72.8184
33  25  134.479
34  1  -167.945
34  2  -95.2874
34  3  -75.049
34  4  -62.4631
34  5  -53.0249
34  6  -45.2649
34  7  -38.52
34  8  -32.4369
34  9  -26.8089
34  10  -21.5072
34  11  -16.4476
34  12  -11.571
34  13  -6.82822
34  14  -2.17261
34  15  2.44871
34  16  7.0997
34  17  11.8616
34  18  16.8392
34  19  22.1764
34  20  28.0813
34  21  34.8851
34  22  43.1861
34  23  54.2805
34  24  72.0941
34  25  134.758
35  1  -172.622
35  2  -98.7674
35  3  -78.1837
35  4  -65.381
35  5  -55.7806
35  6  -47.8888
35  7  -41.0315
35  8  -34.8499
35  9  -29.1334
35  10  -23.7516
35  11  -18.6181
35  12  -13.6716
35  13  -8.86206
35  14  -4.14061
35  15  0.547398
35  16  5.26727
35  17  10.1023
35  18  15.1593
35  19  20.5844
35  20  26.589
35  21  33.5101
35  22  41.9554
35  23  53.2425
35  24  71.3614
35  25  135.039
36  1  -176.657
36  2  -101.76
36  3  -80.8765
36  4  -67.8854
36  5  -58.1441
36  6  -50.1377
36  7  -43.183
36  8  -36.9157
36  9  -31.1229
36  10  -25.6715
36  11  -20.4739
36  12  -15.4672
36  13  -10.6
36  14  -5.82168
36  15  -1.0765
36  16  3.70302
36  17  8.60101
36  18  13.7266
36  19  19.2275
36  20  25.3183
36  21  32.3406
36  22  40.9102
36  23  52.3637
36  24  70.7464
36  25  135.3
37  1  -181.067
37  2  -105.017
37  3  -83.8007
37  4  -70.6011
37  5  -60.7037
37  6  -52.5706
37  7  -45.5079
37  8  -39.1462
37  9  -33.269
37  10  -27.7411
37  11  -22.4729
37  12  -17.4002
37  13  -12.4695
37  14  -7.62902
37  15  -2.82094
37  16  2.02383
37  17  6.99109
37  18  12.1916
37  19  17.7759
37  20  23.9614
37  21  31.0946
37  22  39.8011
37  23  51.4374
37  24  70.1097
37  25  135.625
38  1  -185.24
38  2  -108.076
38  3  -86.5397
38  4  -73.1391
38  5  -63.0914
38  6  -54.8361
38  7  -47.6697
38  8  -41.2171
38  9  -35.259
38  10  -29.6576
38  11  -24.3221
38  12  -19.1862
38  13  -14.1952
38  14  -9.2954
38  15  -4.42726
38  16  0.479594
38  17  5.51266
38  18  10.785
38  19  16.4485
38  20  22.7244
38  21  29.9638
38  22  38.8011
38  23  50.612
38  24  69.561
38  25  135.995
39  1  -189.047
39  2  -110.842
39  3  -89.0066
39  4  -75.4183
39  5  -65.2302
39  6  -56.8611
39  7  -49.5979
39  8  -43.0607
39  9  -37.0272
39  10  -31.3576
39  11  -25.9597
39  12  -20.7655
39  13  -15.7188
39  14  -10.7643
39  15  -5.841
39  16  -0.876862
39  17  4.21716
39  18  9.55537
39  19  15.2923
39  20  21.6517
39  21  28.9891
39  22  37.9472
39  23  49.9195
39  24  69.1247
39  25  136.408
40  1  -192.952
40  2  -113.645
40  3  -91.4938
40  4  -77.7073
40  5  -67.371
40  6  -58.8817
40  7  -51.5165
40  8  -44.8903
40  9  -38.7776
40  10  -33.0369
40  11  -27.5736
40  12  -22.3187
40  13  -17.2139
40  14  -12.2025
40  15  -7.2219
40  16  -2.19839
40  17  2.95894
40  18  8.3661
40  19  14.1795
40  20  20.6259
40  21  28.0659
40  22  37.15
40  23  49.2911
40  24  68.7635
40  25  136.934
41  1  -196.626
41  2  -116.242
41  3  -93.7819
41  4  -79.8019
41  5  -69.3212
41  6  -60.7147
41  7  -53.25
41  8  -46.5373
41  9  -40.3479
41  10  -34.5384
41  11  -29.0122
41  12  -23.6988
41  13  -18.5385
41  14  -13.4727
41  15  -8.43714
41  16  -3.35665
41  17  1.86144
41  18  7.33458
41  19  13.2214
41  20  19.7513
41  21  27.2897
41  22  36.4952
41  23  48.7988
41  24  68.5287
41  25  137.552
42  1  -200.006
42  2  -118.585
42  3  -95.8292
42  4  -81.6636
42  5  -71.044
42  6  -62.3252
42  7  -54.7654
42  8  -47.9702
42  9  -41.7077
42  10  -35.8326
42  11  -30.247
42  12  -24.8786
42  13  -19.6659
42  14  -14.5491
42  15  -9.46199
42  16  -4.32806
42  17  0.947013
42  18  6.48238
42  19  12.4384
42  20  19.0473
42  21  26.6788
42  22  35.999
42  23  48.4562
42  24  68.4296
42  25  138.26
43  1  -203.253
43  2  -120.825
43  3  -97.7632
43  4  -83.4063
43  5  -72.644
43  6  -63.8098
43  7  -56.1523
43  8  -49.2726
43  9  -42.9354
43  10  -36.9938
43  11  -31.3481
43  12  -25.9242
43  13  -20.6591
43  14  -15.491
43  15  -10.3525
43  16  -5.16462
43  17  0.167537
43  18  5.76529
43  19  11.7912
43  20  18.4799
43  21  26.2052
43  22  35.6415
43  23  48.2539
43  24  68.4736
43  25  139.202
44  1  -206.263
44  2  -122.757
44  3  -99.4073
44  4  -84.87
44  5  -73.9733
44  6  -65.0301
44  7  -57.281
44  8  -50.3217
44  9  -43.9153
44  10  -37.9119
44  11  -32.2105
44  12  -26.7355
44  13  -21.4225
44  14  -16.2077
44  15  -11.022
44  16  -5.78522
44  17  -0.400733
44  18  5.25441
44  19  11.3445
44  20  18.1064
44  21  25.9183
44  22  35.4619
44  23  48.2178
44  24  68.665
44  25  140.064
45  1  -208.932
45  2  -124.441
45  3  -100.813
45  4  -86.1015
45  5  -75.0747
45  6  -66.0266
45  7  -58.1892
45  8  -51.154
45  9  -44.6809
45  10  -38.6189
45  11  -32.8652
45  12  -27.3424
45  13  -21.9847
45  14  -16.7263
45  15  -11.4969
45  16  -6.21468
45  17  -0.781126
45  18  4.92757
45  19  11.0776
45  20  17.9086
45  21  25.8022
45  22  35.4466
45  23  48.3377
45  24  68.9997
45  25  141.108
46  1  -211.447
46  2  -125.951
46  3  -102.04
46  4  -87.1513
46  5  -75.9926
46  6  -66.8385
46  7  -58.9119
46  8  -51.8003
46  9  -45.2608
46  10  -39.1405
46  11  -33.3352
46  12  -27.7659
46  13  -22.3647
46  14  -17.0642
46  15  -11.7925
46  16  -6.46598
46  17  -0.985132
46  18  4.77603
46  19  10.9848
46  20  17.8835
46  21  25.857
46  22  35.6009
46  23  48.6254
46  24  69.4987
46  25  142.305
47  1  -213.708
47  2  -127.222
47  3  -103.033
47  4  -87.9705
47  5  -76.6826
47  6  -67.4246
47  7  -59.4112
47  8  -52.2254
47  9  -45.6222
47  10  -39.4466
47  11  -33.5924
47  12  -27.9796
47  13  -22.5377
47  14  -17.1986
47  15  -11.8879
47  16  -6.52069
47  17  -0.995579
47  18  4.81418
47  19  11.0781
47  20  18.0405
47  21  26.0895
47  22  35.9271
47  23  49.0775
47  24  70.1509
47  25  143.615
48  1  -215.679
48  2  -128.235
48  3  -103.778
48  4  -88.5486
48  5  -77.137
48  6  -67.7796
48  7  -59.6835
48  8  -52.4276
48  9  -45.7643
48  10  -39.5371
48  11  -33.6385
48  12  -27.986
48  13  -22.5082
48  14  -17.1344
48  15  -11.789
48  16  -6.38529
48  17  -0.82069
48  18  5.03312
48  19  11.347
48  20  18.3672
48  21  26.4853
48  22  36.409
48  23  49.6752
48  24  70.9321
48  25  145.
49  1  -217.517
49  2  -129.062
49  3  -104.326
49  4  -88.9224
49  5  -77.3815
49  6  -67.9208
49  7  -59.7393
49  8  -52.4113
49  9  -45.6873
49  10  -39.4086
49  11  -33.466
49  12  -27.7755
49  13  -22.2633
49  14  -16.8571
49  15  -11.4788
49  16  -6.04067
49  17  -0.438289
49  18  5.45787
49  19  11.8202
49  20  18.897
49  21  27.083
49  22  37.0913
49  23  50.4711
49  24  71.9093
49  25  146.569
50  1  -218.953
50  2  -129.592
50  3  -104.606
50  4  -89.0484
50  5  -77.3931
50  6  -67.8413
50  7  -59.5846
50  8  -52.194
50  9  -45.4178
50  10  -39.096
50  11  -33.1172
50  12  -27.3961
50  13  -21.857
50  14  -16.4254
50  15  -11.0219
50  16  -5.55673
50  17  0.0752269
50  18  6.00536
50  19  12.4071
50  20  19.5299
50  21  27.7715
50  22  37.8494
50  23  51.3234
50  24  72.9107
50  25  148.058
51  1  -220.237
51  2  -129.929
51  3  -104.686
51  4  -88.9684
51  5  -77.1951
51  6  -67.55
51  7  -59.2168
51  8  -51.7636
51  9  -44.9361
51  10  -38.5726
51  11  -32.5603
51  12  -26.8117
51  13  -21.249
51  14  -15.7958
51  15  -10.3706
51  16  -4.88223
51  17  0.776053
51  18  6.73666
51  19  13.1739
51  20  20.3395
51  21  28.6327
51  22  38.7757
51  23  52.338
51  24  74.0656
51  25  149.666
52  1  -221.223
52  2  -130.047
52  3  -104.571
52  4  -88.709
52  5  -76.8295
52  6  -67.1007
52  7  -58.6998
52  8  -51.1917
52  9  -44.3205
52  10  -37.9227
52  11  -31.884
52  12  -26.1149
52  13  -20.5357
52  14  -15.0676
52  15  -9.6277
52  16  -4.12315
52  17  1.55411
52  18  7.53728
52  19  14.0018
52  20  21.2003
52  21  29.5341
52  22  39.7289
52  23  53.3614
52  24  75.2004
52  25  151.157
53  1  -222.064
53  2  -129.982
53  3  -104.266
53  4  -88.2563
53  5  -76.2682
53  6  -66.4541
53  7  -57.9854
53  8  -50.4235
53  9  -43.5106
53  10  -37.0816
53  11  -31.0209
53  12  -25.2361
53  13  -19.6456
53  14  -14.1685
53  15  -8.71928
53  16  -3.20395
53  17  2.48683
53  18  8.48723
53  19  14.9737
53  20  22.1994
53  21  30.5675
53  22  40.8065
53  23  54.499
53  24  76.434
53  25  152.691
54  1  -222.786
54  2  -129.704
54  3  -103.728
54  4  -87.5576
54  5  -75.4529
54  6  -65.5482
54  7  -57.0086
54  8  -49.392
54  9  -42.439
54  10  -35.9829
54  11  -29.9049
54  12  -24.1112
54  13  -18.5166
54  14  -13.0378
54  15  -7.5871
54  16  -2.06843
54  17  3.62861
54  18  9.63909
54  19  16.1402
54  20  23.3861
54  21  31.7806
54  22  42.0542
54  23  55.795
54  24  77.8068
54  25  154.293
55  1  -223.3
55  2  -129.258
55  3  -103.036
55  4  -86.7165
55  5  -74.5032
55  6  -64.5158
55  7  -55.9128
55  8  -48.2497
55  9  -41.2652
55  10  -34.7906
55  11  -28.7054
55  12  -22.9126
55  13  -17.3239
55  14  -11.8535
55  15  -6.41114
55  16  -0.899347
55  17  4.79397
55  18  10.8041
55  19  17.3087
55  20  24.5622
55  21  32.9685
55  22  43.2596
55  23  57.0253
55  24  79.0764
55  25  155.663
56  1  -223.675
56  2  -128.666
56  3  -102.204
56  4  -85.7386
56  5  -73.4205
56  6  -63.3542
56  7  -54.6931
56  8  -46.9901
56  9  -39.982
56  10  -33.4985
56  11  -27.4166
56  12  -21.6355
56  13  -16.0642
56  14  -10.6132
56  15  -5.19061
56  16  0.303734
56  17  5.98185
56  18  11.9802
56  19  18.4761
56  20  25.7238
56  21  34.1273
56  22  44.4172
56  23  58.1833
56  24  80.2348
56  25  156.784
57  1  -223.987
57  2  -127.881
57  3  -101.156
57  4  -84.5317
57  5  -72.1008
57  6  -61.9519
57  7  -53.2329
57  8  -45.4942
57  9  -38.4714
57  10  -31.9912
57  11  -25.9268
57  12  -20.174
57  13  -14.6373
57  14  -9.2235
57  15  -3.83751
57  16  1.62201
57  17  7.26868
57  18  13.2386
57  19  19.7087
57  20  26.9321
57  21  35.3117
57  22  45.5756
57  23  59.3089
57  24  81.3068
57  25  157.623
58  1  -224.269
58  2  -127.011
58  3  -100.021
58  4  -83.237
58  5  -70.6949
58  6  -60.4677
58  7  -51.698
58  8  -43.9346
58  9  -36.9108
58  10  -30.4505
58  11  -24.4225
58  12  -18.7174
58  13  -13.2344
58  14  -7.87695
58  15  -2.54617
58  16  2.86051
58  17  8.45737
58  18  14.3798
58  19  20.8042
58  20  27.9817
58  21  36.3119
58  22  46.5187
58  23  60.1773
58  24  82.0546
58  25  157.896
59  1  -224.625
59  2  -126.131
59  3  -98.867
59  4  -81.9211
59  5  -69.2682
59  6  -58.9666
59  7  -50.1548
59  8  -42.3797
59  9  -35.3723
59  10  -28.9521
59  11  -22.9822
59  12  -17.3468
59  13  -11.9402
59  14  -6.66
59  15  -1.40525
59  16  3.92844
59  17  9.45521
59  18  15.3096
59  19  21.666
59  20  28.7725
59  21  37.0246
59  22  47.1384
59  23  60.6741
59  24  82.3516
59  25  157.432
60  1  -225.269
60  2  -125.249
60  3  -97.6603
60  4  -80.5244
60  5  -67.7449
60  6  -57.3643
60  7  -48.5167
60  8  -40.747
60  9  -33.7816
60  10  -27.4335
60  11  -21.5576
60  12  -16.0293
60  13  -10.7349
60  14  -5.56703
60  15  -0.421776
60  16  4.80645
60  17  10.231
60  18  15.984
60  19  22.2369
60  20  29.2333
60  21  37.3617
60  22  47.3262
60  23  60.6617
60  24  82.0136
60  25  155.866
61  1  -226.58
61  2  -124.541
61  3  -96.5369
61  4  -79.1607
61  5  -66.2265
61  6  -55.7581
61  7  -46.8853
61  8  -39.1481
61  9  -32.265
61  10  -26.0378
61  11  -20.3072
61  12  -14.9366
61  13  -9.80258
61  14  -4.79221
61  15  0.20143
61  16  5.28316
61  17  10.5641
61  18  16.1731
61  19  22.2759
61  20  29.1094
61  21  37.0513
61  22  46.7878
61  23  59.8148
61  24  80.6614
61  25  152.613
62  1  -229.617
62  2  -124.37
62  3  -95.7179
62  4  -77.9688
62  5  -64.8038
62  6  -54.2209
62  7  -45.3404
62  8  -37.6894
62  9  -30.9665
62  10  -24.9486
62  11  -19.4529
62  12  -14.3239
62  13  -9.42681
62  14  -4.64312
62  15  0.133903
62  16  5.00636
62  17  10.0798
62  18  15.4765
62  19  21.3533
62  20  27.936
62  21  35.5851
62  22  44.9571
62  23  57.4857
62  24  77.509
62  25  146.343
63  1  -236.507
63  2  -125.705
63  3  -95.9175
63  4  -77.5182
63  5  -63.9729
63  6  -53.2341
63  7  -44.3901
63  8  -36.9241
63  9  -30.4811
63  10  -24.7883
63  11  -19.6263
63  12  -14.8177
63  13  -10.2193
63  14  -5.71382
63  15  -1.20053
63  16  3.4138
63  17  8.22535
63  18  13.345
63  19  18.9176
63  20  25.1518
63  21  32.3836
63  22  41.2259
63  23  53.0177
63  24  71.8085
63  25  135.912
64  1  -251.614
64  2  -130.156
64  3  -98.1165
64  4  -78.469
64  5  -64.2978
64  6  -53.4194
64  7  -44.774
64  8  -37.69
64  9  -31.6891
64  10  -26.4226
64  11  -21.6394
64  12  -17.1583
64  13  -12.8468
64  14  -8.60324
64  15  -4.34316
64  16  0.0118663
64  17  4.54376
64  18  9.34965
64  19  14.5581
64  20  20.3566
64  21  27.0479
64  22  35.1851
64  23  45.9748
64  24  63.0609
64  25  120.465
65  1  -265.793
65  2  -132.536
65  3  -98.3436
65  4  -78.069
65  5  -64.2279
65  6  -54.1409
65  7  -46.3573
65  8  -40.0018
65  9  -34.5409
65  10  -29.6473
65  11  -25.1153
65  12  -20.8096
65  13  -16.6341
65  14  -12.5142
65  15  -8.38469
65  16  -4.18209
65  17  0.163334
65  18  4.73735
65  19  9.65409
65  20  15.0815
65  21  21.2901
65  22  28.7742
65  23  38.6084
65  24  54.0263
65  25  104.642
66  1  -206.696
66  2  -100.258
66  3  -77.5043
66  4  -66.2017
66  5  -58.7213
66  6  -52.6919
66  7  -47.3213
66  8  -42.3335
66  9  -37.6145
66  10  -33.1016
66  11  -28.7477
66  12  -24.5116
66  13  -20.353
66  14  -16.2312
66  15  -12.1024
66  16  -7.91673
66  17  -3.6153
66  18  0.877532
66  19  5.6654
66  20  10.9007
66  21  16.8295
66  22  23.9009
66  23  33.0891
66  24  47.3123
66  25  92.7316
67  1  -49.3569
67  2  -29.0326
67  3  -37.0821
67  4  -45.6065
67  5  -49.7414
67  6  -50.1028
67  7  -48.1503
67  8  -44.9467
67  9  -41.1142
67  10  -36.9892
67  11  -32.7445
67  12  -28.4628
67  13  -24.1755
67  14  -19.8847
67  15  -15.5725
67  16  -11.207
67  17  -6.74072
67  18  -2.10741
67  19  2.78642
67  20  8.08207
67  21  14.0086
67  22  20.9837
67  23  29.9133
67  24  43.5008
67  25  85.4964
68  1  34.1934
68  2  8.83187
68  3  -14.1609
68  4  -34.267
68  5  -46.6822
68  6  -52.2531
68  7  -53.2489
68  8  -51.5213
68  9  -48.2576
68  10  -44.1561
68  11  -39.6121
68  12  -34.8438
68  13  -29.9655
68  14  -25.0305
68  15  -20.0534
68  16  -15.0224
68  17  -9.90408
68  18  -4.64225
68  19  0.84877
68  20  6.70152
68  21  13.1339
68  22  20.544
68  23  29.7948
68  24  43.454
68  25  83.6943
69  1  54.5539
69  2  14.4699
69  3  -20.7958
69  4  -55.2638
69  5  -79.9513
69  6  -93.4935
69  7  -98.2639
69  8  -97.1247
69  9  -92.2937
69  10  -85.2519
69  11  -76.9286
69  12  -67.8896
69  13  -58.4723
69  14  -48.8719
69  15  -39.1933
69  16  -29.4815
69  17  -19.7398
69  18  -9.93489
69  19  0.00361461
69  20  10.1976
69  21  20.8554
69  22  32.3616
69  23  45.5513
69  24  62.8992
69  25  105.42
70  1  52.6317
70  2  13.1653
70  3  -22.0537
70  4  -58.5155
70  5  -86.3722
70  6  -102.729
70  7  -109.182
70  8  -108.568
70  9  -103.39
70  10  -95.4474
70  11  -85.919
70  12  -75.5436
70  13  -64.7686
70  14  -53.8556
70  15  -42.9479
70  16  -32.1106
70  17  -21.355
70  18  -10.65
70  19  0.0765886
70  20  10.9502
70  21  22.1823
70  22  34.158
70  23  47.7041
70  24  65.2494
70  25  107.094
71  1  44.0436
71  2  9.17443
71  3  -21.9453
71  4  -55.6179
71  5  -82.6393
71  6  -99.4275
71  7  -106.722
71  8  -106.891
71  9  -102.299
71  10  -94.7573
71  11  -85.5006
71  12  -75.3213
71  13  -64.7067
71  14  -53.943
71  15  -43.1874
71  16  -32.5117
71  17  -21.9292
71  18  -11.4074
71  19  -0.871633
71  20  9.80716
71  21  20.8435
71  22  32.6254
71  23  45.976
71  24  63.2973
71  25  104.346
72  1  40.7672
72  2  10.3282
72  3  -16.6841
72  4  -46.8527
72  5  -72.0496
72  6  -88.5771
72  7  -96.5502
72  8  -97.8087
72  9  -94.4215
72  10  -88.0725
72  11  -79.955
72  12  -70.8544
72  13  -61.2625
72  14  -51.473
72  15  -41.6488
72  16  -31.8663
72  17  -22.1407
72  18  -12.4407
72  19  -2.69114
72  20  7.23924
72  21  17.5684
72  22  28.6888
72  23  41.4301
72  24  58.1898
72  25  98.3439
73  1  40.278
73  2  13.7624
73  3  -9.92388
73  4  -37.2762
73  5  -61.0475
73  6  -77.5296
73  7  -86.3529
73  8  -88.8826
73  9  -86.8895
73  10  -81.9098
73  11  -75.0788
73  12  -67.168
73  13  -58.6723
73  14  -49.8961
73  15  -41.0123
73  16  -32.107
73  17  -23.2033
73  18  -14.2757
73  19  -5.25235
73  20  3.99575
73  21  13.6879
73  22  24.2223
73  23  36.4397
73  24  52.7561
73  25  92.3163
74  1  38.8943
74  2  16.264
74  3  -4.32193
74  4  -29.0184
74  5  -51.3288
74  6  -67.5964
74  7  -77.0716
74  8  -80.7006
74  9  -79.9642
74  10  -76.2426
74  11  -70.6012
74  12  -63.7887
74  13  -56.2992
74  14  -48.4443
74  15  -40.4078
74  16  -32.2854
74  17  -24.1096
74  18  -15.8624
74  19  -7.47738
74  20  1.17098
74  21  10.3011
74  22  20.3154
74  23  32.0683
74  24  48.0123
74  25  87.1845
75  1  37.8371
75  2  18.4611
75  3  0.169501
75  4  -22.6294
75  5  -43.9214
75  6  -60.0875
75  7  -70.1115
75  8  -74.631
75  9  -74.905
75  10  -72.1889
75  11  -67.4921
75  12  -61.5439
75  13  -54.8385
75  14  -47.6942
75  15  -40.3042
75  16  -32.7741
75  17  -25.1447
75  18  -17.4051
75  19  -9.49543
75  20  -1.29476
75  21  7.41285
75  22  17.0303
75  23  28.4226
75  24  44.0787
75  25  83.0461
76  1  36.9541
76  2  20.5592
76  3  4.0944
76  4  -17.2505
76  5  -37.7969
76  6  -53.9519
76  7  -64.4905
76  8  -69.803
76  9  -70.9644
76  10  -69.1253
76  11  -65.2464
76  12  -60.0417
76  13  -54.0052
76  14  -47.4625
76  15  -40.6158
76  16  -33.5797
76  17  -26.4034
76  18  -19.0833
76  19  -11.5655
76  20  -3.73436
76  21  4.62196
76  22  13.9047
76  23  24.9836
76  24  40.3787
76  25  79.2263
77  1  36.133
77  2  22.4112
77  3  7.36374
77  4  -12.8908
77  5  -32.9089
77  6  -49.1159
77  7  -60.1257
77  8  -66.1312
77  9  -68.0584
77  10  -66.971
77  11  -63.7898
77  12  -59.2154
77  13  -53.7433
77  14  -47.7048
77  15  -41.3108
77  16  -34.6841
77  17  -27.8814
77  18  -20.9058
77  19  -13.7093
77  20  -6.18139
77  21  1.88491
77  22  10.8872
77  23  21.6951
77  24  36.8489
77  25  75.6167
78  1  14.3952
78  2  3.25936
78  3  -9.96525
78  4  -28.2822
78  5  -46.5974
78  6  -61.5437
78  7  -71.7498
78  8  -77.3171
78  9  -79.0621
78  10  -77.9573
78  11  -74.8599
78  12  -70.4297
78  13  -65.1358
78  14  -59.294
78  15  -53.106
78  16  -46.6887
78  17  -40.0957
78  18  -33.3292
78  19  -26.3407
78  20  -19.0204
78  21  -11.1626
78  22  -2.37175
78  23  8.21925
78  24  23.16
78  25  61.8572
79  1  12.7085
79  2  3.65792
79  3  -8.76107
79  4  -26.5303
79  5  -44.6709
79  6  -59.8129
79  7  -70.4745
79  8  -76.6278
79  9  -78.9889
79  10  -78.4743
79  11  -75.9152
79  12  -71.9647
79  13  -67.0943
79  14  -61.6269
79  15  -55.7711
79  16  -49.6512
79  17  -43.3273
79  18  -36.8068
79  19  -30.0465
79  20  -22.9416
79  21  -15.2908
79  22  -6.70409
79  23  3.67949
79  24  18.4066
79  25  57.0086
80  1  48.0683
80  2  40.3465
80  3  27.032
80  4  7.33421
80  5  -13.5027
80  6  -31.7069
80  7  -45.4091
80  8  -54.3219
80  9  -59.0467
80  10  -60.4861
80  11  -59.5113
80  12  -56.8335
80  13  -52.9841
80  14  -48.338
80  15  -43.1473
80  16  -37.5706
80  17  -31.695
80  18  -25.5497
80  19  -19.1078
80  20  -12.2783
80  21  -4.87181
80  22  3.4908
80  23  13.658
80  24  28.1616
80  25  66.6217
81  1  49.2808
81  2  43.1641
81  3  30.3421
81  4  10.9365
81  5  -9.88482
81  6  -28.3434
81  7  -42.4876
81  8  -51.93
81  9  -57.1962
81  10  -59.1447
81  11  -58.6277
81  12  -56.3527
81  13  -52.8545
81  14  -48.5147
81  15  -43.5924
81  16  -38.2529
81  17  -32.5894
81  18  -26.6358
81  19  -20.3706
81  20  -13.7064
81  21  -6.45845
81  22  1.74632
81  23  11.7483
81  24  26.0617
81  25  64.3443
82  1  50.9447
82  2  46.3534
82  3  33.9421
82  4  14.7438
82  5  -6.13746
82  6  -24.9094
82  7  -39.5376
82  8  -49.5395
82  9  -55.3675
82  10  -57.8386
82  11  -57.7885
82  12  -55.9217
82  13  -52.7775
82  14  -48.745
82  15  -44.0906
82  16  -38.9866
82  17  -33.5328
82  18  -27.7685
82  19  -21.6767
82  20  -15.1746
82  21  -8.08223
82  22  -0.0319786
82  23  9.80577
82  24  23.9223
82  25  61.9549
83  1  52.5948
83  2  49.2431
83  3  37.1304
83  4  18.0538
83  5  -2.92818
83  6  -22.0072
83  7  -37.0786
83  8  -47.5796
83  9  -53.9028
83  10  -56.8317
83  11  -57.1881
83  12  -55.6754
83  13  -52.8375
83  14  -49.0695
83  15  -44.6451
83  16  -39.7429
83  17  -34.4682
83  18  -28.8651
83  19  -22.9206
83  20  -16.556
83  21  -9.59557
83  22  -1.67713
83  23  8.01989
83  24  21.9613
83  25  59.7072
84  1  54.2556
84  2  51.9741
84  3  40.0949
84  4  21.0872
84  5  -0.0257018
84  6  -19.4165
84  7  -34.9158
84  8  -45.8896
84  9  -52.6777
84  10  -56.0338
84  11  -56.768
84  12  -55.5834
84  13  -53.0282
84  14  -49.504
84  15  -45.291
84  16  -40.5741
84  17  -35.4631
84  18  -30.0071
84  19  -24.1967
84  20  -17.9576
84  21  -11.1172
84  22  -3.31906
84  23  6.24823
84  24  20.0248
84  25  57.4393
85  1  56.0401
85  2  54.7531
85  3  43.0701
85  4  24.0903
85  5  2.81008
85  6  -16.9201
85  7  -32.8669
85  8  -44.3266
85  9  -51.5879
85  10  -55.3763
85  11  -56.4918
85  12  -55.6372
85  13  -53.3657
85  14  -50.0856
85  15  -46.0836
85  16  -41.5509
85  17  -36.6029
85  18  -31.293
85  19  -25.616
85  20  -19.5009
85  21  -12.7796
85  22  -5.10087
85  23  4.33668
85  24  17.9452
85  25  54.9586
86  1  57.8105
86  2  57.3787
86  3  45.8455
86  4  26.8557
86  5  5.38679
86  6  -14.685
86  7  -31.0668
86  8  -42.9914
86  9  -50.7018
86  10  -54.8983
86  11  -56.3722
86  12  -55.8269
86  13  -53.8207
86  14  -50.7684
86  15  -46.9632
86  16  -42.6017
86  17  -37.8049
86  18  -32.6302
86  19  -27.0764
86  20  -21.0762
86  21  -14.4652
86  22  -6.89718
86  23  2.41985
86  24  15.8689
86  25  52.445
87  1  59.5824
87  2  59.8993
87  3  48.4802
87  4  29.4489
87  5  7.7717
87  6  -12.6476
87  7  -29.4587
87  8  -41.8357
87  9  -49.9794
87  10  -54.5681
87  11  -56.3853
87  12  -56.1354
87  13  -54.3818
87  14  -51.546
87  15  -47.9271
87  16  -43.7282
87  17  -39.0743
87  18  -34.0273
87  19  -28.5899
87  20  -22.698
87  21  -16.1909
87  22  -8.7275
87  23  0.474736
87  24  13.7707
87  25  49.8764
88  1  61.1982
88  2  62.1199
88  3  50.7792
88  4  31.6866
88  5  9.80479
88  6  -10.9364
88  7  -28.1353
88  8  -40.9164
88  9  -49.4443
88  10  -54.379
88  11  -56.4981
88  12  -56.5075
88  13  -54.9751
88  14  -52.3286
88  15  -48.8726
88  16  -44.8151
88  17  -40.2855
88  18  -35.3496
88  19  -30.0132
88  20  -24.2152
88  21  -17.7984
88  22  -10.4261
88  23  -1.32386
88  24  11.8373
88  25  47.491
89  1  62.9235
89  2  64.4251
89  3  53.1449
89  4  33.9658
89  5  11.8508
89  6  -9.23897
89  7  -26.8503
89  8  -40.0561
89  9  -48.9854
89  10  -54.28
89  11  -56.7122
89  12  -56.9899
89  13  -55.6864
89  14  -53.2347
89  15  -49.9465
89  16  -46.0343
89  17  -41.6325
89  18  -36.8105
89  19  -31.5776
89  20  -25.8759
89  21  -19.5517
89  22  -12.2726
89  23  -3.27338
89  24  9.7475
89  25  44.9001
90  1  64.6457
90  2  66.6704
90  3  55.4301
90  4  36.1456
90  5  13.7849
90  6  -7.65926
90  7  -25.6813
90  8  -39.306
90  9  -48.6289
90  10  -54.2752
90  11  -57.0123
90  12  -57.5508
90  13  -56.4689
90  14  -54.2064
90  15  -51.0801
90  16  -47.3083
90  17  -43.0297
90  18  -38.3177
90  19  -33.1844
90  20  -27.5754
90  21  -21.3402
90  22  -14.1512
90  23  -5.25138
90  24  7.63321
90  25  42.2708
91  1  66.3208
91  2  68.8115
91  3  57.5935
91  4  38.19
91  5  15.5779
91  6  -6.21624
91  7  -24.6388
91  8  -38.6678
91  9  -48.3685
91  10  -54.3511
91  11  -57.3793
91  12  -58.1659
91  13  -57.295
91  14  -55.2117
91  15  -52.2392
91  16  -48.6002
91  17  -44.4383
91  18  -39.8298
91  19  -34.7907
91  20  -29.2692
91  21  -23.1181
91  22  -16.014
91  23  -7.20843
91  24  5.54655
91  25  39.6725
92  1  67.9586
92  2  70.8722
92  3  59.6616
92  4  40.1277
92  5  17.2593
92  6  -4.88331
92  7  -23.6984
92  8  -38.1211
92  9  -48.188
92  10  -54.4955
92  11  -57.8041
92  12  -58.8294
92  13  -58.1607
92  14  -56.2495
92  15  -53.424
92  16  -49.9123
92  17  -45.8615
92  18  -41.352
92  19  -36.4029
92  20  -30.9649
92  21  -24.8941
92  22  -17.8711
92  23  -9.15557
92  24  3.47444
92  25  37.093
93  1  69.6066
93  2  72.9194
93  3  61.7036
93  4  42.0256
93  5  18.8894
93  6  -3.6098
93  7  -22.8221
93  8  -37.6406
93  9  -48.0737
93  10  -54.7051
93  11  -58.2927
93  12  -59.5552
93  13  -59.0873
93  14  -57.3465
93  15  -54.6665
93  16  -51.2806
93  17  -47.3397
93  18  -42.9281
93  19  -38.0674
93  20  -32.7118
93  21  -26.72
93  22  -19.7772
93  23  -11.151
93  24  1.35569
93  25  34.4582
94  1  71.1265
94  2  74.7881
94  3  63.5575
94  4  43.7363
94  5  20.3443
94  6  -2.48923
94  7  -22.0704
94  8  -37.2539
94  9  -48.0239
94  10  -54.9522
94  11  -58.795
94  12  -60.2741
94  13  -59.9895
94  14  -58.4039
94  15  -55.8566
94  16  -52.5848
94  17  -48.7441
94  18  -44.4211
94  19  -39.6408
94  20  -34.3598
94  21  -28.4398
94  22  -21.5699
94  23  -13.0245
94  24  -0.630739
94  25  31.9929
95  1  72.7158
95  2  76.7258
95  3  65.4707
95  4  45.4896
95  5  21.8215
95  6  -1.36713
95  7  -21.337
95  8  -36.9033
95  9  -48.0249
95  10  -55.2627
95  11  -59.371
95  12  -61.075
95  13  -60.9804
95  14  -59.5556
95  15  -57.1457
95  16  -53.9921
95  17  -50.2546
95  18  -46.0234
95  19  -41.3262
95  20  -36.1223
95  21  -30.2764
95  22  -23.4815
95  23  -15.0201
95  24  -2.74321
95  25  29.3777
96  1  74.3121
96  2  78.6579
96  3  67.3691
96  4  47.2177
96  5  23.2641
96  6  -0.287138
96  7  -20.6508
96  8  -36.6029
96  9  -48.0778
96  10  -55.6255
96  11  -59.9995
96  12  -61.9285
96  13  -62.0235
96  14  -60.7593
96  15  -58.4858
96  16  -55.4501
96  17  -51.8154
96  18  -47.6752
96  19  -43.0606
96  20  -37.9332
96  21  -32.1612
96  22  -25.4409
96  23  -17.0628
96  24  -4.9022
96  25  26.7125
97  1  75.9856
97  2  80.6711
97  3  69.3384
97  4  48.9987
97  5  24.7372
97  6  0.799058
97  7  -19.9816
97  8  -36.3401
97  9  -48.1863
97  10  -56.0593
97  11  -60.7113
97  12  -62.8752
97  13  -63.1682
97  14  -62.0713
97  15  -59.9404
97  16  -57.0273
97  17  -53.4995
97  18  -49.4542
97  19  -44.9253
97  20  -39.8777
97  21  -34.1821
97  22  -27.5396
97  23  -19.2482
97  24  -7.20876
97  25  23.8743
98  1  77.4583
98  2  82.4339
98  3  71.0554
98  4  50.5424
98  5  26.0027
98  6  1.7185
98  7  -19.4327
98  8  -36.1512
98  9  -48.3249
98  10  -56.4844
98  11  -61.3812
98  12  -63.7516
98  13  -64.2185
98  14  -63.2685
98  15  -61.2625
98  16  -58.4568
98  17  -55.0226
98  18  -51.0603
98  19  -46.6065
98  20  -41.6285
98  21  -35.9997
98  22  -29.425
98  23  -21.2096
98  24  -9.27633
98  25  21.3392
99  1  79.0968
99  2  84.3867
99  3  72.9507
99  4  52.2365
99  5  27.3793
99  6  2.70408
99  7  -18.8639
99  8  -35.9855
99  9  -48.5255
99  10  -57.0047
99  11  -62.1738
99  12  -64.7741
99  13  -65.4343
99  14  -64.6474
99  15  -62.78
99  16  -60.0936
99  17  -56.7631
99  18  -52.8928
99  19  -48.5221
99  20  -43.6213
99  21  -38.0667
99  22  -31.5674
99  23  -23.4359
99  24  -11.6201
99  25  18.4756
100  1  80.7182
100  2  86.3112
100  3  74.8115
100  4  53.8901
100  5  28.7112
100  6  3.64267
100  7  -18.3424
100  8  -35.8664
100  9  -48.7708
100  10  -57.5672
100  11  -63.0067
100  12  -65.8347
100  13  -66.6862
100  14  -66.0607
100  15  -64.3306
100  16  -61.7619
100  17  -58.5341
100  18  -54.7546
100  19  -50.4658
100  20  -45.6411
100  21  -40.1597
100  22  -33.7345
100  23  -25.6862
100  24  -13.9864
100  25  15.5957
101  1  82.3292
101  2  88.2168
101  3  76.6475
101  4  55.5129
101  5  30.0065
101  6  4.54039
101  7  -17.8639
101  8  -35.7909
101  9  -49.0595
101  10  -58.1729
101  11  -63.8821
101  12  -66.937
101  13  -67.9791
101  14  -67.5142
101  15  -65.9204
101  16  -63.4687
101  17  -60.3427
101  18  -56.6533
101  19  -52.4462
101  20  -47.6969
101  21  -42.2879
101  22  -35.9363
101  23  -27.9702
101  24  -16.3857
101  25  12.6871
102  1  84.0626
102  2  90.2605
102  3  78.6099
102  4  57.2373
102  5  31.3704
102  6  5.46959
102  7  -17.3915
102  8  -35.7563
102  9  -49.4202
102  10  -58.8766
102  11  -64.8772
102  12  -68.1772
102  13  -69.4251
102  14  -69.1334
102  15  -67.6866
102  16  -65.361
102  17  -62.3446
102  18  -58.7522
102  19  -54.6325
102  20  -49.9647
102  21  -44.6338
102  22  -38.3613
102  23  -30.4838
102  24  -19.0229
102  25  9.5033
103  1  85.7149
103  2  92.2032
103  3  80.4688
103  4  58.8621
103  5  32.6434
103  6  6.32091
103  7  -16.9815
103  8  -35.7682
103  9  -49.8118
103  10  -59.5976
103  11  -65.8779
103  12  -69.4128
103  13  -70.8576
103  14  -70.7317
103  15  -69.4254
103  16  -67.2205
103  17  -64.309
103  18  -60.8094
103  19  -56.7733
103  20  -52.183
103  21  -46.9265
103  22  -40.7297
103  23  -32.9365
103  24  -21.5935
103  25  6.41304
104  1  87.2907
104  2  94.0508
104  3  82.2314
104  4  60.3943
104  5  33.8333
104  6  7.1023
104  7  -16.6264
104  8  -35.8196
104  9  -50.2288
104  10  -60.331
104  11  -66.8797
104  12  -70.64
104  13  -72.2737
104  14  -72.3066
104  15  -71.1349
104  16  -69.0454
104  17  -66.2343
104  18  -62.8234
104  19  -58.8673
104  20  -54.351
104  21  -49.1658
104  22  -43.0412
104  23  -35.3286
104  24  -24.098
104  25  3.41413
105  1  88.9574
105  2  96.0004
105  3  84.0861
105  4  61.9983
105  5  35.0673
105  6  7.8969
105  7  -16.2888
105  8  -35.9169
105  9  -50.7163
105  10  -61.1564
105  11  -67.991
105  12  -71.9913
105  13  -73.8262
105  14  -74.028
105  15  -72.9996
105  16  -71.0329
105  17  -68.3283
105  18  -65.0114
105  19  -61.1405
105  20  -56.7028
105  21  -51.5933
105  22  -45.5453
105  23  -37.9183
105  24  -26.807
105  25  0.184024
106  1  90.5894
106  2  97.9051
106  3  85.8924
106  4  63.5525
106  5  36.2516
106  6  8.64352
106  7  -15.996
106  8  -36.055
106  9  -51.2406
106  10  -62.0144
106  11  -69.1316
106  12  -73.369
106  13  -75.4021
106  14  -75.7707
106  15  -74.8835
106  16  -73.0375
106  17  -70.4379
106  18  -67.214
106  19  -63.4265
106  20  -59.0664
106  21  -54.0311
106  22  -48.0585
106  23  -40.5156
106  24  -29.521
106  25  -3.0391
107  1  92.3118
107  2  99.911
107  3  87.7894
107  4  65.1755
107  5  37.476
107  6  9.39808
107  7  -15.7272
107  8  -36.247
107  9  -51.8451
107  10  -62.975
107  11  -70.3932
107  12  -74.8829
107  13  -77.1271
107  14  -77.673
107  15  -76.9361
107  16  -75.2186
107  17  -72.7306
107  18  -69.6052
107  19  -65.9065
107  20  -61.6287
107  21  -56.6723
107  22  -50.7798
107  23  -43.3261
107  24  -32.4552
107  25  -6.50881
108  1  94.0402
108  2  101.92
108  3  89.6833
108  4  66.7874
108  5  38.6791
108  6  10.1211
108  7  -15.4994
108  8  -36.4881
108  9  -52.505
108  10  -63.9961
108  11  -71.72
108  12  -76.4654
108  13  -78.9236
108  14  -79.6491
108  15  -79.0641
108  16  -77.4768
108  17  -75.1018
108  18  -72.0759
108  19  -68.4672
108  20  -64.2723
108  21  -59.3959
108  22  -53.5839
108  23  -46.2202
108  24  -35.474
108  25  -10.0632
109  1  95.7987
109  2  103.959
109  3  91.6009
109  4  68.4099
109  5  39.8764
109  6  10.8207
109  7  -15.3128
109  8  -36.7857
109  9  -53.2349
109  10  -65.0989
109  11  -73.1375
109  12  -78.1466
109  13  -80.825
109  14  -81.7352
109  15  -81.3066
109  16  -79.853
109  17  -77.5941
109  18  -74.6707
109  19  -71.1543
109  20  -67.0447
109  21  -62.2501
109  22  -56.5212
109  23  -49.2498
109  24  -38.6311
109  25  -13.7643
110  1  97.4746
110  2  105.899
110  3  93.4193
110  4  69.9398
110  5  40.9927
110  6  11.454
110  7  -15.1754
110  8  -37.1165
110  9  -53.9833
110  10  -66.2067
110  11  -74.5488
110  12  -79.8116
110  13  -82.7022
110  14  -83.7906
110  15  -83.5124
110  16  -82.1874
110  17  -80.0402
110  18  -77.2151
110  19  -73.7875
110  20  -69.7602
110  21  -65.0441
110  22  -59.3947
110  23  -52.2118
110  24  -41.7151
110  25  -17.3646
111  1  99.1989
111  2  107.891
111  3  95.2817
111  4  71.4977
111  5  42.1157
111  6  12.0705
111  7  -15.0787
111  8  -37.5093
111  9  -54.8125
111  10  -67.4112
111  11  -76.0699
111  12  -81.5976
111  13  -84.7094
111  14  -85.9832
111  15  -85.8618
111  16  -84.6711
111  17  -82.6399
111  18  -79.9175
111  19  -76.5821
111  20  -72.6401
111  21  -68.0061
111  22  -62.4393
111  23  -55.3483
111  24  -44.9782
111  25  -21.158
112  1  101.03
112  2  110.003
112  3  97.2506
112  4  73.1344
112  5  43.2799
112  6  12.6855
112  7  -15.026
112  8  -37.9859
112  9  -55.76
112  10  -68.7638
112  11  -77.764
112  12  -83.5771
112  13  -86.9273
112  14  -88.4008
112  15  -88.4485
112  16  -87.402
112  17  -85.4961
112  18  -82.8841
112  19  -79.6479
112  20  -75.7977
112  21  -71.2515
112  22  -65.7737
112  23  -58.7813
112  24  -48.5464
112  25  -25.2882
113  1  102.65
113  2  111.868
113  3  98.9834
113  4  74.5658
113  5  44.2837
113  6  13.1937
113  7  -15.0247
113  8  -38.461
113  9  -56.659
113  10  -70.0268
113  11  -79.334
113  12  -85.4035
113  13  -88.9675
113  14  -90.6204
113  15  -90.8196
113  16  -89.9027
113  17  -88.1089
113  18  -85.5958
113  19  -82.4488
113  20  -78.6809
113  21  -74.2134
113  22  -68.8152
113  23  -61.911
113  24  -51.7967
113  25  -29.0348
114  1  104.342
114  2  113.813
114  3  100.786
114  4  76.0459
114  5  45.3075
114  6  13.6891
114  7  -15.0686
114  8  -39.0116
114  9  -57.6598
114  10  -71.4143
114  11  -81.0471
114  12  -87.3887
114  13  -91.1797
114  14  -93.0228
114  15  -93.3826
114  16  -92.6029
114  17  -90.928
114  18  -88.5198
114  19  -85.467
114  20  -81.7861
114  21  -77.4022
114  22  -72.088
114  23  -65.2773
114  24  -55.2899
114  25  -33.0456
115  1  106.089
115  2  115.818
115  3  102.639
115  4  77.5564
115  5  46.3358
115  6  14.1603
115  7  -15.1658
115  8  -39.6418
115  9  -58.7633
115  10  -72.9243
115  11  -82.8994
115  12  -89.5266
115  13  -93.5559
115  14  -95.5987
115  15  -96.1271
115  16  -95.4913
115  17  -93.9412
115  18  -91.6426
115  19  -88.6888
115  20  -85.0992
115  21  -80.8024
115  22  -75.5765
115  23  -68.8632
115  24  -59.0085
115  25  -37.2977
116  1  107.892
116  2  117.885
116  3  104.543
116  4  79.0972
116  5  47.3663
116  6  14.6022
116  7  -15.3235
116  8  -40.3617
116  9  -59.9821
116  10  -74.5709
116  11  -84.9061
116  12  -91.834
116  13  -96.1141
116  14  -98.3666
116  15  -99.0721
116  16  -98.5879
116  17  -97.1687
116  18  -94.9857
116  19  -92.1356
116  20  -88.6418
116  21  -84.4368
116  22  -79.3033
116  23  -72.6919
116  24  -62.9756
116  25  -41.8157
117  1  109.475
117  2  119.696
117  3  106.206
117  4  80.4334
117  5  48.2435
117  6  14.9508
117  7  -15.5127
117  8  -41.0546
117  9  -61.1218
117  10  -76.0938
117  11  -86.7514
117  12  -93.9482
117  13  -98.4524
117  14  -100.893
117  15  -101.757
117  16  -101.408
117  17  -100.106
117  18  -98.0258
117  19  -95.2685
117  20  -91.8602
117  21  -87.7369
117  22  -82.6859
117  23  -76.1654
117  24  -66.572
117  25  -45.8951
118  1  111.147
118  2  121.608
118  3  107.956
118  4  81.8286
118  5  49.142
118  6  15.2777
118  7  -15.767
118  8  -41.8526
118  9  -62.4022
118  10  -77.7872
118  11  -88.7924
118  12  -96.2792
118  13  -101.025
118  14  -103.668
118  15  -104.702
118  16  -104.499
118  17  -103.323
118  18  -101.354
118  19  -98.6964
118  20  -95.3803
118  21  -91.3449
118  22  -86.3825
118  23  -79.9598
118  24  -70.4979
118  25  -50.3322
119  1  112.835
119  2  123.535
119  3  109.714
119  4  83.2183
119  5  50.017
119  6  15.5618
119  7  -16.0831
119  8  -42.7307
119  9  -63.7775
119  10  -79.589
119  11  -90.9526
119  12  -98.7384
119  13  -103.733
119  14  -106.584
119  15  -107.795
119  16  -107.741
119  17  -106.695
119  18  -104.841
119  19  -102.286
119  20  -99.0644
119  21  -95.1196
119  22  -90.248
119  23  -83.9256
119  24  -74.5982
119  25  -54.9489
120  1  114.415
120  2  125.336
120  3  111.351
120  4  84.5016
120  5  50.8064
120  6  15.7838
120  7  -16.4371
120  8  -43.6229
120  9  -65.1466
120  10  -81.3661
120  11  -93.0729
120  12  -101.145
120  13  -106.378
120  14  -109.428
120  15  -110.807
120  16  -110.897
120  17  -109.975
120  18  -108.23
120  19  -105.773
120  20  -102.642
120  21  -98.7836
120  22  -93.999
120  23  -87.7721
120  24  -78.5727
120  25  -59.4078
121  1  116.067
121  2  127.219
121  3  113.057
121  4  85.8253
121  5  51.5983
121  6  15.966
121  7  -16.8733
121  8  -44.6367
121  9  -66.6717
121  10  -83.3292
121  11  -95.4039
121  12  -103.782
121  13  -109.271
121  14  -112.535
121  15  -114.093
121  16  -114.337
121  17  -113.548
121  18  -111.92
121  19  -109.568
121  20  -106.534
121  21  -102.768
121  22  -98.0766
121  23  -91.9515
121  24  -82.8882
121  25  -64.2323
122  1  117.723
122  2  129.102
122  3  114.757
122  4  87.1322
122  5  52.3588
122  6  16.1005
122  7  -17.3734
122  8  -45.7294
122  9  -68.2887
122  10  -85.3949
122  11  -97.8463
122  12  -106.539
122  13  -112.289
122  14  -115.771
122  15  -117.515
122  16  -117.916
122  17  -117.263
122  18  -115.754
122  19  -113.51
122  20  -110.575
122  21  -106.903
122  22  -102.306
122  23  -96.2848
122  24  -87.3602
122  25  -69.2141
123  1  119.403
123  2  131.013
123  3  116.474
123  4  88.4363
123  5  53.0899
123  6  16.1755
123  7  -17.9629
123  8  -46.9389
123  9  -70.0468
123  10  -87.6222
123  11  -100.468
123  12  -109.489
123  13  -115.512
123  14  -119.223
123  15  -121.159
123  16  -121.724
123  17  -121.213
123  18  -119.829
123  19  -117.697
123  20  -114.865
123  21  -111.292
123  22  -106.794
123  23  -100.881
123  24  -92.1003
123  25  -74.4762
124  1  121.08
124  2  132.919
124  3  118.178
124  4  89.7151
124  5  53.7775
124  6  16.1872
124  7  -18.6354
124  8  -48.2497
124  9  -71.9219
124  10  -89.9798
124  11  -103.231
124  12  -112.589
124  13  -118.893
124  14  -122.839
124  15  -124.973
124  16  -125.707
124  17  -125.342
124  18  -124.086
124  19  -122.069
124  20  -119.343
124  21  -115.871
124  22  -111.474
124  23  -105.672
124  24  -97.0377
124  25  -79.9382
125  1  122.863
125  2  134.945
125  3  119.981
125  4  91.0477
125  5  54.4588
125  6  16.1241
125  7  -19.4517
125  8  -49.7683
125  9  -74.061
125  10  -92.6496
125  11  -106.346
125  12  -116.075
125  13  -122.688
125  14  -126.892
125  15  -129.243
125  16  -130.162
125  17  -129.957
125  18  -128.842
125  19  -126.951
125  20  -124.341
125  21  -120.98
125  22  -116.694
125  23  -111.014
125  24  -102.539
125  25  -86.0027
126  1  124.728
126  2  137.062
126  3  121.854
126  4  92.4084
126  5  55.1105
126  6  15.9664
126  7  -20.4279
126  8  -51.5074
126  9  -76.4739
126  10  -95.6385
126  11  -109.818
126  12  -119.95
126  13  -126.897
126  14  -131.381
126  15  -133.967
126  16  -135.087
126  17  -135.056
126  18  -134.093
126  19  -132.339
126  20  -129.855
126  21  -126.614
126  22  -122.448
126  23  -116.898
126  24  -108.595
126  25  -92.6553
127  1  126.631
127  2  139.222
127  3  123.752
127  4  93.759
127  5  55.7048
127  6  15.6975
127  7  -21.5693
127  8  -53.4612
127  9  -79.1455
127  10  -98.9232
127  11  -113.617
127  12  -124.177
127  13  -131.48
127  14  -136.261
127  15  -139.098
127  16  -140.432
127  17  -140.585
127  18  -139.784
127  19  -138.175
127  20  -135.825
127  21  -132.71
127  22  -128.672
127  23  -123.261
127  24  -115.14
127  25  -99.8168
128  1  128.868
128  2  141.764
128  3  125.966
128  4  95.2924
128  5  56.2994
128  6  15.2214
128  7  -23.1265
128  8  -56.0253
128  9  -82.5982
128  10  -103.135
128  11  -118.465
128  12  -129.555
128  13  -137.299
128  14  -142.448
128  15  -145.595
128  16  -147.192
128  17  -147.572
128  18  -146.972
128  19  -145.542
128  20  -143.357
128  21  -140.399
128  22  -136.517
128  23  -131.277
128  24  -123.378
128  25  -108.798
129  1  131.696
129  2  144.98
129  3  128.734
129  4  97.1318
129  5  56.86
129  6  14.3254
129  7  -25.4928
129  8  -59.7597
129  9  -87.5398
129  10  -109.107
129  11  -125.302
129  12  -137.11
129  13  -145.451
129  14  -151.099
129  15  -154.666
129  16  -156.62
129  17  -157.309
129  18  -156.98
129  19  -155.793
129  20  -153.83
129  21  -151.084
129  22  -147.414
129  23  -142.404
129  24  -134.804
129  25  -121.194
130  1  143.654
130  2  158.842
130  3  139.789
130  4  102.484
130  5  54.3903
130  6  2.96931
130  7  -45.7994
130  8  -88.3811
130  9  -123.487
130  10  -151.3
130  11  -172.725
130  12  -188.877
130  13  -200.824
130  14  -209.479
130  15  -215.574
130  16  -219.677
130  17  -222.219
130  18  -223.512
130  19  -223.777
130  20  -223.146
130  21  -221.663
130  22  -219.25
130  23  -215.597
130  24  -209.738
130  25  -201.327
