1  1  3.51263
1  2  21.7671
1  3  29.0766
1  4  33.7043
1  5  37.0718
1  6  39.672
1  7  41.7281
1  8  43.3553
1  9  44.6206
1  10  45.5701
1  11  46.2446
1  12  46.6908
1  13  46.9691
1  14  47.158
1  15  47.3544
1  16  47.6687
1  17  48.2188
1  18  49.1227
1  19  50.4965
1  20  52.4631
1  21  55.1809
1  22  58.9129
1  23  64.2191
1  24  72.7028
1  25  92.8707
2  1  15.0125
2  2  33.0342
2  3  40.0963
2  4  44.5849
2  5  47.8829
2  6  50.4699
2  7  52.5622
2  8  54.2705
2  9  55.6559
2  10  56.7533
2  11  57.5869
2  12  58.1795
2  13  58.5622
2  14  58.7825
2  15  58.9126
2  16  59.0528
2  17  59.3329
2  18  59.9055
2  19  60.9388
2  20  62.6148
2  21  65.1449
2  22  68.8341
2  23  74.2776
2  24  83.1315
2  25  103.457
3  1  22.516
3  2  40.5577
3  3  47.4158
3  4  51.7892
3  5  55.0373
3  6  57.6309
3  7  59.7851
3  8  61.6111
3  9  63.171
3  10  64.4987
3  11  65.6128
3  12  66.5233
3  13  67.2382
3  14  67.7705
3  15  68.1482
3  16  68.4251
3  17  68.6934
3  18  69.095
3  19  69.8268
3  20  71.1386
3  21  73.3358
3  22  76.8157
3  23  82.2387
3  24  91.2679
3  25  110.265
4  1  26.3824
4  2  44.6628
4  3  51.4145
4  4  55.727
4  5  58.9544
4  6  61.5654
4  7  63.7763
4  8  65.7022
4  9  67.4093
4  10  68.9377
4  11  70.3108
4  12  71.5414
4  13  72.6362
4  14  73.5989
4  15  74.4367
4  16  75.1672
4  17  75.8312
4  18  76.5115
4  19  77.3543
4  20  78.592
4  21  80.5592
4  22  83.7199
4  23  88.7835
4  24  97.2961
4  25  112.355
5  1  29.4911
5  2  48.3831
5  3  55.076
5  4  59.3518
5  5  62.5764
5  6  65.2214
5  7  67.5067
5  8  69.5535
5  9  71.436
5  10  73.2046
5  11  74.895
5  12  76.5355
5  13  78.1486
5  14  79.7549
5  15  81.3737
5  16  83.0258
5  17  84.7347
5  18  86.5313
5  19  88.4601
5  20  90.5898
5  21  93.0345
5  22  95.9919
5  23  99.8231
5  24  105.269
5  25  107.503
6  1  31.1021
6  2  51.2245
6  3  57.9749
6  4  62.2749
6  5  65.5349
6  6  68.238
6  7  70.6113
6  8  72.7823
6  9  74.8335
6  10  76.8249
6  11  78.8045
6  12  80.8151
6  13  82.8972
6  14  85.0923
6  15  87.4424
6  16  89.9887
6  17  92.7643
6  18  95.781
6  19  99.0004
6  20  102.291
6  21  105.384
6  22  107.863
6  23  109.235
6  24  108.94
6  25  100.461
7  1  30.607
7  2  52.7111
7  3  59.7035
7  4  64.1285
7  5  67.4849
7  6  70.2799
7  7  72.7506
7  8  75.031
7  9  77.2074
7  10  79.3416
7  11  81.4829
7  12  83.6709
7  13  85.9395
7  14  88.3145
7  15  90.8109
7  16  93.4247
7  17  96.1236
7  18  98.8351
7  19  101.439
7  20  103.774
7  21  105.673
7  22  107.024
7  23  107.844
7  24  108.413
7  25  112.869
8  1  27.3838
8  2  52.7115
8  3  60.2581
8  4  64.9852
8  5  68.5541
8  6  71.518
8  7  74.1318
8  8  76.5369
8  9  78.8212
8  10  81.0435
8  11  83.2438
8  12  85.4492
8  13  87.6726
8  14  89.9145
8  15  92.1605
8  16  94.3824
8  17  96.5415
8  18  98.5969
8  19  100.521
8  20  102.315
8  21  104.035
8  22  105.827
8  23  108.017
8  24  111.569
8  25  127.602
9  1  22.2652
9  2  51.3253
9  3  59.6426
9  4  64.807
9  5  68.6816
9  6  71.8793
9  7  74.6796
9  8  77.2345
9  9  79.6346
9  10  81.938
9  11  84.1807
9  12  86.3832
9  13  88.5535
9  14  90.6896
9  15  92.7831
9  16  94.8243
9  17  96.8093
9  18  98.7471
9  19  100.67
9  20  102.644
9  21  104.787
9  22  107.313
9  23  110.675
9  24  116.235
9  25  138.78
10  1  16.8435
10  2  49.3952
10  3  58.5121
10  4  64.1426
10  5  68.3471
10  6  71.7991
10  7  74.8036
10  8  77.5239
10  9  80.0575
10  10  82.4646
10  11  84.7825
10  12  87.0333
10  13  89.2282
10  14  91.3725
10  15  93.4701
10  16  95.5284
10  17  97.5648
10  18  99.6118
10  19  101.724
10  20  103.987
10  21  106.544
10  22  109.643
10  23  113.822
10  24  120.713
10  25  147.483
11  1  12.0467
11  2  47.4948
11  3  57.3164
11  4  63.3652
11  5  67.8691
11  6  71.5545
11  7  74.7485
11  8  77.6265
11  9  80.2918
11  10  82.8082
11  11  85.2168
11  12  87.5427
11  13  89.8022
11  14  92.0074
11  15  94.1708
11  16  96.3107
11  17  98.4552
11  18  100.648
11  19  102.953
11  20  105.468
11  21  108.349
11  22  111.871
11  23  116.633
11  24  124.457
11  25  154.217
12  1  7.30412
12  2  45.4879
12  3  56.0019
12  4  62.4662
12  5  67.2708
12  6  71.1922
12  7  74.5803
12  8  77.6218
12  9  80.4268
12  10  83.064
12  11  85.5778
12  12  87.9977
12  13  90.3449
12  14  92.6372
12  15  94.8943
12  16  97.142
12  17  99.4161
12  18  101.767
12  19  104.266
12  20  107.019
12  21  110.193
12  22  114.09
12  23  119.36
12  24  127.995
12  25  160.373
13  1  3.09913
13  2  43.6129
13  3  54.7329
13  4  61.5644
13  5  66.6361
13  6  70.7688
13  7  74.3319
13  8  77.5227
13  9  80.4571
13  10  83.2082
13  11  85.8242
13  12  88.338
13  13  90.775
13  14  93.1576
13  15  95.5108
13  16  97.8654
13  17  100.262
13  18  102.757
13  19  105.425
13  20  108.38
13  21  111.799
13  22  116.003
13  23  121.687
13  24  130.981
13  25  165.503
14  1  -1.0233
14  2  41.6887
14  3  53.3918
14  4  60.5791
14  5  65.9109
14  6  70.2503
14  7  73.9858
14  8  77.3244
14  9  80.3881
14  10  83.2548
14  11  85.9757
14  12  88.5873
14  13  91.119
14  14  93.5971
14  15  96.0507
14  16  98.5151
14  17  101.035
14  18  103.67
14  19  106.501
14  20  109.646
14  21  113.293
14  22  117.781
14  23  123.846
14  24  133.746
14  25  170.25
15  1  -5.10644
15  2  39.6977
15  3  51.9646
15  4  59.4975
15  5  65.083
15  6  69.6249
15  7  73.5298
15  8  77.0145
15  9  80.2073
15  10  83.1898
15  11  86.0171
15  12  88.729
15  13  91.3577
15  14  93.9338
15  15  96.4899
15  16  99.0647
15  17  101.707
15  18  104.479
15  19  107.466
15  20  110.792
15  21  114.654
15  22  119.409
15  23  125.832
15  24  136.3
15  25  174.666
16  1  -9.28161
16  2  37.5731
16  3  50.3996
16  4  58.2771
16  5  64.1161
16  6  68.8609
16  7  72.9366
16  8  76.5692
16  9  79.893
16  10  82.9942
16  11  85.9306
16  12  88.7459
16  13  91.4756
16  14  94.1531
16  15  96.8147
16  16  99.5022
16  17  102.267
16  18  105.176
16  19  108.317
16  20  111.821
16  21  115.894
16  22  120.908
16  23  127.679
16  24  138.698
16  25  178.879
17  1  -13.1253
17  2  35.5381
17  3  48.8633
17  4  57.0484
17  5  63.1148
17  6  68.0422
17  7  72.2715
17  8  76.0377
17  9  79.4804
17  10  82.6895
17  11  85.7261
17  12  88.6362
17  13  91.4586
17  14  94.2293
17  15  96.9873
17  16  99.7771
17  17  102.653
17  18  105.684
17  19  108.963
17  20  112.624
17  21  116.881
17  22  122.124
17  23  129.2
17  24  140.703
17  25  182.478
18  1  -17.3064
18  2  33.2406
18  3  47.0891
18  4  55.5985
18  5  61.9044
18  6  67.0246
18  7  71.4168
18  8  75.3248
18  9  78.8943
18  10  82.2185
18  11  85.3624
18  12  88.3747
18  13  91.2966
18  14  94.1673
18  15  97.0284
18  16  99.9272
18  17  102.92
18  18  106.08
18  19  109.503
18  20  113.328
18  21  117.778
18  22  123.258
18  23  130.651
18  24  142.655
18  25  186.088
19  1  -21.3338
19  2  30.9482
19  3  45.2824
19  4  54.0929
19  5  60.6219
19  6  65.9221
19  7  70.4663
19  8  74.5074
19  9  78.1956
19  10  81.6283
19  11  84.8733
19  12  87.9819
19  13  90.998
19  14  93.9632
19  15  96.9214
19  16  99.9223
19  17  103.025
19  18  106.305
19  19  109.861
19  20  113.837
19  21  118.465
19  22  124.163
19  23  131.848
19  24  144.313
19  25  189.271
20  1  -25.0175
20  2  28.7876
20  3  43.5502
20  4  52.6267
20  5  59.3535
20  6  64.813
20  7  69.4923
20  8  73.6513
20  9  77.4454
20  10  80.975
20  11  84.3103
20  12  87.5051
20  13  90.6053
20  14  93.6548
20  15  96.6996
20  16  99.7914
20  17  102.991
20  18  106.377
20  19  110.05
20  20  114.16
20  21  118.944
20  22  124.833
20  23  132.773
20  24  145.643
20  25  191.94
21  1  -28.8367
21  2  26.4871
21  3  41.6788
21  4  51.0223
21  5  57.9474
21  6  63.5672
21  7  68.3823
21  8  72.6605
21  9  76.5612
21  10  80.1885
21  11  83.6153
21  12  86.8972
21  13  90.0827
21  14  93.2176
21  15  96.3498
21  16  99.5332
21  17  102.831
21  18  106.322
21  19  110.113
21  20  114.356
21  21  119.295
21  22  125.376
21  23  133.571
21  24  146.843
21  25  194.475
22  1  -32.5573
22  2  24.1921
22  3  39.7876
22  4  49.383
22  5  56.4954
22  6  62.2664
22  7  67.21
22  8  71.6007
22  9  75.6028
22  10  79.3229
22  11  82.8361
22  12  86.201
22  13  89.4675
22  14  92.6833
22  15  95.8985
22  16  99.1685
22  17  102.558
22  18  106.15
22  19  110.051
22  20  114.419
22  21  119.504
22  22  125.765
22  23  134.198
22  24  147.848
22  25  196.732
23  1  -36.5354
23  2  21.6839
23  3  37.6977
23  4  47.5537
23  5  54.8602
23  6  60.7882
23  7  65.8651
23  8  70.3728
23  9  74.4802
23  10  78.2967
23  11  81.9004
23  12  85.3515
23  13  88.7023
23  14  92.0025
23  15  95.3039
23  16  98.6638
23  17  102.149
23  18  105.844
23  19  109.859
23  20  114.356
23  21  119.593
23  22  126.038
23  23  134.717
23  24  148.757
23  25  198.932
24  1  -40.6108
24  2  19.0625
24  3  35.4908
24  4  45.6058
24  5  53.105
24  6  59.189
24  7  64.3987
24  8  69.0228
24  9  73.2348
24  10  77.1476
24  11  80.8412
24  12  84.3786
24  13  87.8135
24  14  91.1978
24  15  94.585
24  16  98.0343
24  17  101.615
24  18  105.412
24  19  109.541
24  20  114.165
24  21  119.551
24  22  126.179
24  23  135.101
24  24  149.525
24  25  200.977
25  1  -44.636
25  2  16.4275
25  3  33.2531
25  4  43.6162
25  5  51.3004
25  6  57.5342
25  7  62.8712
25  8  67.6074
25  9  71.9201
25  10  75.9253
25  11  79.7058
25  12  83.3259
25  13  86.8418
25  14  90.307
25  15  93.7767
25  16  97.3119
25  17  100.984
25  18  104.879
25  19  109.116
25  20  113.863
25  21  119.391
25  22  126.193
25  23  135.348
25  24  150.14
25  25  202.811
26  1  -48.7751
26  2  13.676
26  3  30.8989
26  4  41.5106
26  5  49.3798
26  6  55.7638
26  7  61.2285
26  8  66.0769
26  9  70.4906
26  10  74.5887
26  11  78.4559
26  12  82.1593
26  13  85.7564
26  14  89.3027
26  15  92.8551
26  16  96.4763
26  17  100.239
26  18  104.233
26  19  108.577
26  20  113.446
26  21  119.116
26  22  126.093
26  23  135.479
26  24  150.638
26  25  204.524
27  1  -52.9413
27  2  10.8694
27  3  28.4822
27  4  39.3376
27  5  47.3888
27  6  53.9201
27  7  59.5104
27  8  64.469
27  9  68.9821
27  10  73.1716
27  11  77.1245
27  12  80.9096
27  13  84.5866
27  14  88.2126
27  15  91.8463
27  16  95.5518
27  17  99.4036
27  18  103.494
27  19  107.944
27  20  112.932
27  21  118.741
27  22  125.888
27  23  135.501
27  24  151.018
27  25  206.094
28  1  -57.3647
28  2  7.85468
28  3  25.8721
28  4  36.9808
28  5  45.2208
28  6  51.9053
28  7  57.6258
28  8  62.6992
28  9  67.3156
28  10  71.5998
28  11  75.6417
28  12  79.5118
28  13  83.2719
28  14  86.9806
28  15  90.6985
28  16  94.4916
28  17  98.436
28  18  102.626
28  19  107.186
28  20  112.297
28  21  118.25
28  22  125.573
28  23  135.42
28  24  151.308
28  25  207.614
29  1  -61.7091
29  2  4.86521
29  3  23.2722
29  4  34.6247
29  5  43.0465
29  6  49.8786
29  7  55.7248
29  8  60.9086
29  9  65.6243
29  10  70.
29  11  74.1277
29  12  78.0797
29  13  81.9196
29  14  85.7081
29  15  89.5071
29  16  93.3841
29  17  97.4176
29  18  101.703
29  19  106.368
29  20  111.598
29  21  117.689
29  22  125.181
29  23  135.253
29  24  151.496
29  25  208.981
30  1  -65.7391
30  2  2.07138
30  3  20.834
30  4  32.4093
30  5  40.9975
30  6  47.9644
30  7  53.9254
30  8  59.21
30  9  64.0167
30  10  68.4761
30  11  72.6818
30  12  76.7086
30  13  80.6215
30  14  84.4826
30  15  88.3555
30  16  92.3093
30  17  96.4238
30  18  100.796
30  19  105.557
30  20  110.895
30  21  117.112
30  22  124.757
30  23  135.034
30  24  151.6
30  25  210.159
31  1  -69.8205
31  2  -0.773187
31  3  18.3454
31  4  30.1434
31  5  38.8982
31  6  46.
31  7  52.076
31  8  57.4619
31  9  62.3594
31  10  66.9023
31  11  71.1863
31  12  75.2878
31  13  79.2736
31  14  83.2073
31  15  87.154
31  16  91.1844
31  17  95.3796
31  18  99.8393
31  19  104.696
31  20  110.141
31  21  116.483
31  22  124.281
31  23  134.762
31  24  151.65
31  25  211.279
32  1  -73.884
32  2  -3.61619
32  3  15.854
32  4  27.8723
32  5  36.7912
32  6  44.0265
32  7  50.2157
32  8  55.7015
32  9  60.6888
32  10  65.3141
32  11  69.6751
32  12  73.8503
32  13  77.9079
32  14  81.9131
32  15  85.9325
32  16  90.0382
32  17  94.3129
32  18  98.858
32  19  103.808
32  20  109.359
32  21  115.824
32  22  123.773
32  23  134.454
32  24  151.659
32  25  212.339
33  1  -77.7634
33  2  -6.33576
33  3  13.4682
33  4  25.6958
33  5  34.7709
33  6  42.1328
33  7  48.4299
33  8  54.0102
33  9  59.0828
33  10  63.7863
33  11  68.2205
33  12  72.4654
33  13  76.591
33  14  80.6639
33  15  84.752
33  16  88.929
33  17  93.2789
33  18  97.9048
33  19  102.944
33  20  108.595
33  21  115.176
33  22  123.267
33  23  134.138
33  24  151.643
33  25  213.317
34  1  -81.7032
34  2  -9.09885
34  3  11.0438
34  4  23.4836
34  5  32.7172
34  6  40.2077
34  7  46.6142
34  8  52.2903
34  9  57.4492
34  10  62.2317
34  11  66.74
34  12  71.0555
34  13  75.2497
34  14  79.3909
34  15  83.5485
34  16  87.7973
34  17  92.2231
34  18  96.9307
34  19  102.059
34  20  107.811
34  21  114.51
34  22  122.745
34  23  133.807
34  24  151.613
34  25  214.291
35  1  -67.879
35  2  -9.24169
35  3  9.60019
35  4  21.65
35  5  30.7647
35  6  38.2481
35  7  44.6975
35  8  50.4489
35  9  55.6974
35  10  60.5759
35  11  65.1811
35  12  69.5836
35  13  73.8622
35  14  78.0857
35  15  82.3245
35  16  86.6235
35  17  91.1036
35  18  95.8687
35  19  101.055
35  20  106.851
35  21  113.59
35  22  121.831
35  23  132.8
35  24  150.151
35  25  206.842
36  1  -89.1523
36  2  -14.3088
36  3  6.47808
36  4  19.3216
36  5  28.8565
36  6  36.5909
36  7  43.2052
36  8  49.0635
36  9  54.386
36  10  59.3183
36  11  63.9664
36  12  68.415
36  13  72.7388
36  14  77.0088
36  15  81.2971
36  16  85.6815
36  17  90.25
36  18  95.1115
36  19  100.409
36  20  106.351
36  21  113.27
36  22  121.776
36  23  133.198
36  24  151.575
36  25  216.142
37  1  -92.9338
37  2  -16.9367
37  3  4.18204
37  4  17.2332
37  5  26.923
37  6  34.7832
37  7  41.504
37  8  47.4558
37  9  52.862
37  10  57.871
37  11  62.5904
37  12  67.1069
37  13  71.4967
37  14  75.8323
37  15  80.1871
37  16  84.6403
37  17  89.2818
37  18  94.2212
37  19  99.6045
37  20  105.643
37  21  112.675
37  22  121.319
37  23  132.925
37  24  151.591
37  25  217.12
38  1  -96.5241
38  2  -19.414
38  3  2.02434
38  4  15.2758
38  5  25.1149
38  6  33.0959
38  7  39.9194
38  8  45.9611
38  9  51.448
38  10  56.5302
38  11  61.318
38  12  65.8994
38  13  70.3522
38  14  74.7504
38  15  79.1688
38  16  83.6876
38  17  88.3984
38  18  93.4125
38  19  98.8778
38  20  105.008
38  21  112.148
38  22  120.924
38  23  132.705
38  24  151.648
38  25  218.096
39  1  -88.4304
39  2  -21.6641
39  3  0.072879
39  4  13.5111
39  5  23.4897
39  6  31.5835
39  7  38.5027
39  8  44.628
39  9  50.1896
39  10  55.34
39  11  60.1911
39  12  64.8326
39  13  69.3436
39  14  73.7996
39  15  78.2766
39  16  82.8562
39  17  87.6309
39  18  92.714
39  19  98.2552
39  20  104.471
39  21  111.711
39  22  120.608
39  23  132.551
39  24  151.75
39  25  245.551
40  1  -94.4643
40  2  -23.9591
40  3  -1.9066
40  4  11.729
40  5  21.8546
40  6  30.0675
40  7  37.0873
40  8  43.3006
40  9  48.9408
40  10  54.1627
40  11  59.08
40  12  63.7842
40  13  68.3561
40  14  72.8722
40  15  77.4104
40  16  82.0531
40  17  86.8948
40  18  92.05
40  19  97.6701
40  20  103.975
40  21  111.318
40  22  120.343
40  23  132.455
40  24  151.922
40  25  240.302
41  1  -99.3797
41  2  -26.1027
41  3  -3.74264
41  4  10.0856
41  5  20.3547
41  6  28.6834
41  7  35.8013
41  8  42.1002
41  9  47.8164
41  10  53.1074
41  11  58.0886
41  12  62.8532
41  13  67.4835
41  14  72.0576
41  15  76.6543
41  16  81.358
41  17  86.2638
41  18  91.488
41  19  97.1842
41  20  103.575
41  21  111.018
41  22  120.165
41  23  132.44
41  24  152.165
41  25  237.314
42  1  -103.535
42  2  -28.0584
42  3  -5.40248
42  4  8.61037
42  5  19.0171
42  6  27.4569
42  7  34.6687
42  8  41.0492
42  9  46.8381
42  10  52.1946
42  11  57.2364
42  12  62.0581
42  13  66.7435
42  14  71.3721
42  15  76.0241
42  16  80.7851
42  17  85.7516
42  18  91.0411
42  19  96.8091
42  20  103.281
42  21  110.819
42  22  120.082
42  23  132.511
42  24  152.48
42  25  235.602
43  1  -107.398
43  2  -29.9526
43  3  -6.99226
43  4  7.2111
43  5  17.7594
43  6  26.3133
43  7  33.6213
43  8  40.0852
43  9  45.9479
43  10  51.3714
43  11  56.4745
43  12  61.3539
43  13  66.0949
43  14  70.7784
43  15  75.4863
43  16  80.3048
43  17  85.3325
43  18  90.6877
43  19  96.5284
43  20  103.082
43  21  110.715
43  22  120.096
43  23  132.681
43  24  152.896
43  25  234.617
44  1  -110.734
44  2  -31.6159
44  3  -8.36807
44  4  6.0145
44  5  16.6961
44  6  25.3576
44  7  32.756
44  8  39.2983
44  9  45.2299
44  10  50.7153
44  11  55.8753
44  12  60.8079
44  13  65.6
44  14  70.3342
44  15  75.0931
44  16  79.9649
44  17  85.0486
44  18  90.4646
44  19  96.372
44  20  103.002
44  21  110.723
44  22  120.211
44  23  132.94
44  24  153.384
44  25  234.202
45  1  -113.712
45  2  -33.0982
45  3  -9.57226
45  4  4.98376
45  5  15.7942
45  6  24.559
45  7  32.0445
45  8  38.6615
45  9  44.6591
45  10  50.2034
45  11  55.417
45  12  60.3998
45  13  65.24
45  14  70.0214
45  15  74.8286
45  16  79.75
45  17  84.8865
45  18  90.3596
45  19  96.33
45  20  103.03
45  21  110.835
45  22  120.426
45  23  133.291
45  24  153.949
45  25  234.163
46  1  -116.508
46  2  -34.4651
46  3  -10.657
46  4  4.0749
46  5  15.0158
46  6  23.8853
46  7  31.4583
46  8  38.1506
46  9  44.214
46  10  49.8168
46  11  55.0835
46  12  60.1155
46  13  65.0028
46  14  69.8307
46  15  74.6844
46  16  79.6548
46  17  84.843
46  18  90.3719
46  19  96.4043
46  20  103.175
46  21  111.061
46  22  120.752
46  23  133.752
46  24  154.622
46  25  234.413
47  1  -119.04
47  2  -35.6614
47  3  -11.5761
47  4  3.32821
47  5  14.3967
47  6  23.3684
47  7  31.0264
47  8  37.7916
47  9  43.9183
47  10  49.577
47  11  54.8941
47  12  59.9725
47  13  64.904
47  14  69.7753
47  15  74.673
47  16  79.6889
47  17  84.9255
47  18  90.5074
47  19  96.5979
47  20  103.435
47  21  111.398
47  22  121.184
47  23  134.31
47  24  155.381
47  25  234.89
48  1  -121.279
48  2  -36.6672
48  3  -12.3154
48  4  2.75451
48  5  13.9452
48  6  23.0146
48  7  30.7539
48  8  37.5878
48  9  43.7739
48  10  49.4846
48  11  54.848
48  12  59.9689
48  13  64.9406
48  14  69.8512
48  15  74.7888
48  16  79.8462
48  17  85.127
48  18  90.7567
48  19  96.9007
48  20  103.798
48  21  111.833
48  22  121.706
48  23  134.948
48  24  156.202
48  25  235.528
49  1  -123.418
49  2  -37.5585
49  3  -12.9281
49  4  2.31443
49  5  13.6327
49  6  22.8031
49  7  30.6259
49  8  37.5305
49  9  43.7767
49  10  49.5394
49  11  54.9488
49  12  60.1114
49  13  65.1221
49  14  70.0709
49  15  75.0471
49  16  80.1446
49  17  85.4685
49  18  91.1451
49  19  97.3412
49  20  104.298
49  21  112.403
49  22  122.362
49  23  135.719
49  24  157.155
49  25  236.348
50  1  -125.148
50  2  -38.2077
50  3  -13.3294
50  4  2.06637
50  5  13.4973
50  6  22.7569
50  7  30.6529
50  8  37.6186
50  9  43.9163
50  10  49.723
50  11  55.1705
50  12  60.3672
50  13  65.4097
50  14  70.3891
50  15  75.3965
50  16  80.5268
50  17  85.8856
50  18  91.6007
50  19  97.8396
50  20  104.845
50  21  113.008
50  22  123.038
50  23  136.49
50  24  158.075
50  25  237.179
51  1  -126.764
51  2  -38.7314
51  3  -13.5969
51  4  1.95687
51  5  13.5036
51  6  22.8544
51  7  30.8245
51  8  37.8514
51  9  44.1999
51  10  50.0491
51  11  55.5327
51  12  60.761
51  13  65.8325
51  14  70.84
51  15  75.8755
51  16  81.0355
51  17  86.4266
51  18  92.1772
51  19  98.4561
51  20  105.508
51  21  113.724
51  22  123.821
51  23  137.362
51  24  159.088
51  25  238.107
52  1  -128.074
52  2  -39.0729
52  3  -13.7064
52  4  1.98998
52  5  13.6404
52  6  23.0726
52  7  31.1084
52  8  38.1883
52  9  44.5802
52  10  50.4645
52  11  55.9772
52  12  61.2304
52  13  66.3241
52  14  71.3527
52  15  76.41
52  16  81.5927
52  17  87.0085
52  18  92.7868
52  19  99.097
52  20  106.185
52  21  114.444
52  22  124.595
52  23  138.207
52  24  160.044
52  25  238.976
53  1  -129.271
53  2  -39.2911
53  3  -13.6862
53  4  2.15632
53  5  13.913
53  6  23.4276
53  7  31.5287
53  8  38.6606
53  9  45.0934
53  10  51.0101
53  11  56.5483
53  12  61.8222
53  13  66.9338
53  14  71.9792
53  15  77.0536
53  16  82.2545
53  17  87.6908
53  18  93.4921
53  19  99.8289
53  20  106.947
53  21  115.244
53  22  125.44
53  23  139.114
53  24  161.048
53  25  239.861
54  1  -130.396
54  2  -39.3756
54  3  -13.5122
54  4  2.4876
54  5  14.3578
54  6  23.9594
54  7  32.1284
54  8  39.3126
54  9  45.7852
54  10  51.7309
54  11  57.2903
54  12  62.5798
54  13  67.7038
54  14  72.7605
54  15  77.846
54  16  83.0596
54  17  88.5107
54  18  94.3293
54  19  100.687
54  20  107.83
54  21  116.156
54  22  126.389
54  23  140.112
54  24  162.123
54  25  240.751
55  1  -131.292
55  2  -39.3156
55  3  -13.2098
55  4  2.93676
55  5  14.912
55  6  24.5926
55  7  32.8215
55  8  40.05
55  9  46.5536
55  10  52.5198
55  11  58.0913
55  12  63.3875
55  13  68.5149
55  14  73.5736
55  15  78.6614
55  16  83.8785
55  17  89.3346
55  18  95.1606
55  19  101.527
55  20  108.683
55  21  117.024
55  22  127.277
55  23  141.026
55  24  163.077
55  25  241.452
56  1  -132.026
56  2  -35.9631
56  3  -12.7926
56  4  3.49658
56  5  15.5723
56  6  25.3273
56  7  33.6104
56  8  40.8765
56  9  47.4034
56  10  53.3812
56  11  58.9556
56  12  64.2487
56  13  69.3697
56  14  74.4208
56  15  79.5012
56  16  84.7119
56  17  90.1633
56  18  95.9858
56  19  102.351
56  20  109.506
56  21  117.848
56  22  128.103
56  23  141.853
56  24  165.538
56  25  241.928
57  1  -132.684
57  2  -35.584
57  3  -12.2196
57  4  4.22379
57  5  16.407
57  6  26.2389
57  7  34.575
57  8  41.8735
57  9  48.4156
57  10  54.3943
57  11  59.9591
57  12  65.2356
57  13  70.3364
57  14  75.3661
57  15  80.4252
57  16  85.6161
57  17  91.0486
57  18  96.8533
57  19  103.201
57  20  110.339
57  21  118.662
57  22  128.893
57  23  142.613
57  24  165.926
57  25  242.097
58  1  -133.221
58  2  -35.0048
58  3  -11.5581
58  4  5.03871
58  5  17.3261
58  6  27.2296
58  7  35.6106
58  8  42.9308
58  9  49.4745
58  10  55.4391
58  11  60.9783
58  12  66.222
58  13  71.2864
58  14  76.2787
58  15  81.301
58  16  86.4558
58  17  91.8532
58  18  97.6233
58  19  103.935
58  20  111.034
58  21  119.313
58  22  129.491
58  23  143.138
58  24  166.056
58  25  241.762
59  1  -133.688
59  2  -34.2429
59  3  -10.8519
59  4  5.8998
59  5  18.2898
59  6  28.2594
59  7  36.6758
59  8  44.0049
59  9  50.5344
59  10  56.467
59  11  61.962
59  12  67.1542
59  13  72.1641
59  14  77.1013
59  15  82.0694
59  16  87.1708
59  17  92.5154
59  18  98.2312
59  19  104.486
59  20  111.522
59  21  119.729
59  22  129.818
59  23  143.344
59  24  165.834
59  25  240.785
60  1  -134.214
60  2  -33.2045
60  3  -4.50416
60  4  6.85178
60  5  19.357
60  6  29.3946
60  7  37.8387
60  8  45.1599
60  9  51.6522
60  10  57.5257
60  11  62.9472
60  12  68.0588
60  13  72.9857
60  14  77.8404
60  15  82.7275
60  16  87.7491
60  17  93.0129
60  18  98.6452
60  19  104.81
60  20  111.747
60  21  119.837
60  22  129.781
60  23  143.848
60  24  165.071
60  25  238.797
61  1  -134.97
61  2  -31.8236
61  3  -2.61112
61  4  7.82878
61  5  20.4725
61  6  30.5833
61  7  39.0436
61  8  46.3318
61  9  52.7524
61  10  58.5274
61  11  63.8354
61  12  68.8276
61  13  73.6351
61  14  78.373
61  15  83.1456
61  16  88.0533
61  17  93.201
61  18  98.711
61  19  104.743
61  20  111.529
61  21  119.441
61  22  129.162
61  23  142.757
61  24  163.471
61  25  235.297
62  1  -136.472
62  2  -29.8126
62  3  0.326661
62  4  19.5843
62  5  21.5995
62  6  31.8048
62  7  40.2647
62  8  47.4752
62  9  53.7628
62  10  59.3727
62  11  64.5021
62  12  69.3152
62  13  73.9491
62  14  78.5196
62  15  83.1286
62  16  87.8717
62  17  92.8483
62  18  98.1746
62  19  104.002
62  20  110.553
62  21  118.183
62  22  128.127
62  23  140.502
62  24  160.387
62  25  229.094
63  1  -139.755
63  2  -26.7842
63  3  5.17672
63  4  25.6138
63  5  40.902
63  6  32.7458
63  7  41.179
63  8  48.2449
63  9  54.3207
63  10  59.6928
63  11  64.5855
63  12  69.1754
63  13  73.6006
63  14  77.9723
63  15  82.3843
63  16  86.9236
63  17  91.6807
63  18  96.7623
63  19  102.309
63  20  108.527
63  21  116.376
63  22  125.037
63  23  136.67
63  24  155.321
63  25  219.298
64  1  -146.567
64  2  -20.8302
64  3  15.0799
64  4  37.7385
64  5  53.7544
64  6  65.2617
64  7  73.4997
64  8  48.2307
64  9  54.0216
64  10  59.1263
64  11  63.7881
64  12  68.1796
64  13  72.4257
64  14  76.6221
64  15  80.8486
64  16  85.1796
64  17  89.6947
64  18  94.489
64  19  100.475
64  20  106.049
64  21  112.549
64  22  120.52
64  23  131.167
64  24  148.129
64  25  205.419
65  1  -148.325
65  2  -5.58979
65  3  35.4328
65  4  58.7954
65  5  72.3725
65  6  80.0387
65  7  84.3938
65  8  87.074
65  9  89.0123
65  10  58.2498
65  11  62.7707
65  12  67.0688
65  13  71.2379
65  14  75.3518
65  15  79.4749
65  16  83.6704
65  17  88.6931
65  18  93.0394
65  19  97.764
65  20  103.028
65  21  109.097
65  22  116.46
65  23  126.19
65  24  141.515
65  25  192.042
66  1  -94.1723
66  2  30.8181
66  3  64.9391
66  4  79.2299
66  5  84.5108
66  6  86.2733
66  7  87.0027
66  8  87.6618
66  9  88.5673
66  10  89.7922
66  11  91.3279
66  12  93.1457
66  13  70.8023
66  14  75.3434
66  15  79.2532
66  16  83.2557
66  17  87.4026
66  18  91.7634
66  19  96.4366
66  20  101.571
66  21  107.412
66  22  114.404
66  23  123.519
66  24  137.676
66  25  183.024
67  1  21.8099
67  2  66.2793
67  3  78.4353
67  4  80.9947
67  5  80.785
67  6  80.5088
67  7  80.8689
67  8  81.889
67  9  83.4364
67  10  85.3776
67  11  87.6127
67  12  89.5312
67  13  92.185
67  14  95.0089
67  15  78.3919
67  16  82.6664
67  17  87.0453
67  18  91.5947
67  19  96.4072
67  20  101.624
67  21  107.474
67  22  114.373
67  23  123.229
67  24  136.742
67  25  178.655
68  1  79.3611
68  2  74.1763
68  3  73.3984
68  4  70.3642
68  5  68.2698
68  6  67.9255
68  7  69.052
68  8  71.184
68  9  73.9516
68  10  74.7597
68  11  78.5658
68  12  82.4265
68  13  86.3268
68  14  90.2693
68  15  94.27
68  16  98.357
68  17  86.3134
68  18  91.4113
68  19  96.7335
68  20  102.414
68  21  108.671
68  22  115.905
68  23  124.978
68  24  138.458
68  25  178.508
69  1  96.9349
69  2  69.9535
69  3  50.8521
69  4  31.1604
69  5  17.5561
69  6  11.4134
69  7  11.3024
69  8  15.3114
69  9  16.4876
69  10  25.7098
69  11  35.5733
69  12  45.7471
69  13  56.0421
69  14  66.3574
69  15  76.6477
69  16  86.9059
69  17  97.1541
69  18  93.0053
69  19  103.905
69  20  115.034
69  21  126.601
69  22  138.995
69  23  153.049
69  24  171.238
69  25  214.567
70  1  340.817
70  2  316.423
70  3  279.717
70  4  227.837
70  5  177.624
70  6  138.084
70  7  110.849
70  8  -17.8618
70  9  -6.86862
70  10  5.37926
70  11  18.1203
70  12  30.9204
70  13  43.5479
70  14  55.8933
70  15  67.9212
70  16  79.6433
70  17  91.1041
70  18  102.375
70  19  84.01
70  20  97.3327
70  21  110.696
70  22  124.537
70  23  139.721
70  24  158.71
70  25  201.818
71  1  84.6529
71  2  58.5015
71  3  40.0984
71  4  20.5051
71  5  6.36908
71  6  -0.0490339
71  7  -7.37719
71  8  -0.275924
71  9  9.47866
71  10  20.649
71  11  32.4459
71  12  44.4008
71  13  56.2547
71  14  67.8793
71  15  79.2281
71  16  90.3064
71  17  101.155
71  18  111.844
71  19  122.477
71  20  120.624
71  21  131.981
71  22  144.058
71  23  157.68
71  24  175.25
71  25  216.511
72  1  76.6256
72  2  53.4366
72  3  38.1269
72  4  21.9583
72  5  10.4984
72  6  -3.54711
72  7  -0.210051
72  8  7.05834
72  9  16.6806
72  10  27.515
72  11  38.831
72  12  50.2
72  13  61.392
72  14  72.3017
72  15  82.9001
72  16  93.2073
72  17  103.276
72  18  113.188
72  19  123.053
72  20  133.03
72  21  131.977
72  22  143.283
72  23  156.195
72  24  173.111
72  25  213.389
73  1  76.7368
73  2  56.4469
73  3  43.4429
73  4  29.4551
73  5  7.76316
73  6  5.76193
73  7  8.82238
73  8  15.4859
73  9  24.3454
73  10  34.3524
73  11  44.8225
73  12  55.3493
73  13  65.7135
73  14  75.8152
73  15  85.6281
73  16  95.1739
73  17  104.506
73  18  113.707
73  19  122.89
73  20  132.215
73  21  141.923
73  22  141.751
73  23  154.101
73  24  170.542
73  25  210.203
74  1  77.2756
74  2  60.0818
74  3  49.2905
74  4  37.2669
74  5  16.9173
74  6  15.1238
74  7  17.8294
74  8  23.8283
74  9  31.8873
74  10  41.0538
74  11  50.6908
74  12  60.4119
74  13  70.0057
74  14  79.3731
74  15  88.4866
74  16  97.3652
74  17  106.06
74  18  114.652
74  19  123.251
74  20  132.017
74  21  141.196
74  22  140.926
74  23  152.79
74  24  168.845
74  25  208.119
75  1  78.4192
75  2  63.9487
75  3  54.799
75  4  30.7562
75  5  24.6452
75  6  22.8438
75  7  25.131
75  8  30.4979
75  9  37.8459
75  10  46.2959
75  11  55.2448
75  12  64.3187
75  13  73.3077
75  14  82.1103
75  15  90.695
75  16  99.0762
75  17  107.301
75  18  115.446
75  19  123.618
75  20  131.976
75  21  140.763
75  22  150.403
75  23  151.914
75  24  167.675
75  25  206.755
76  1  79.9208
76  2  68.0286
76  3  60.1719
76  4  37.3679
76  5  31.6077
76  6  29.6737
76  7  31.5049
76  8  36.2566
76  9  42.9418
76  10  50.7419
76  11  59.0796
76  12  67.589
76  13  76.059
76  14  84.3841
76  15  92.5273
76  16  100.498
76  17  108.337
76  18  116.118
76  19  123.944
76  20  131.968
76  21  140.433
76  22  149.762
76  23  151.205
76  24  166.7
76  25  205.678
77  1  81.5252
77  2  71.9991
77  3  50.692
77  4  43.2439
77  5  37.6673
77  6  35.5326
77  7  36.912
77  8  41.0942
77  9  47.1835
77  10  54.4099
77  11  62.2162
77  12  70.2407
77  13  78.2707
77  14  86.1952
77  15  93.9715
77  16  101.603
77  17  109.127
77  18  116.611
77  19  124.155
77  20  131.909
77  21  140.111
77  22  149.18
77  23  160.007
77  24  165.809
77  25  204.725
78  1  62.114
78  2  54.9415
78  3  35.3756
78  4  29.4747
78  5  25.3141
78  6  24.3043
78  7  26.486
78  8  31.1913
78  9  37.5899
78  10  44.9707
78  11  52.8232
78  12  60.8197
78  13  68.7711
78  14  76.5827
78  15  84.2231
78  16  91.7034
78  17  99.0658
78  18  106.38
78  19  113.749
78  20  121.323
78  21  129.339
78  22  138.215
78  23  148.841
78  24  154.58
78  25  193.442
79  1  62.7938
79  2  57.5127
79  3  38.6891
79  4  32.9992
79  5  28.759
79  6  27.4253
79  7  29.1383
79  8  33.3225
79  9  39.2077
79  10  46.1132
79  11  53.5384
79  12  61.1549
79  13  68.7685
79  14  76.2787
79  15  83.6482
79  16  90.8819
79  17  98.018
79  18  105.122
79  19  112.292
79  20  119.675
79  21  127.504
79  22  136.194
79  23  146.625
79  24  152.283
79  25  191.066
80  1  100.573
80  2  96.4552
80  3  76.6861
80  4  68.7739
80  5  61.611
80  6  57.0952
80  7  55.748
80  8  57.222
80  9  60.8292
80  10  65.8782
80  11  71.8144
80  12  78.2447
80  13  84.9129
80  14  91.666
80  15  98.4242
80  16  105.16
80  17  111.886
80  18  118.646
80  19  125.524
80  20  132.654
80  21  140.257
80  22  148.738
80  23  158.967
80  24  164.518
80  25  203.173
81  1  104.06
81  2  101.413
81  3  82.1
81  4  74.2425
81  5  66.9085
81  6  62.0359
81  7  60.2254
81  8  61.2053
81  9  64.3376
81  10  68.9545
81  11  74.5093
81  12  80.6067
81  13  86.9849
81  14  93.4842
81  15  100.018
81  16  106.554
81  17  113.099
81  18  119.693
81  19  126.417
81  20  133.4
81  21  140.86
81  22  149.196
81  23  159.27
81  24  164.728
81  25  203.215
82  1  108.171
82  2  106.923
82  3  87.9893
82  4  80.1182
82  5  72.5481
82  6  67.2627
82  7  64.9436
82  8  65.3938
82  9  68.0234
82  10  72.1881
82  11  77.3467
82  12  83.1009
82  13  89.1822
82  14  95.4234
82  15  101.731
82  16  108.066
82  17  114.431
82  18  120.861
82  19  127.432
82  20  134.27
82  21  141.59
82  22  149.784
82  23  159.704
82  24  165.056
82  25  203.302
83  1  112.079
83  2  97.862
83  3  93.3084
83  4  85.382
83  5  77.5682
83  6  71.8929
83  7  69.1084
83  8  69.0805
83  9  71.2605
83  10  75.0231
83  11  79.8311
83  12  85.2832
83  13  91.1043
83  14  97.1203
83  15  103.232
83  16  109.394
83  17  115.603
83  18  121.892
83  19  128.333
83  20  135.048
83  21  142.247
83  22  150.32
83  23  160.108
83  24  174.098
83  25  203.323
84  1  115.945
84  2  102.832
84  3  98.3688
84  4  90.3591
84  5  82.2903
84  6  76.2306
84  7  72.9964
84  8  72.5122
84  9  74.2657
84  10  77.6481
84  11  82.1261
84  12  87.2946
84  13  92.8725
84  14  98.6789
84  15  104.608
84  16  110.609
84  17  116.675
84  18  122.835
84  19  129.156
84  20  135.758
84  21  142.848
84  22  150.81
84  23  160.476
84  24  174.307
84  25  203.261
85  1  120.056
85  2  107.965
85  3  103.567
85  4  95.4442
85  5  87.0924
85  6  80.624
85  7  76.9206
85  8  75.9643
85  9  77.2789
85  10  80.2719
85  11  84.4128
85  12  89.2926
85  13  94.6236
85  14  100.218
85  15  105.963
85  16  111.803
85  17  117.725
85  18  123.755
85  19  129.957
85  20  136.447
85  21  143.428
85  22  151.279
85  23  160.822
85  24  174.492
85  25  203.099
86  1  124.101
86  2  112.887
86  3  108.526
86  4  100.272
86  5  91.6312
86  6  84.7598
86  7  80.6018
86  8  79.1912
86  9  80.0857
86  10  82.7072
86  11  86.5276
86  12  91.1336
86  13  96.231
86  14  101.625
86  15  107.197
86  16  112.886
86  17  118.674
86  18  124.582
86  19  130.673
86  20  137.058
86  21  143.938
86  22  151.685
86  23  161.115
86  24  174.63
86  25  202.845
87  1  128.122
87  2  117.674
87  3  113.329
87  4  104.928
87  5  95.99
87  6  88.7171
87  7  84.1111
87  8  82.2568
87  9  82.7425
87  10  85.0037
87  11  88.5138
87  12  92.8553
87  13  97.7279
87  14  102.93
87  15  108.336
87  16  113.88
87  17  119.47
87  18  125.275
87  19  131.27
87  20  137.566
87  21  144.36
87  22  152.022
87  23  161.36
87  24  174.758
87  25  202.713
88  1  131.768
88  2  121.937
88  3  117.592
88  4  109.044
88  5  99.8304
88  6  92.1916
88  7  87.1822
88  8  84.9304
88  9  85.0513
88  10  86.9919
88  11  90.2265
88  12  94.334
88  13  99.0075
88  14  104.039
88  15  109.299
88  16  114.716
88  17  120.264
88  18  125.956
88  19  131.849
88  20  138.048
88  21  144.748
88  22  152.312
88  23  161.537
88  24  174.773
88  25  202.135
89  1  135.644
89  2  126.404
89  3  122.045
89  4  113.33
89  5  103.815
89  6  95.7852
89  7  90.3479
89  8  87.6773
89  9  87.4151
89  10  89.0198
89  11  91.9664
89  12  95.8293
89  13  100.296
89  14  105.151
89  15  110.259
89  16  115.544
89  17  120.976
89  18  126.564
89  19  132.361
89  20  138.471
89  21  145.084
89  22  152.56
89  23  161.687
89  24  174.787
89  25  201.675
90  1  139.5
90  2  130.791
90  3  126.407
90  4  117.515
90  5  107.693
90  6  99.2713
90  7  93.4094
90  8  90.3246
90  9  89.6849
90  10  90.959
90  11  93.6228
90  12  97.2463
90  13  101.51
90  14  106.193
90  15  111.153
90  16  116.31
90  17  121.628
90  18  127.116
90  19  132.821
90  20  138.845
90  21  145.374
90  22  152.764
90  23  161.795
90  24  174.763
90  25  201.16
91  1  143.241
91  2  135.005
91  3  130.587
91  4  121.514
91  5  111.388
91  6  102.582
91  7  96.3081
91  8  92.8228
91  9  91.8192
91  10  92.7753
91  11  95.1675
91  12  98.5612
91  13  102.631
91  14  107.149
91  15  111.968
91  16  117.002
91  17  122.213
91  18  127.605
91  19  133.222
91  20  139.164
91  21  145.613
91  22  152.923
91  23  161.863
91  24  174.705
91  25  200.611
92  1  146.894
92  2  139.087
92  3  134.627
92  4  125.368
92  5  114.94
92  6  105.757
92  7  99.0789
92  8  95.2032
92  9  93.8454
92  10  94.493
92  11  96.622
92  12  99.7932
92  13  103.675
92  14  108.034
92  15  112.717
92  16  117.633
92  17  122.741
92  18  128.04
92  19  133.573
92  20  139.436
92  21  145.81
92  22  153.042
92  23  161.896
92  24  174.615
92  25  200.032
93  1  150.568
93  2  143.166
93  3  138.655
93  4  129.203
93  5  118.465
93  6  108.899
93  7  101.813
93  8  97.5449
93  9  95.8321
93  10  96.1704
93  11  98.036
93  12  100.985
93  13  104.679
93  14  108.879
93  15  113.427
93  16  118.226
93  17  123.231
93  18  128.439
93  19  133.888
93  20  139.674
93  21  146.049
93  22  153.186
93  23  161.931
93  24  174.493
93  25  199.212
94  1  153.958
94  2  146.909
94  3  142.346
94  4  132.709
94  5  121.68
94  6  111.757
94  7  104.294
94  8  99.6634
94  9  97.623
94  10  97.6769
94  11  99.3003
94  12  102.045
94  13  105.567
94  14  109.622
94  15  114.046
94  16  118.738
94  17  123.649
94  18  128.773
94  19  134.113
94  20  139.833
94  21  146.069
94  22  153.161
94  23  161.858
94  24  174.361
94  25  198.901
95  1  157.506
95  2  150.81
95  3  146.183
95  4  136.343
95  5  125.012
95  6  114.712
95  7  106.853
95  8  101.842
95  9  99.4587
95  10  99.2148
95  11  100.585
95  12  103.117
95  13  106.46
95  14  110.364
95  15  114.658
95  16  119.239
95  17  124.053
95  18  129.09
95  19  134.384
95  20  140.025
95  21  146.184
95  22  153.203
95  23  161.808
95  24  174.178
95  25  198.125
96  1  161.074
96  2  154.718
96  3  150.029
96  4  139.986
96  5  128.332
96  6  117.65
96  7  109.39
96  8  103.996
96  9  101.267
96  10  100.724
96  11  101.964
96  12  104.264
96  13  107.413
96  14  111.152
96  15  115.306
96  16  119.764
96  17  124.47
96  18  129.41
96  19  134.616
96  20  140.173
96  21  146.249
96  22  153.173
96  23  161.677
96  24  173.993
96  25  197.096
97  1  164.827
97  2  158.812
97  3  154.047
97  4  143.782
97  5  131.789
97  6  120.701
97  7  112.017
97  8  106.222
97  9  103.13
97  10  102.273
97  11  103.122
97  12  105.216
97  13  108.191
97  14  111.783
97  15  115.876
97  16  120.22
97  17  124.826
97  18  129.679
97  19  134.81
97  20  140.293
97  21  146.298
97  22  153.209
97  23  161.582
97  24  173.684
97  25  196.428
98  1  168.135
98  2  162.413
98  3  157.578
98  4  147.113
98  5  134.819
98  6  123.37
98  7  114.31
98  8  108.157
98  9  104.744
98  10  103.609
98  11  104.222
98  12  106.118
98  13  108.927
98  14  112.379
98  15  116.29
98  16  120.541
98  17  125.066
98  18  129.846
98  19  134.912
98  20  140.336
98  21  146.284
98  22  153.083
98  23  161.415
98  24  173.464
98  25  196.026
99  1  171.823
99  2  166.416
99  3  161.509
99  4  150.812
99  5  138.178
99  6  126.325
99  7  116.843
99  8  110.286
99  9  106.513
99  10  105.067
99  11  105.418
99  12  107.092
99  13  109.716
99  14  113.012
99  15  116.791
99  16  120.927
99  17  125.352
99  18  130.045
99  19  135.027
99  20  140.376
99  21  146.231
99  22  152.962
99  23  161.25
99  24  173.187
99  25  195.222
100  1  175.489
100  2  170.395
100  3  165.39
100  4  154.464
100  5  141.493
100  6  129.231
100  7  119.328
100  8  112.37
100  9  108.239
100  10  106.582
100  11  106.658
100  12  108.101
100  13  110.53
100  14  113.663
100  15  117.301
100  16  121.316
100  17  125.636
100  18  130.271
100  19  135.161
100  20  140.422
100  21  146.211
100  22  152.85
100  23  161.026
100  24  172.781
100  25  194.002
101  1  179.157
101  2  174.352
101  3  169.257
101  4  158.093
101  5  144.775
101  6  132.106
101  7  121.779
101  8  114.42
101  9  109.931
101  10  107.866
101  11  107.767
101  12  108.992
101  13  111.24
101  14  114.223
101  15  117.73
101  16  121.634
101  17  125.836
101  18  130.351
101  19  135.171
101  20  140.369
101  21  146.1
101  22  152.678
101  23  160.79
101  24  172.46
101  25  193.336
102  1  183.108
102  2  178.619
102  3  173.422
102  4  161.998
102  5  148.299
102  6  135.184
102  7  124.399
102  8  116.607
102  9  111.729
102  10  109.408
102  11  108.941
102  12  109.93
102  13  111.978
102  14  114.79
102  15  118.156
102  16  121.938
102  17  126.055
102  18  130.473
102  19  135.208
102  20  140.327
102  21  145.978
102  22  152.474
102  23  160.493
102  24  172.032
102  25  192.316
103  1  186.893
103  2  182.7
103  3  177.406
103  4  165.733
103  5  151.665
103  6  138.12
103  7  126.889
103  8  118.675
103  9  113.422
103  10  110.699
103  11  109.97
103  12  110.739
103  13  112.605
103  14  115.263
103  15  118.535
103  16  122.202
103  17  126.218
103  18  130.546
103  19  135.2
103  20  140.244
103  21  145.826
103  22  152.25
103  23  160.195
103  24  171.632
103  25  191.482
104  1  190.539
104  2  186.61
104  3  181.215
104  4  169.295
104  5  154.87
104  6  140.908
104  7  129.248
104  8  120.728
104  9  115.063
104  10  112.025
104  11  111.033
104  12  111.577
104  13  113.254
104  14  115.754
104  15  118.855
104  16  122.411
104  17  126.333
104  18  130.576
104  19  135.151
104  20  140.121
104  21  145.632
104  22  151.983
104  23  159.845
104  24  171.164
104  25  190.502
105  1  196.725
105  2  192.218
105  3  186.436
105  4  174.039
105  5  159.05
105  6  144.485
105  7  132.18
105  8  122.987
105  9  116.919
105  10  113.503
105  11  112.194
105  12  112.461
105  13  113.854
105  14  116.042
105  15  119.001
105  16  122.435
105  17  126.248
105  18  130.398
105  19  134.889
105  20  139.782
105  21  145.22
105  22  151.497
105  23  159.279
105  24  170.495
105  25  189.445
106  1  184.969
106  2  194.841
106  3  189.228
106  4  176.777
106  5  161.59
106  6  146.738
106  7  134.267
106  8  124.857
106  9  118.457
106  10  114.745
106  11  113.224
106  12  113.286
106  13  114.559
106  14  116.718
106  15  119.53
106  16  122.836
106  17  126.538
106  18  130.587
106  19  134.986
106  20  139.791
106  21  145.141
106  22  151.324
106  23  158.993
106  24  170.031
106  25  196.307
107  1  189.036
107  2  199.176
107  3  193.442
107  4  180.705
107  5  165.109
107  6  149.781
107  7  136.721
107  8  126.784
107  9  119.997
107  10  117.872
107  11  115.178
107  12  114.288
107  13  114.754
107  14  116.221
107  15  118.433
107  16  121.212
107  17  124.441
107  18  128.058
107  19  132.047
107  20  136.453
107  21  141.395
107  22  147.136
107  23  154.276
107  24  164.556
107  25  188.431
108  1  193.136
108  2  203.551
108  3  197.691
108  4  184.661
108  5  168.648
108  6  152.836
108  7  139.28
108  8  128.878
108  9  121.676
108  10  117.319
108  11  115.17
108  12  114.751
108  13  115.623
108  14  117.447
108  15  119.977
108  16  123.043
108  17  126.536
108  18  130.404
108  19  134.64
108  20  139.296
108  21  144.506
108  22  150.55
108  23  158.07
108  24  163.489
108  25  197.384
109  1  204.927
109  2  208.038
109  3  202.047
109  4  188.712
109  5  172.265
109  6  155.903
109  7  141.838
109  8  130.959
109  9  123.334
109  10  118.571
109  11  116.124
109  12  115.455
109  13  116.119
109  14  117.768
109  15  120.152
109  16  123.093
109  17  126.479
109  18  130.252
109  19  134.403
109  20  138.982
109  21  141.26
109  22  145.589
109  23  153.555
109  24  164.984
109  25  190.322
110  1  199.449
110  2  212.246
110  3  207.047
110  4  193.28
110  5  176.292
110  6  159.383
110  7  144.733
110  8  133.28
110  9  124.946
110  10  119.826
110  11  117.079
110  12  116.158
110  13  116.612
110  14  118.085
110  15  120.319
110  16  123.132
110  17  123.796
110  18  125.231
110  19  127.575
110  20  130.723
110  21  137.478
110  22  145.18
110  23  154.634
110  24  167.824
110  25  201.32
111  1  202.036
111  2  216.255
111  3  211.368
111  4  197.602
111  5  179.776
111  6  161.983
111  7  146.901
111  8  135.066
111  9  126.595
111  10  121.105
111  11  118.041
111  12  116.858
111  13  117.092
111  14  118.381
111  15  117.682
111  16  118.186
111  17  119.656
111  18  121.942
111  19  125.87
111  20  129.937
111  21  135.715
111  22  142.373
111  23  151.082
111  24  163.203
111  25  192.97
112  1  207.682
112  2  220.575
112  3  214.696
112  4  200.782
112  5  182.61
112  6  165.083
112  7  149.587
112  8  137.281
112  9  128.313
112  10  122.421
112  11  119.02
112  12  117.555
112  13  117.554
112  14  115.817
112  15  115.554
112  16  116.437
112  17  120.503
112  18  124.761
112  19  128.013
112  20  133.173
112  21  138.736
112  22  145.216
112  23  153.435
112  24  165.221
112  25  192.591
113  1  209.552
113  2  223.304
113  3  217.517
113  4  203.492
113  5  185.74
113  6  167.746
113  7  151.872
113  8  139.194
113  9  129.882
113  10  123.615
113  11  115.992
113  12  111.468
113  13  109.264
113  14  108.81
113  15  109.681
113  16  111.405
113  17  116.104
113  18  121.139
113  19  126.529
113  20  132.506
113  21  139.072
113  22  146.584
113  23  155.826
113  24  169.055
113  25  200.608
114  1  216.97
114  2  229.815
114  3  223.471
114  4  208.799
114  5  190.301
114  6  171.538
114  7  154.928
114  8  141.637
114  9  131.854
114  10  125.171
114  11  117.091
114  12  112.348
114  13  110.052
114  14  109.358
114  15  112.177
114  16  115.648
114  17  119.534
114  18  123.96
114  19  128.753
114  20  133.978
114  21  139.786
114  22  146.492
114  23  154.803
114  24  166.741
114  25  194.393
115  1  219.992
115  2  233.332
115  3  226.915
115  4  211.988
115  5  193.111
115  6  173.905
115  7  149.953
115  8  137.047
115  9  123.017
115  10  113.527
115  11  107.686
115  12  104.427
115  13  105.835
115  14  108.226
115  15  111.493
115  16  115.319
115  17  119.548
115  18  124.133
115  19  129.082
115  20  134.461
115  21  140.43
115  22  147.312
115  23  154.424
115  24  166.351
115  25  184.614
116  1  223.72
116  2  237.626
116  3  231.166
116  4  215.973
116  5  196.673
116  6  176.951
116  7  159.347
116  8  139.899
116  9  125.289
116  10  115.58
116  11  109.569
116  12  107.847
116  13  108.299
116  14  109.977
116  15  112.438
116  16  115.492
116  17  119.069
116  18  123.002
116  19  127.383
116  20  132.213
116  21  137.626
116  22  142.881
116  23  150.553
116  24  161.564
116  25  185.952
117  1  228.518
117  2  242.44
117  3  235.773
117  4  219.793
117  5  200.078
117  6  179.863
117  7  155.802
117  8  136.545
117  9  122.845
117  10  112.74
117  11  106.93
117  12  106.356
117  13  107.299
117  14  109.403
117  15  112.196
117  16  115.596
117  17  119.44
117  18  123.72
117  19  127.381
117  20  131.328
117  21  136.824
117  22  143.202
117  23  151.018
117  24  162.378
117  25  187.735
118  1  233.069
118  2  247.228
118  3  240.363
118  4  224.411
118  5  203.82
118  6  176.137
118  7  152.591
118  8  134.211
118  9  121.642
118  10  115.019
118  11  111.177
118  12  109.482
118  13  109.559
118  14  110.793
118  15  112.841
118  16  115.538
118  17  118.75
118  18  122.401
118  19  126.518
118  20  131.1
118  21  136.271
118  22  142.25
118  23  149.792
118  24  160.655
118  25  184.557
119  1  240.092
119  2  253.7
119  3  246.384
119  4  229.885
119  5  200.834
119  6  172.662
119  7  149.193
119  8  130.822
119  9  122.15
119  10  115.349
119  11  111.561
119  12  109.869
119  13  109.8
119  14  110.917
119  15  112.903
119  16  114.875
119  17  117.936
119  18  121.359
119  19  125.237
119  20  129.652
119  21  134.552
119  22  140.441
119  23  147.804
119  24  158.406
119  25  181.339
120  1  242.315
120  2  256.646
120  3  249.355
120  4  232.618
120  5  203.814
120  6  176.467
120  7  152.739
120  8  139.014
120  9  127.544
120  10  119.903
120  11  115.135
120  12  112.614
120  13  111.54
120  14  111.477
120  15  112.803
120  16  114.877
120  17  117.543
120  18  120.65
120  19  124.23
120  20  128.29
120  21  132.982
120  22  138.514
120  23  145.466
120  24  155.496
120  25  176.551
121  1  245.568
121  2  260.54
121  3  253.241
121  4  227.222
121  5  198.455
121  6  171.353
121  7  148.393
121  8  134.124
121  9  124.037
121  10  117.358
121  11  113.431
121  12  111.67
121  13  111.524
121  14  112.58
121  15  114.533
121  16  117.154
121  17  120.333
121  18  123.976
121  19  128.021
121  20  132.544
121  21  137.669
121  22  143.674
121  23  151.251
121  24  162.2
121  25  186.084
122  1  251.517
122  2  266.32
122  3  258.695
122  4  232.877
122  5  204.011
122  6  176.554
122  7  157.006
122  8  141.402
122  9  130.045
122  10  122.23
122  11  117.328
122  12  114.706
122  13  113.741
122  14  114.107
122  15  115.501
122  16  117.643
122  17  120.38
122  18  123.619
122  19  127.291
122  20  131.441
122  21  136.211
122  22  141.845
122  23  148.996
122  24  159.357
122  25  181.426
123  1  254.97
123  2  270.384
123  3  262.71
123  4  236.683
123  5  207.947
123  6  184.911
123  7  164.329
123  8  147.818
123  9  135.32
123  10  126.474
123  11  120.664
123  12  117.251
123  13  115.66
123  14  115.468
123  15  116.341
123  16  118.025
123  17  120.35
123  18  123.216
123  19  126.579
123  20  130.421
123  21  134.872
123  22  140.176
123  23  146.897
123  24  156.73
123  25  177.177
124  1  260.937
124  2  276.216
124  3  257.866
124  4  232.072
124  5  203.674
124  6  180.676
124  7  160.573
124  8  144.32
124  9  132.565
124  10  123.662
124  11  117.852
124  12  114.474
124  13  112.957
124  14  112.845
124  15  113.794
124  16  115.555
124  17  117.959
124  18  120.904
124  19  124.344
124  20  128.299
124  21  132.835
124  22  138.228
124  23  145.052
124  24  155.011
124  25  175.663
125  1  267.846
125  2  282.968
125  3  265.19
125  4  239.488
125  5  215.543
125  6  191.159
125  7  169.506
125  8  151.218
125  9  138.038
125  10  127.905
125  11  121.066
125  12  116.803
125  13  114.526
125  14  113.758
125  15  114.138
125  16  115.4
125  17  117.288
125  18  119.835
125  19  122.908
125  20  126.512
125  21  130.704
125  22  135.738
125  23  142.152
125  24  151.544
125  25  170.398
126  1  271.701
126  2  287.558
126  3  270.012
126  4  244.703
126  5  227.231
126  6  200.851
126  7  176.754
126  8  156.639
126  9  140.943
126  10  129.352
126  11  121.176
126  12  115.873
126  13  112.674
126  14  111.122
126  15  110.827
126  16  111.501
126  17  112.939
126  18  115.009
126  19  117.637
126  20  120.815
126  21  124.615
126  22  129.204
126  23  135.101
126  24  143.71
126  25  160.253
127  1  325.593
127  2  327.526
127  3  323.984
127  4  298.05
127  5  266.991
127  6  235.018
127  7  205.677
127  8  180.841
127  9  161.128
127  10  146.159
127  11  135.164
127  12  127.535
127  13  122.383
127  14  119.181
127  15  117.471
127  16  116.91
127  17  117.246
127  18  118.307
127  19  119.956
127  20  122.206
127  21  125.057
127  22  128.649
127  23  133.325
127  24  141.911
127  25  155.367
128  1  288.448
128  2  303.992
128  3  287.547
128  4  275.9
128  5  247.739
128  6  220.623
128  7  192.204
128  8  167.918
128  9  148.458
128  10  133.589
128  11  122.694
128  12  114.943
128  13  109.74
128  14  106.485
128  15  104.729
128  16  104.131
128  17  104.446
128  18  105.499
128  19  107.187
128  20  109.387
128  21  112.293
128  22  115.969
128  23  120.772
128  24  127.836
128  25  139.346
129  1  297.603
129  2  313.643
129  3  298.054
129  4  276.46
129  5  247.716
129  6  218.678
129  7  191.79
129  8  168.996
129  9  150.876
129  10  137.421
129  11  127.243
129  12  120.097
129  13  115.848
129  14  113.198
129  15  111.966
129  16  111.835
129  17  112.572
129  18  114.025
129  19  116.1
129  20  118.774
129  21  122.101
129  22  126.265
129  23  131.728
129  24  139.786
129  25  154.495
130  1  353.523
130  2  560.763
130  3  554.543
130  4  524.145
130  5  477.241
130  6  420.254
130  7  361.53
130  8  306.471
130  9  257.906
130  10  216.691
130  11  182.513
130  12  154.523
130  13  131.723
130  14  113.158
130  15  97.9967
130  16  85.5458
130  17  75.2409
130  18  66.6262
130  19  59.3307
130  20  53.0447
130  21  47.4915
130  22  42.3854
130  23  37.3167
130  24  31.1869
130  25  5.38453
