1  1  -31.7711
1  2  -13.4042
1  3  -6.06471
1  4  -1.40979
1  5  1.98411
1  6  4.60996
1  7  6.69023
1  8  8.3392
1  9  9.62285
1  10  10.5855
1  11  11.2665
1  12  11.7109
1  13  11.9775
1  14  12.1441
1  15  12.3072
1  16  12.5781
1  17  13.0767
1  18  13.9229
1  19  15.2357
1  20  17.1409
1  21  19.7994
1  22  23.4763
1  23  28.7333
1  24  37.1775
1  25  57.4195
2  1  -26.8974
2  2  -8.80762
2  3  -1.73279
2  4  2.76499
2  5  6.06969
2  6  8.66051
2  7  10.7533
2  8  12.4575
2  9  13.8329
2  10  14.9134
2  11  15.7215
2  12  16.2784
2  13  16.6142
2  14  16.7756
2  15  16.8345
2  16  16.8932
2  17  17.0835
2  18  17.5623
2  19  18.5024
2  20  20.09
2  21  22.5412
2  22  26.1638
2  23  31.5547
2  24  40.3725
2  25  60.7596
3  1  -23.7907
3  2  -5.70266
3  3  1.16158
3  4  5.5386
3  5  8.78792
3  6  11.3805
3  7  13.5304
3  8  15.3485
3  9  16.8952
3  10  18.2037
3  11  19.291
3  12  20.1647
3  13  20.8313
3  14  21.3017
3  15  21.602
3  16  21.7851
3  17  21.9442
3  18  22.2235
3  19  22.8258
3  20  24.0089
3  21  26.0869
3  22  29.4653
3  23  34.8109
3  24  43.7914
3  25  62.8422
4  1  -22.3637
4  2  -4.04624
4  3  2.71091
4  4  7.02758
4  5  10.2587
4  6  12.873
4  7  15.0865
4  8  17.0146
4  9  18.7232
4  10  20.2517
4  11  21.6236
4  12  22.851
4  13  23.9398
4  14  24.8932
4  15  25.717
4  16  26.4274
4  17  27.0647
4  18  27.7102
4  19  28.5102
4  20  29.6983
4  21  31.6123
4  22  34.721
4  23  39.7393
4  24  48.2202
4  25  63.3344
5  1  -21.5734
5  2  -2.65119
5  3  4.0496
5  4  8.33509
5  5  11.5726
5  6  14.2345
5  7  16.5423
5  8  18.6185
5  9  20.5395
5  10  22.3582
5  11  24.1143
5  12  25.84
5  13  27.565
5  14  29.3177
5  15  31.1284
5  16  33.0316
5  17  35.068
5  18  37.2864
5  19  39.745
5  20  42.5138
5  21  45.679
5  22  49.3651
5  23  53.8216
5  24  59.6767
5  25  62.0982
6  1  -21.9731
6  2  -1.82381
6  3  4.94109
6  4  9.26255
6  5  12.5531
6  6  15.2992
6  7  17.7307
6  8  19.98
6  9  22.1356
6  10  24.2651
6  11  26.4269
6  12  28.6774
6  13  31.0765
6  14  33.6902
6  15  36.5941
6  16  39.8725
6  17  43.6125
6  18  47.8862
6  19  52.7099
6  20  57.9717
6  21  63.3321
6  22  68.1592
6  23  71.5971
6  24  72.6865
6  25  64.6787
7  1  -23.9621
7  2  -1.831
7  3  5.18599
7  4  9.6489
7  5  13.0609
7  6  15.9337
7  7  18.5104
7  8  20.9326
7  9  23.2965
7  10  25.6761
7  11  28.1356
7  12  30.7349
7  13  33.5304
7  14  36.5758
7  15  39.9156
7  16  43.5745
7  17  47.54
7  18  51.7382
7  19  56.011
7  20  60.1087
7  21  63.7227
7  22  66.5691
7  23  68.5111
7  24  69.7375
7  25  74.3618
8  1  -28.255
8  2  -2.89717
8  3  4.68749
8  4  9.47442
8  5  13.1306
8  6  16.2159
8  7  18.9935
8  8  21.6148
8  9  24.1785
8  10  26.7567
8  11  29.4036
8  12  32.1596
8  13  35.0501
8  14  38.0821
8  15  41.239
8  16  44.4776
8  17  47.7273
8  18  50.898
8  19  53.9002
8  20  56.6712
8  21  59.2105
8  22  61.6257
8  23  64.2303
8  24  67.9969
8  25  84.056
9  1  -33.8179
9  2  -4.72387
9  3  3.64403
9  4  8.88741
9  5  12.8764
9  6  16.2322
9  7  19.243
9  8  22.0701
9  9  24.8153
9  10  27.5454
9  11  30.3043
9  12  33.1162
9  13  35.9858
9  14  38.9002
9  15  41.8289
9  16  44.7314
9  17  47.5651
9  18  50.2995
9  19  52.9305
9  20  55.4971
9  21  58.1023
9  22  60.958
9  23  64.5254
9  24  70.1823
9  25  92.7231
10  1  -39.2928
10  2  -6.70387
10  3  2.47251
10  4  8.1957
10  5  12.5339
10  6  16.1688
10  7  19.414
10  8  22.4423
10  9  25.3587
10  10  28.2292
10  11  31.0931
10  12  33.9677
10  13  36.8529
10  14  39.7342
10  15  42.5881
10  16  45.3906
10  17  48.127
10  18  50.8012
10  19  53.4474
10  20  56.1413
10  21  59.0217
10  22  62.3451
10  23  66.6585
10  24  73.6071
10  25  100.367
11  1  -43.9876
11  2  -8.49971
11  3  1.38735
11  4  7.53783
11  5  12.1879
11  6  16.0718
11  7  19.5256
11  8  22.7325
11  9  25.8017
11  10  28.8003
11  11  31.7663
11  12  34.7167
11  13  37.6512
11  14  40.5586
11  15  43.4242
11  16  46.2364
11  17  48.9969
11  18  51.7282
11  19  54.482
11  20  57.3511
11  21  60.4932
11  22  64.1928
11  23  69.058
11  24  76.9243
11  25  106.671
12  1  -48.5694
12  2  -10.3439
12  3  0.239957
12  4  6.81319
12  5  11.7733
12  6  15.9052
12  7  19.5669
12  8  22.9525
12  9  26.1761
12  10  29.3066
12  11  32.3837
12  12  35.4243
12  13  38.4309
12  14  41.3966
12  15  44.3142
12  16  47.1824
12  17  50.0147
12  18  52.8455
12  19  55.7381
12  20  58.7974
12  21  62.1955
12  22  66.2413
12  23  71.5967
12  24  80.2642
12  25  112.628
13  1  -52.6215
13  2  -12.0647
13  3  -0.871361
13  4  6.07405
13  5  11.3081
13  6  15.6598
13  7  19.5064
13  8  23.0511
13  9  26.4135
13  10  29.6651
13  11  32.8464
13  12  35.9764
13  13  39.0599
13  14  42.0946
13  15  45.0791
13  16  48.0193
13  17  50.9366
13  18  53.8736
13  19  56.9014
13  20  60.1334
13  21  63.7531
13  22  68.0893
13  23  73.8484
13  24  83.1695
13  25  117.677
14  1  -56.6108
14  2  -13.8545
14  3  -2.0751
14  4  5.23004
14  5  10.7294
14  6  15.2946
14  7  19.3211
14  8  23.0218
14  9  26.5205
14  10  29.8922
14  11  33.1792
14  12  36.4024
14  13  39.5695
14  14  42.6822
14  15  45.7438
14  16  48.7666
14  17  51.7784
14  18  54.8278
14  19  57.9929
14  20  61.3938
14  21  65.2247
14  22  69.833
14  23  75.966
14  24  85.8892
14  25  122.378
15  1  -60.5978
15  2  -15.7484
15  3  -3.40288
15  4  4.25124
15  5  10.009
15  6  14.7821
15  7  18.9845
15  8  22.8375
15  9  26.4706
15  10  29.9617
15  11  33.3548
15  12  36.6737
15  13  39.9286
15  14  43.1244
15  15  46.2694
15  16  49.381
15  17  52.4922
15  18  55.6572
15  19  58.9591
15  20  62.5249
15  21  66.5585
15  22  71.4248
15  23  77.91
15  24  88.398
15  25  126.75
16  1  -64.7262
16  2  -17.8255
16  3  -4.91842
16  4  3.08329
16  5  9.0984
16  6  14.0795
16  7  18.4577
16  8  22.4638
16  9  26.2326
16  10  29.8444
16  11  33.3468
16  12  36.7648
16  13  40.1115
16  14  43.3962
16  15  46.6305
16  16  49.8368
16  17  53.0525
16  18  56.3365
16  19  59.7772
16  20  63.5077
16  21  67.7415
16  22  72.8606
16  23  79.6889
16  24  90.7258
16  25  130.892
17  1  -68.582
17  2  -19.8719
17  3  -6.46449
17  4  1.84735
17  5  8.09294
17  6  13.26
17  7  17.796
17  8  21.9399
17  9  25.8307
17  10  29.5523
17  11  33.1541
17  12  36.6634
17  13  40.0959
17  14  43.4635
17  15  46.7818
17  16  50.0765
17  17  53.3889
17  18  56.782
17  19  60.3482
17  20  64.2263
17  21  68.6378
17  22  73.9798
17  23  81.1099
17  24  92.6286
17  25  134.389
18  1  -72.842
18  2  -22.2475
18  3  -8.31516
18  4  0.322794
18  5  6.81112
18  6  12.1745
18  7  16.8771
18  8  21.1665
18  9  25.1871
18  10  29.0255
18  11  32.7334
18  12  36.3411
18  13  39.8667
18  14  43.3248
18  15  46.7346
18  16  50.1253
18  17  53.5424
18  18  57.0522
18  19  60.7516
18  20  64.7851
18  21  69.3826
18  22  74.9574
18  23  82.4011
18  24  94.4202
18  25  137.839
19  1  -77.0123
19  2  -24.6821
19  3  -10.263
19  4  -1.32191
19  5  5.39207
19  6  10.9382
19  7  15.7961
19  8  20.2216
19  9  24.3632
19  10  28.3112
19  11  32.1196
19  12  35.8204
19  13  39.4343
19  14  42.9788
19  15  46.476
19  16  49.9585
19  17  53.4747
19  18  57.0943
19  19  60.9183
19  20  65.0964
19  21  69.8663
19  22  75.6555
19  23  83.3885
19  24  95.8675
19  25  140.812
20  1  -80.8834
20  2  -27.0299
20  3  -12.1813
20  4  -2.97264
20  5  3.9408
20  6  9.64873
20  7  14.6443
20  8  19.1901
20  9  23.4395
20  10  27.4851
20  11  31.3829
20  12  35.1673
20  13  38.8606
20  14  42.483
20  15  46.0592
20  16  49.6241
20  17  53.2289
20  18  56.9467
20  19  60.8815
20  20  65.1871
20  21  70.1088
20  22  76.0867
20  23  84.0733
20  24  96.9558
20  25  143.239
21  1  -84.9533
21  2  -29.5803
21  3  -14.3018
21  4  -4.82446
21  5  2.28903
21  6  8.15941
21  7  13.2932
21  8  17.9603
21  9  22.318
21  10  26.462
21  11  30.4505
21  12  34.3192
21  13  38.0935
21  14  41.7952
21  15  45.4516
21  16  49.1003
21  17  52.7954
21  18  56.6122
21  19  60.6584
21  20  65.0922
21  21  70.1657
21  22  76.3321
21  23  84.5715
21  24  97.8562
21  25  145.474
22  1  -88.9695
22  2  -32.1709
22  3  -16.4875
22  4  -6.75712
22  5  0.545101
22  6  6.5688
22  7  11.833
22  8  16.6147
22  9  21.0751
22  10  25.3123
22  11  29.3867
22  12  33.3362
22  13  37.1873
22  14  40.9648
22  15  44.6977
22  16  48.4265
22  17  52.2069
22  18  56.1177
22  19  60.2692
22  20  64.8237
22  21  70.0403
22  22  76.3836
22  23  84.8604
22  24  98.5224
22  25  147.392
23  1  -93.317
23  2  -35.0479
23  3  -18.9456
23  4  -8.95323
23  5  -1.45536
23  6  4.72721
23  7  10.1269
23  8  15.0273
23  9  19.5944
23  10  23.9285
23  11  28.0922
23  12  32.1256
23  13  36.0574
23  14  39.9139
23  15  43.727
23  16  47.5392
23  17  51.409
23  18  55.4175
23  19  59.678
23  20  64.3578
23  21  69.7218
23  22  76.2479
23  23  84.9694
23  24  99.0201
23  25  149.181
24  1  -97.8229
24  2  -38.0995
24  3  -21.5818
24  4  -11.3296
24  5  -3.6372
24  6  2.70318
24  7  8.23721
24  8  13.2559
24  9  17.9288
24  10  22.3596
24  11  26.6126
24  12  30.7298
24  13  34.7419
24  14  38.6778
24  15  42.5711
24  16  46.4667
24  17  50.4256
24  18  54.5312
24  19  58.9005
24  20  63.7041
24  21  69.2145
24  22  75.9212
24  23  84.8848
24  24  99.32
24  25  150.757
25  1  -102.32
25  2  -41.2066
25  3  -24.2908
25  4  -13.7893
25  5  -5.91083
25  6  0.581092
25  7  6.24418
25  8  11.3765
25  9  16.1512
25  10  20.6747
25  11  25.0137
25  12  29.2116
25  13  33.3014
25  14  37.3138
25  15  41.2844
25  16  45.2604
25  17  49.305
25  18  53.5041
25  19  57.9774
25  20  62.8998
25  21  68.5503
25  22  75.4298
25  23  84.6247
25  24  99.4268
25  25  152.084
26  1  -106.989
26  2  -44.4872
26  3  -27.1734
26  4  -16.4224
26  5  -8.3575
26  6  -1.71416
26  7  4.07851
26  8  9.32424
26  9  14.2012
26  10  18.8177
26  11  23.2428
26  12  27.522
26  13  31.6898
26  14  35.7789
26  15  39.8272
26  16  43.884
26  17  48.0146
26  18  52.3075
26  19  56.885
26  20  61.9261
26  21  67.7162
26  22  74.7682
26  23  84.1938
26  24  99.3618
26  25  153.234
27  1  -111.728
27  2  -47.866
27  3  -30.1617
27  4  -19.166
27  5  -10.9177
27  6  -4.12556
27  7  1.79407
27  8  7.15164
27  9  12.1286
27  10  16.8368
27  11  21.3465
27  12  25.7057
27  13  29.9502
27  14  34.115
27  15  38.2399
27  16  42.3763
27  17  46.5914
27  18  50.9763
27  19  55.6559
27  20  60.8137
27  21  66.7405
27  22  73.9613
27  23  83.6125
27  24  99.1384
27  25  154.2
28  1  -116.797
28  2  -51.5259
28  3  -33.4163
28  4  -22.1665
28  5  -13.728
28  6  -6.7812
28  7  -0.729806
28  8  4.74371
28  9  9.82507
28  10  14.6281
28  11  19.2261
28  12  23.6682
28  13  27.9924
28  14  32.236
28  15  36.4406
28  16  40.6597
28  17  44.9626
28  18  49.443
28  19  54.2285
28  20  59.5067
28  21  65.5754
28  22  72.9707
28  23  82.8554
28  24  98.7514
28  25  155.043
29  1  -121.807
29  2  -55.1813
29  3  -36.6816
29  4  -25.1869
29  5  -16.5654
29  6  -9.46968
29  7  -3.29121
29  8  2.29411
29  9  7.47569
29  10  12.3703
29  11  17.0531
29  12  21.5751
29  13  25.9766
29  14  30.2959
29  15  34.5772
29  16  38.8758
29  17  43.2634
29  18  47.8355
29  19  52.723
29  20  58.117
29  21  64.3216
29  22  71.8845
29  23  81.9931
29  24  98.244
29  25  155.715
30  1  -126.479
30  2  -58.6162
30  3  -39.7602
30  4  -28.042
30  5  -19.2533
30  6  -12.0214
30  7  -5.7269
30  8  -0.0395047
30  9  5.23373
30  10  10.212
30  11  14.9723
30  12  19.5673
30  13  24.039
30  14  28.4277
30  15  32.779
30  16  37.1501
30  17  41.6149
30  18  46.2708
30  19  51.2511
30  20  56.7506
30  21  63.079
30  22  70.7943
30  23  81.1067
30  24  97.6806
30  25  156.225
31  1  -131.228
31  2  -62.1288
31  3  -42.9164
31  4  -30.9743
31  5  -22.0181
31  6  -14.6501
31  7  -8.23926
31  8  -2.44962
31  9  2.91518
31  10  7.97715
31  11  12.8149
31  12  17.4827
31  13  22.0248
31  14  26.4826
31  15  30.9039
31  16  35.3479
31  17  39.8896
31  18  44.6289
31  19  49.7018
31  20  55.3066
31  21  61.7585
31  22  69.6258
31  23  80.1413
31  24  97.0372
31  25  156.652
32  1  -135.971
32  2  -65.6505
32  3  -46.086
32  4  -33.923
32  5  -24.8014
32  6  -17.2989
32  7  -10.7734
32  8  -4.88292
32  9  0.572341
32  10  5.71668
32  11  10.6308
32  12  15.3707
32  13  19.9818
32  14  24.5077
32  15  28.9981
32  16  33.5134
32  17  38.1309
32  18  42.9526
32  19  48.1165
32  20  53.8247
32  21  60.398
32  22  68.4148
32  23  79.13
32  24  96.3424
32  25  157.008
33  1  -140.507
33  2  -69.0266
33  3  -49.1276
33  4  -36.7547
33  5  -27.4759
33  6  -19.8457
33  7  -13.2112
33  8  -7.22515
33  9  -1.6839
33  10  3.53884
33  11  8.52516
33  12  13.333
33  13  18.0097
33  14  22.6002
33  15  27.1558
33  16  31.7387
33  17  36.4279
33  18  41.3273
33  19  46.5775
33  20  52.3836
33  21  59.0717
33  22  67.2299
33  23  78.1338
33  24  95.6455
33  25  157.306
34  1  -145.118
34  2  -72.4609
34  3  -52.2225
34  4  -39.6365
34  5  -30.1984
34  6  -22.4383
34  7  -15.6933
34  8  -9.61034
34  9  -3.98213
34  10  1.31959
34  11  6.37915
34  12  11.256
34  13  15.9988
34  14  20.6544
34  15  25.2757
34  16  29.9269
34  17  34.6886
34  18  39.6663
34  19  45.0035
34  20  50.9083
34  21  57.7123
34  22  66.0132
34  23  77.1077
34  24  94.9213
34  25  157.585
35  1  -149.796
35  2  -75.9409
35  3  -55.3571
35  4  -42.5544
35  5  -32.954
35  6  -25.0622
35  7  -18.2049
35  8  -12.0233
35  9  -6.30687
35  10  -0.924785
35  11  4.20869
35  12  9.1552
35  13  13.9649
35  14  18.6864
35  15  23.3744
35  16  28.0944
35  17  32.9292
35  18  37.9864
35  19  43.4115
35  20  49.4162
35  21  56.3373
35  22  64.7824
35  23  76.0696
35  24  94.1886
35  25  157.866
36  1  -153.831
36  2  -78.9338
36  3  -58.05
36  4  -45.0588
36  5  -35.3174
36  6  -27.3111
36  7  -20.3562
36  8  -14.089
36  9  -8.2961
36  10  -2.84476
36  11  2.35304
36  12  7.35954
36  13  12.227
36  14  17.0053
36  15  21.7505
36  16  26.53
36  17  31.4281
36  18  36.5537
36  19  42.0546
36  20  48.1454
36  21  55.1677
36  22  63.7373
36  23  75.1909
36  24  93.5735
36  25  158.127
37  1  -158.241
37  2  -82.1901
37  3  -60.9741
37  4  -47.7746
37  5  -37.8772
37  6  -29.7439
37  7  -22.6813
37  8  -16.3196
37  9  -10.4424
37  10  -4.91428
37  11  0.353923
37  12  5.42673
37  13  10.3573
37  14  15.198
37  15  20.006
37  16  24.8508
37  17  29.8181
37  18  35.0187
37  19  40.6029
37  20  46.7884
37  21  53.9218
37  22  62.6282
37  23  74.2646
37  24  92.9368
37  25  158.452
38  1  -162.414
38  2  -85.2494
38  3  -63.7133
38  4  -50.3127
38  5  -40.2648
38  6  -32.0096
38  7  -24.8432
38  8  -18.3905
38  9  -12.4322
38  10  -6.83085
38  11  -1.49532
38  12  3.6406
38  13  8.63179
38  14  13.5316
38  15  18.3997
38  16  23.3066
38  17  28.3398
38  18  33.6121
38  19  39.2757
38  20  45.5515
38  21  52.791
38  22  61.6281
38  23  73.439
38  24  92.3881
38  25  158.822
39  1  -166.221
39  2  -88.0154
39  3  -66.1802
39  4  -52.5918
39  5  -42.4036
39  6  -34.0345
39  7  -26.7711
39  8  -20.2341
39  9  -14.2004
39  10  -8.53106
39  11  -3.13296
39  12  2.06124
39  13  7.10813
39  14  12.0626
39  15  16.986
39  16  21.9501
39  17  27.0441
39  18  32.3825
39  19  38.1195
39  20  44.4788
39  21  51.8163
39  22  60.7742
39  23  72.7467
39  24  91.9517
39  25  159.235
40  1  -170.126
40  2  -90.8187
40  3  -68.6674
40  4  -54.8807
40  5  -44.5444
40  6  -36.0551
40  7  -28.6897
40  8  -22.0635
40  9  -15.9508
40  10  -10.2101
40  11  -4.74687
40  12  0.508275
40  13  5.61309
40  14  10.6245
40  15  15.6051
40  16  20.6287
40  17  25.7861
40  18  31.1933
40  19  37.0067
40  20  43.4531
40  21  50.8929
40  22  59.977
40  23  72.1182
40  24  91.5906
40  25  159.761
41  1  -173.799
41  2  -93.4151
41  3  -70.9553
41  4  -56.9755
41  5  -46.4946
41  6  -37.8882
41  7  -30.4234
41  8  -23.7107
41  9  -17.5213
41  10  -11.7116
41  11  -6.18547
41  12  -0.872065
41  13  4.28845
41  14  9.35431
41  15  14.3898
41  16  19.4704
41  17  24.6884
41  18  30.1616
41  19  36.0485
41  20  42.5785
41  21  50.1168
41  22  59.3224
41  23  71.6259
41  24  91.3558
41  25  160.379
42  1  -177.18
42  2  -95.7588
42  3  -73.0026
42  4  -58.837
42  5  -48.2174
42  6  -39.4987
42  7  -31.9389
42  8  -25.1434
42  9  -18.8809
42  10  -13.0058
42  11  -7.42026
42  12  -2.05179
42  13  3.16086
42  14  8.27788
42  15  13.365
42  16  18.4991
42  17  23.7741
42  18  29.3094
42  19  35.2655
42  20  41.8745
42  21  49.5058
42  22  58.8262
42  23  71.2833
42  24  91.2567
42  25  161.087
43  1  -180.49
43  2  -97.9981
43  3  -74.9366
43  4  -60.5797
43  5  -49.8175
43  6  -40.9832
43  7  -33.3257
43  8  -26.4458
43  9  -20.1088
43  10  -14.1671
43  11  -8.52135
43  12  -3.09726
43  13  2.16789
43  14  7.33601
43  15  12.4747
43  16  17.6623
43  17  22.9946
43  18  28.5924
43  19  34.6183
43  20  41.307
43  21  49.0322
43  22  58.4686
43  23  71.0811
43  24  91.3008
43  25  161.947
44  1  -183.437
44  2  -99.9303
44  3  -76.5808
44  4  -62.0435
44  5  -51.1467
44  6  -42.2036
44  7  -34.4545
44  8  -27.4951
44  9  -21.0885
44  10  -15.0851
44  11  -9.38373
44  12  -3.90875
44  13  1.40448
44  14  6.61926
44  15  11.805
44  16  17.0417
44  17  22.4264
44  18  28.0815
44  19  34.1715
44  20  40.9336
44  21  48.7455
44  22  58.289
44  23  71.0449
44  24  91.4921
44  25  162.891
45  1  -186.106
45  2  -101.615
45  3  -77.9867
45  4  -63.2749
45  5  -52.2481
45  6  -43.2
45  7  -35.3626
45  8  -28.3273
45  9  -21.8543
45  10  -15.7922
45  11  -10.0383
45  12  -4.51567
45  13  0.842227
45  14  6.10067
45  15  11.3301
45  16  16.6124
45  17  22.0459
45  18  27.7547
45  19  33.9048
45  20  40.7358
45  21  48.6292
45  22  58.2737
45  23  71.1649
45  24  91.8268
45  25  163.935
46  1  -188.62
46  2  -103.125
46  3  -79.2135
46  4  -64.3247
46  5  -53.166
46  6  -44.0119
46  7  -36.0853
46  8  -28.9735
46  9  -22.434
46  10  -16.3138
46  11  -10.5084
46  12  -4.93913
46  13  0.462313
46  14  5.76282
46  15  11.0345
46  16  16.361
46  17  21.842
46  18  27.603
46  19  33.8119
46  20  40.7106
46  21  48.6842
46  22  58.428
46  23  71.4525
46  24  92.3258
46  25  165.132
47  1  -190.882
47  2  -104.396
47  3  -80.2061
47  4  -65.1439
47  5  -53.856
47  6  -44.5981
47  7  -36.5846
47  8  -29.3988
47  9  -22.7954
47  10  -16.6198
47  11  -10.7656
47  12  -5.15261
47  13  0.289072
47  14  5.62836
47  15  10.9391
47  16  16.3064
47  17  21.8315
47  18  27.6413
47  19  33.9052
47  20  40.8675
47  21  48.9166
47  22  58.7542
47  23  71.9047
47  24  92.978
47  25  166.443
48  1  -192.853
48  2  -105.408
48  3  -80.9511
48  4  -65.7221
48  5  -54.3104
48  6  -44.953
48  7  -36.8569
48  8  -29.6008
48  9  -22.9375
48  10  -16.7104
48  11  -10.8115
48  12  -5.15907
48  13  0.318746
48  14  5.69255
48  15  11.0381
48  16  16.4417
48  17  22.0063
48  18  27.8602
48  19  34.1741
48  20  41.1944
48  21  49.3125
48  22  59.2362
48  23  72.5023
48  24  93.7593
48  25  167.827
49  1  -194.69
49  2  -106.235
49  3  -81.499
49  4  -66.0958
49  5  -54.5549
49  6  -45.0942
49  7  -36.9125
49  8  -29.5845
49  9  -22.8605
49  10  -16.5818
49  11  -10.6392
49  12  -4.94851
49  13  0.56366
49  14  5.97005
49  15  11.3481
49  16  16.7864
49  17  22.3887
49  18  28.2849
49  19  34.6473
49  20  41.7242
49  21  49.9101
49  22  59.9183
49  23  73.2983
49  24  94.7363
49  25  169.396
50  1  -196.127
50  2  -106.765
50  3  -81.7799
50  4  -66.2218
50  5  -54.5665
50  6  -45.0145
50  7  -36.7578
50  8  -29.3673
50  9  -22.5911
50  10  -16.269
50  11  -10.2905
50  12  -4.56917
50  13  0.969979
50  14  6.40161
50  15  11.8051
50  16  17.2702
50  17  22.9024
50  18  28.8325
50  19  35.2341
50  20  42.3571
50  21  50.5986
50  22  60.6765
50  23  74.1506
50  24  95.7379
50  25  170.885
51  1  -197.41
51  2  -107.102
51  3  -81.8596
51  4  -66.1419
51  5  -54.3686
51  6  -44.7233
51  7  -36.3902
51  8  -28.9368
51  9  -22.1094
51  10  -15.7458
51  11  -9.73356
51  12  -3.98472
51  13  1.57796
51  14  7.03117
51  15  12.4563
51  16  17.9448
51  17  23.6032
51  18  29.5637
51  19  36.0011
51  20  43.1666
51  21  51.4598
51  22  61.6029
51  23  75.1651
51  24  96.8927
51  25  172.493
52  1  -198.396
52  2  -107.22
52  3  -81.7445
52  4  -65.8824
52  5  -54.0029
52  6  -44.2739
52  7  -35.873
52  8  -28.3651
52  9  -21.4937
52  10  -15.0957
52  11  -9.05722
52  12  -3.28792
52  13  2.29129
52  14  7.75934
52  15  13.1993
52  16  18.7039
52  17  24.3812
52  18  30.3643
52  19  36.8289
52  20  44.0274
52  21  52.3613
52  22  62.556
52  23  76.1884
52  24  98.0276
52  25  173.984
53  1  -199.237
53  2  -107.156
53  3  -81.4399
53  4  -65.4297
53  5  -53.4416
53  6  -43.6274
53  7  -35.1586
53  8  -27.5968
53  9  -20.6838
53  10  -14.2549
53  11  -8.19393
53  12  -2.40929
53  13  3.18142
53  14  8.65871
53  15  14.1077
53  16  19.6231
53  17  25.314
53  18  31.3143
53  19  37.8007
53  20  45.0266
53  21  53.3947
53  22  63.6335
53  23  77.3261
53  24  99.2612
53  25  175.518
54  1  -199.959
54  2  -106.878
54  3  -80.9012
54  4  -64.7311
54  5  -52.6263
54  6  -42.7217
54  7  -34.1818
54  8  -26.5653
54  9  -19.6122
54  10  -13.1561
54  11  -7.07815
54  12  -1.28424
54  13  4.31035
54  14  9.78918
54  15  15.2399
54  16  20.7585
54  17  26.4557
54  18  32.4663
54  19  38.9674
54  20  46.2132
54  21  54.6077
54  22  64.8814
54  23  78.6222
54  24  100.634
54  25  177.12
55  1  -200.473
55  2  -106.431
55  3  -80.2098
55  4  -63.89
55  5  -51.6766
55  6  -41.6892
55  7  -33.086
55  8  -25.4229
55  9  -18.4382
55  10  -11.9638
55  11  -5.87866
55  12  -0.08563
55  13  5.50307
55  14  10.9735
55  15  16.4158
55  16  21.9278
55  17  27.6211
55  18  33.6313
55  19  40.1358
55  20  47.3892
55  21  55.7957
55  22  66.0867
55  23  79.8524
55  24  101.904
55  25  178.491
56  1  -200.849
56  2  -105.839
56  3  -79.3779
56  4  -62.912
56  5  -50.5938
56  6  -40.5277
56  7  -31.8664
56  8  -24.1633
56  9  -17.1552
56  10  -10.6718
56  11  -4.58962
56  12  1.1915
56  13  6.76282
56  14  12.2138
56  15  17.6366
56  16  23.1307
56  17  28.809
56  18  34.8073
56  19  41.3033
56  20  48.5509
56  21  56.9543
56  22  67.2443
56  23  81.0104
56  24  103.062
56  25  179.611
57  1  -201.16
57  2  -105.054
57  3  -78.3298
57  4  -61.7051
57  5  -49.2743
57  6  -39.1254
57  7  -30.4061
57  8  -22.6674
57  9  -15.6444
57  10  -9.16419
57  11  -3.09999
57  12  2.65293
57  13  8.18968
57  14  13.6035
57  15  18.9895
57  16  24.4492
57  17  30.0959
57  18  36.0656
57  19  42.5357
57  20  49.7593
57  21  58.1388
57  22  68.4027
57  23  82.1359
57  24  104.134
57  25  180.451
58  1  -201.442
58  2  -104.185
58  3  -77.1943
58  4  -60.4103
58  5  -47.8684
58  6  -37.641
58  7  -28.8712
58  8  -21.1079
58  9  -14.084
58  10  -7.62371
58  11  -1.59556
58  12  4.10961
58  13  9.59253
58  14  14.9502
58  15  20.2808
58  16  25.6877
58  17  31.2843
58  18  37.207
58  19  43.6314
58  20  50.8088
58  21  59.1391
58  22  69.3458
58  23  83.0045
58  24  104.882
58  25  180.723
59  1  -201.798
59  2  -103.305
59  3  -76.0405
59  4  -59.0945
59  5  -46.4415
59  6  -36.14
59  7  -27.3281
59  8  -19.5529
59  9  -12.5455
59  10  -6.1251
59  11  -0.155201
59  12  5.48013
59  13  10.8869
59  14  16.1672
59  15  21.4219
59  16  26.7556
59  17  32.2824
59  18  38.1368
59  19  44.4931
59  20  51.5996
59  21  59.8517
59  22  69.9656
59  23  83.5012
59  24  105.179
59  25  180.259
60  1  -202.443
60  2  -102.423
60  3  -74.8337
60  4  -57.6978
60  5  -44.9182
60  6  -34.5376
60  7  -25.6901
60  8  -17.9202
60  9  -10.9546
60  10  -4.60654
60  11  1.26941
60  12  6.79771
60  13  12.0921
60  14  17.2599
60  15  22.4054
60  16  27.6336
60  17  33.0579
60  18  38.8112
60  19  45.0641
60  20  52.0605
60  21  60.1889
60  22  70.1533
60  23  83.4887
60  24  104.841
60  25  178.693
61  1  -203.753
61  2  -101.714
61  3  -73.7103
61  4  -56.334
61  5  -43.3998
61  6  -32.9314
61  7  -24.0585
61  8  -16.3211
61  9  -9.43825
61  10  -3.21082
61  11  2.51977
61  12  7.89041
61  13  13.0244
61  14  18.035
61  15  23.0286
61  16  28.1101
61  17  33.3911
61  18  39.0003
61  19  45.1031
61  20  51.9366
61  21  59.8785
61  22  69.6148
61  23  82.6419
61  24  103.488
61  25  175.44
62  1  -206.791
62  2  -101.543
62  3  -72.8913
62  4  -55.1421
62  5  -41.9771
62  6  -31.3941
62  7  -22.5136
62  8  -14.8626
62  9  -8.13955
62  10  -2.12145
62  11  3.37407
62  12  8.50303
62  13  13.4002
62  14  18.184
62  15  22.9611
62  16  27.8335
62  17  32.907
62  18  38.3035
62  19  44.1805
62  20  50.763
62  21  58.4121
62  22  67.7843
62  23  80.3129
62  24  100.336
62  25  169.171
63  1  -213.681
63  2  -102.879
63  3  -73.0908
63  4  -54.6916
63  5  -41.1461
63  6  -30.4071
63  7  -21.5631
63  8  -14.0969
63  9  -7.65408
63  10  -1.96116
63  11  3.20087
63  12  8.0095
63  13  12.6079
63  14  17.1134
63  15  21.6266
63  16  26.241
63  17  31.0525
63  18  36.1722
63  19  41.7446
63  20  47.9788
63  21  55.2107
63  22  64.0531
63  23  75.8447
63  24  94.6357
63  25  158.739
64  1  -228.787
64  2  -107.329
64  3  -75.2897
64  4  -55.6421
64  5  -41.4708
64  6  -30.5924
64  7  -21.947
64  8  -14.8628
64  9  -8.86189
64  10  -3.59546
64  11  1.18778
64  12  5.66887
64  13  9.98034
64  14  14.2239
64  15  18.484
64  16  22.839
64  17  27.3707
64  18  32.1766
64  19  37.3853
64  20  43.1837
64  21  49.875
64  22  58.0121
64  23  68.802
64  24  85.8879
64  25  143.292
65  1  -242.966
65  2  -109.709
65  3  -75.5165
65  4  -55.2419
65  5  -41.4006
65  6  -31.3137
65  7  -23.5301
65  8  -17.1746
65  9  -11.7136
65  10  -6.82012
65  11  -2.28815
65  12  2.01755
65  13  6.19303
65  14  10.313
65  15  14.4425
65  16  18.6449
65  17  22.9905
65  18  27.5643
65  19  32.4813
65  20  37.9084
65  21  44.1173
65  22  51.6011
65  23  61.4354
65  24  76.8532
65  25  127.469
66  1  -183.869
66  2  -77.4309
66  3  -54.6772
66  4  -43.3744
66  5  -35.894
66  6  -29.8646
66  7  -24.4941
66  8  -19.5062
66  9  -14.7873
66  10  -10.2744
66  11  -5.92054
66  12  -1.68441
66  13  2.47414
66  14  6.59594
66  15  10.7247
66  16  14.9102
66  17  19.2117
66  18  23.7047
66  19  28.4924
66  20  33.7276
66  21  39.6567
66  22  46.7279
66  23  55.9161
66  24  70.1393
66  25  115.559
67  1  -26.5301
67  2  -6.20558
67  3  -14.2549
67  4  -22.7792
67  5  -26.9142
67  6  -27.2755
67  7  -25.3231
67  8  -22.1196
67  9  -18.287
67  10  -14.1621
67  11  -9.91735
67  12  -5.63562
67  13  -1.34854
67  14  2.94232
67  15  7.25445
67  16  11.62
67  17  16.0863
67  18  20.7196
67  19  25.6134
67  20  30.909
67  21  36.8356
67  22  43.8107
67  23  52.7403
67  24  66.3276
67  25  108.323
68  1  57.0202
68  2  31.6588
68  3  8.6663
68  4  -11.4398
68  5  -23.8551
68  6  -29.426
68  7  -30.4218
68  8  -28.6942
68  9  -25.4306
68  10  -21.3289
68  11  -16.785
68  12  -12.0167
68  13  -7.13855
68  14  -2.20355
68  15  2.77351
68  16  7.80453
68  17  12.9229
68  18  18.1848
68  19  23.6758
68  20  29.5286
68  21  35.9608
68  22  43.3708
68  23  52.6217
68  24  66.2809
68  25  106.521
69  1  77.3807
69  2  37.2967
69  3  2.03093
69  4  -32.4366
69  5  -57.1241
69  6  -70.6665
69  7  -75.4367
69  8  -74.2977
69  9  -69.4667
69  10  -62.4249
69  11  -54.1016
69  12  -45.0624
69  13  -35.6453
69  14  -26.0449
69  15  -16.3663
69  16  -6.65452
69  17  3.08713
69  18  12.8919
69  19  22.8304
69  20  33.0246
69  21  43.6823
69  22  55.1885
69  23  68.3781
69  24  85.7259
69  25  128.247
70  1  75.4585
70  2  35.9921
70  3  0.773063
70  4  -35.6885
70  5  -63.5452
70  6  -79.9023
70  7  -86.3551
70  8  -85.7407
70  9  -80.5632
70  10  -72.6204
70  11  -63.092
70  12  -52.7166
70  13  -41.9417
70  14  -31.0289
70  15  -20.121
70  16  -9.28362
70  17  1.47201
70  18  12.1768
70  19  22.9036
70  20  33.7772
70  21  45.0091
70  22  56.985
70  23  70.5311
70  24  88.0762
70  25  129.921
71  1  66.8704
71  2  32.0012
71  3  0.881657
71  4  -32.7909
71  5  -59.8124
71  6  -76.6005
71  7  -83.8948
71  8  -84.0642
71  9  -79.4724
71  10  -71.9304
71  11  -62.6736
71  12  -52.4943
71  13  -41.8797
71  14  -31.1162
71  15  -20.3606
71  16  -9.68488
71  17  0.897785
71  18  11.4193
71  19  21.9551
71  20  32.6339
71  21  43.6704
71  22  55.4521
71  23  68.803
71  24  86.1241
71  25  127.173
72  1  63.594
72  2  33.1552
72  3  6.14286
72  4  -24.0257
72  5  -49.2227
72  6  -65.7501
72  7  -73.7232
72  8  -74.9817
72  9  -71.5945
72  10  -65.2457
72  11  -57.1282
72  12  -48.0274
72  13  -38.4355
72  14  -28.646
72  15  -18.822
72  16  -9.03928
72  17  0.686318
72  18  10.3861
72  19  20.1358
72  20  30.0662
72  21  40.3953
72  22  51.5157
72  23  64.2569
72  24  81.0165
72  25  121.171
73  1  63.1045
73  2  36.5891
73  3  12.9029
73  4  -14.4492
73  5  -38.2205
73  6  -54.7028
73  7  -63.5259
73  8  -66.0558
73  9  -64.0625
73  10  -59.0828
73  11  -52.2521
73  12  -44.341
73  13  -35.8456
73  14  -27.0691
73  15  -18.1855
73  16  -9.28
73  17  -0.376277
73  18  8.55109
73  19  17.5744
73  20  26.8225
73  21  36.5149
73  22  47.0493
73  23  59.2667
73  24  75.5831
73  25  115.143
74  1  61.7211
74  2  39.0907
74  3  18.505
74  4  -6.19163
74  5  -28.5019
74  6  -44.7695
74  7  -54.2446
74  8  -57.8737
74  9  -57.1375
74  10  -53.4156
74  11  -47.7745
74  12  -40.9617
74  13  -33.4724
74  14  -25.6173
74  15  -17.581
74  16  -9.45866
74  17  -1.28285
74  18  6.96454
74  19  15.3496
74  20  23.9978
74  21  33.1281
74  22  43.1422
74  23  54.8951
74  24  70.8391
74  25  110.011
75  1  60.6639
75  2  41.2879
75  3  22.9965
75  4  0.197332
75  5  -21.0946
75  6  -37.2608
75  7  -47.2847
75  8  -51.804
75  9  -52.0781
75  10  -49.362
75  11  -44.6651
75  12  -38.7171
75  13  -32.0115
75  14  -24.8672
75  15  -17.4772
75  16  -9.94716
75  17  -2.31769
75  18  5.42165
75  19  13.3313
75  20  21.532
75  21  30.2396
75  22  39.8571
75  23  51.2494
75  24  66.9057
75  25  105.873
76  1  59.7811
76  2  43.386
76  3  26.9212
76  4  5.57647
76  5  -14.9702
76  6  -31.1249
76  7  -41.6637
76  8  -46.9761
76  9  -48.1377
76  10  -46.2983
76  11  -42.4196
76  12  -37.2147
76  13  -31.1784
76  14  -24.6357
76  15  -17.789
76  16  -10.7529
76  17  -3.5766
76  18  3.74371
76  19  11.2615
76  20  19.0926
76  21  27.4489
76  22  36.7317
76  23  47.8104
76  24  63.2057
76  25  102.053
77  1  58.9598
77  2  45.2379
77  3  30.1905
77  4  9.93613
77  5  -10.0822
77  6  -26.289
77  7  -37.299
77  8  -43.3044
77  9  -45.2316
77  10  -44.144
77  11  -40.9628
77  12  -36.3886
77  13  -30.9163
77  14  -24.8778
77  15  -18.4841
77  16  -11.8573
77  17  -5.05442
77  18  1.92101
77  19  9.11765
77  20  16.6454
77  21  24.7117
77  22  33.7142
77  23  44.5219
77  24  59.6757
77  25  98.4436
78  1  37.222
78  2  26.0863
78  3  12.8615
78  4  -5.45523
78  5  -23.7706
78  6  -38.717
78  7  -48.9228
78  8  -54.4904
78  9  -56.2351
78  10  -55.1303
78  11  -52.0332
78  12  -47.6029
78  13  -42.3088
78  14  -36.4672
78  15  -30.2792
78  16  -23.8617
78  17  -17.269
78  18  -10.5025
78  19  -3.51374
78  20  3.80638
78  21  11.6644
78  22  20.455
78  23  31.046
78  24  45.9868
78  25  84.684
79  1  35.5353
79  2  26.4847
79  3  14.0657
79  4  -3.70349
79  5  -21.8441
79  6  -36.9859
79  7  -47.6478
79  8  -53.8008
79  9  -56.1621
79  10  -55.6474
79  11  -53.0885
79  12  -49.1377
79  13  -44.2675
79  14  -38.8001
79  15  -32.9444
79  16  -26.8244
79  17  -20.5005
79  18  -13.98
79  19  -7.21976
79  20  -0.114816
79  21  7.536
79  22  16.1227
79  23  26.5063
79  24  41.2334
79  25  79.8354
80  1  70.895
80  2  63.1733
80  3  49.8588
80  4  30.161
80  5  9.32403
80  6  -8.87992
80  7  -22.5823
80  8  -31.4952
80  9  -36.2199
80  10  -37.6594
80  11  -36.6843
80  12  -34.0067
80  13  -30.1573
80  14  -25.5112
80  15  -20.3205
80  16  -14.7438
80  17  -8.86825
80  18  -2.72275
80  19  3.71894
80  20  10.5485
80  21  17.955
80  22  26.3176
80  23  36.4849
80  24  50.9886
80  25  89.4485
81  1  72.1076
81  2  65.9909
81  3  53.1688
81  4  33.7633
81  5  12.9422
81  6  -5.51647
81  7  -19.6606
81  8  -29.1032
81  9  -34.3695
81  10  -36.3179
81  11  -35.8007
81  12  -33.5257
81  13  -30.0278
81  14  -25.6879
81  15  -20.7656
81  16  -15.4261
81  17  -9.76264
81  18  -3.80903
81  19  2.45617
81  20  9.12041
81  21  16.3683
81  22  24.5731
81  23  34.5753
81  24  48.8886
81  25  87.1712
82  1  73.7715
82  2  69.1802
82  3  56.7689
82  4  37.5705
82  5  16.6895
82  6  -2.08246
82  7  -16.7109
82  8  -26.7128
82  9  -32.5407
82  10  -35.0119
82  11  -34.9615
82  12  -33.0947
82  13  -29.9507
82  14  -25.918
82  15  -21.2636
82  16  -16.1599
82  17  -10.706
82  18  -4.94177
82  19  1.15027
82  20  7.6522
82  21  14.7447
82  22  22.7948
82  23  32.6327
82  24  46.749
82  25  84.7819
83  1  75.4215
83  2  72.0698
83  3  59.9571
83  4  40.8808
83  5  19.8986
83  6  0.819622
83  7  -14.2518
83  8  -24.7528
83  9  -31.076
83  10  -34.0049
83  11  -34.3614
83  12  -32.8487
83  13  -30.0106
83  14  -26.2428
83  15  -21.8183
83  16  -16.9162
83  17  -11.6415
83  18  -6.0383
83  19  -0.0937895
83  20  6.27079
83  21  13.2314
83  22  21.1498
83  23  30.8467
83  24  44.7881
83  25  82.5342
84  1  77.0824
84  2  74.8009
84  3  62.9219
84  4  43.9142
84  5  22.8011
84  6  3.41046
84  7  -12.0891
84  8  -23.0629
84  9  -29.851
84  10  -33.2069
84  11  -33.9413
84  12  -32.7566
84  13  -30.2015
84  14  -26.6772
84  15  -22.4642
84  16  -17.7471
84  17  -12.6364
84  18  -7.18008
84  19  -1.36996
84  20  4.86935
84  21  11.7095
84  22  19.5077
84  23  29.075
84  24  42.8516
84  25  80.266
85  1  78.8669
85  2  77.5801
85  3  65.8969
85  4  46.9171
85  5  25.6369
85  6  5.90669
85  7  -10.0399
85  8  -21.4996
85  9  -28.7611
85  10  -32.5495
85  11  -33.665
85  12  -32.8104
85  13  -30.5387
85  14  -27.2588
85  15  -23.2569
85  16  -18.7242
85  17  -13.7761
85  18  -8.46606
85  19  -2.789
85  20  3.32603
85  21  10.0472
85  22  17.7259
85  23  27.1635
85  24  40.772
85  25  77.7856
86  1  80.6372
86  2  80.2055
86  3  68.6723
86  4  49.6825
86  5  28.2136
86  6  8.14172
86  7  -8.23983
86  8  -20.1646
86  9  -27.8748
86  10  -32.0714
86  11  -33.5454
86  12  -33.0001
86  13  -30.9939
86  14  -27.9416
86  15  -24.1362
86  16  -19.7749
86  17  -14.9781
86  18  -9.80322
86  19  -4.24959
86  20  1.75062
86  21  8.36176
86  22  15.9296
86  23  25.2466
86  24  38.6957
86  25  75.2718
87  1  82.4094
87  2  82.726
87  3  71.307
87  4  52.2757
87  5  30.5985
87  6  10.1792
87  7  -6.6317
87  8  -19.0089
87  9  -27.1526
87  10  -31.7413
87  11  -33.5585
87  12  -33.3084
87  13  -31.555
87  14  -28.719
87  15  -25.1004
87  16  -20.9014
87  17  -16.2476
87  18  -11.2005
87  19  -5.76309
87  20  0.12896
87  21  6.6359
87  22  14.0993
87  23  23.3015
87  24  36.5975
87  25  72.7031
88  1  84.0249
88  2  84.9467
88  3  73.606
88  4  54.5134
88  5  32.6316
88  6  11.8906
88  7  -5.30852
88  8  -18.0894
88  9  -26.6174
88  10  -31.5521
88  11  -33.6712
88  12  -33.6805
88  13  -32.1484
88  14  -29.5018
88  15  -26.0459
88  16  -21.9883
88  17  -17.4587
88  18  -12.5229
88  19  -7.18647
88  20  -1.38847
88  21  5.02836
88  22  12.4009
88  23  21.5031
88  24  34.6641
88  25  70.3178
89  1  85.7505
89  2  87.2519
89  3  75.9717
89  4  56.7926
89  5  34.6778
89  6  13.5878
89  7  -4.02351
89  8  -17.2291
89  9  -26.1584
89  10  -31.4531
89  11  -33.8854
89  12  -34.1629
89  13  -32.8594
89  14  -30.408
89  15  -27.1197
89  16  -23.2074
89  17  -18.8057
89  18  -13.9837
89  19  -8.75082
89  20  -3.04917
89  21  3.27505
89  22  10.5542
89  23  19.5534
89  24  32.5745
89  25  67.7269
90  1  87.4725
90  2  89.4972
90  3  78.2569
90  4  58.9726
90  5  36.6117
90  6  15.1677
90  7  -2.85453
90  8  -16.4792
90  9  -25.8021
90  10  -31.4484
90  11  -34.1856
90  12  -34.7238
90  13  -33.6421
90  14  -31.3796
90  15  -28.2533
90  16  -24.4815
90  17  -20.2029
90  18  -15.4907
90  19  -10.3576
90  20  -4.74865
90  21  1.48652
90  22  8.67562
90  23  17.5756
90  24  30.4602
90  25  65.0976
91  1  89.1475
91  2  91.6385
91  3  80.4202
91  4  61.0168
91  5  38.4047
91  6  16.6105
91  7  -1.81183
91  8  -15.841
91  9  -25.5417
91  10  -31.5243
91  11  -34.5525
91  12  -35.3391
91  13  -34.4682
91  14  -32.385
91  15  -29.4124
91  16  -25.7735
91  17  -21.6115
91  18  -17.003
91  19  -11.9639
91  20  -6.44242
91  21  -0.291278
91  22  6.81282
91  23  15.6183
91  24  28.3733
91  25  62.4993
92  1  90.7854
92  2  93.6992
92  3  82.4883
92  4  62.9545
92  5  40.0861
92  6  17.9437
92  7  -0.871425
92  8  -15.2943
92  9  -25.3613
92  10  -31.6687
92  11  -34.9773
92  12  -36.0026
92  13  -35.3339
92  14  -33.4227
92  15  -30.5972
92  16  -27.0855
92  17  -23.0347
92  18  -18.5253
92  19  -13.5759
92  20  -8.13814
92  21  -2.06711
92  22  4.95571
92  23  13.6712
92  24  26.3014
92  25  59.9199
93  1  92.4334
93  2  95.7462
93  3  84.5304
93  4  64.8524
93  5  41.7161
93  6  19.217
93  7  0.00471866
93  8  -14.8138
93  9  -25.247
93  10  -31.8784
93  11  -35.466
93  12  -36.7284
93  13  -36.2605
93  14  -34.5198
93  15  -31.8398
93  16  -28.4538
93  17  -24.5129
93  18  -20.1013
93  19  -15.2406
93  20  -9.88502
93  21  -3.89325
93  22  3.04973
93  23  11.676
93  24  24.1825
93  25  57.2852
94  1  93.9532
94  2  97.6148
94  3  86.3842
94  4  66.5631
94  5  43.1711
94  6  20.3377
94  7  0.75638
94  8  -14.4271
94  9  -25.1971
94  10  -32.1254
94  11  -35.9682
94  12  -37.4473
94  13  -37.1627
94  14  -35.5771
94  15  -33.0297
94  16  -29.758
94  17  -25.9173
94  18  -21.5943
94  19  -16.814
94  20  -11.533
94  21  -5.61306
94  22  1.25705
94  23  9.80226
94  24  22.196
94  25  54.8197
95  1  95.5428
95  2  99.5526
95  3  88.2975
95  4  68.3163
95  5  44.6483
95  6  21.4596
95  7  1.48973
95  8  -14.0765
95  9  -25.1981
95  10  -32.4357
95  11  -36.5442
95  12  -38.2483
95  13  -38.1536
95  14  -36.7289
95  15  -34.3189
95  16  -31.1654
95  17  -27.4278
95  18  -23.1965
95  19  -18.4993
95  20  -13.2955
95  21  -7.44963
95  22  -0.654722
95  23  7.80671
95  24  20.0838
95  25  52.2045
96  1  97.1388
96  2  101.485
96  3  90.1958
96  4  70.0445
96  5  46.0911
96  6  22.5396
96  7  2.17597
96  8  -13.7761
96  9  -25.2508
96  10  -32.7988
96  11  -37.1727
96  12  -39.1017
96  13  -39.1967
96  14  -37.9323
96  15  -35.659
96  16  -32.6234
96  17  -28.9884
96  18  -24.8484
96  19  -20.2338
96  20  -15.1065
96  21  -9.33422
96  22  -2.61408
96  23  5.76401
96  24  17.9246
96  25  49.5392
97  1  98.8124
97  2  103.498
97  3  92.1652
97  4  71.8255
97  5  47.564
97  6  23.6258
97  7  2.84514
97  8  -13.5133
97  9  -25.3595
97  10  -33.2323
97  11  -37.8844
97  12  -40.0484
97  13  -40.3414
97  14  -39.2445
97  15  -37.1136
97  16  -34.2005
97  17  -30.6727
97  18  -26.6274
97  19  -22.0985
97  20  -17.0509
97  21  -11.3553
97  22  -4.71264
97  23  3.57857
97  24  15.618
97  25  46.7013
98  1  100.285
98  2  105.261
98  3  93.8824
98  4  73.3694
98  5  48.8295
98  6  24.5455
98  7  3.39412
98  8  -13.3244
98  9  -25.4981
98  10  -33.6576
98  11  -38.5544
98  12  -40.9248
98  13  -41.3917
98  14  -40.4415
98  15  -38.4357
98  16  -35.63
98  17  -32.1959
98  18  -28.2335
98  19  -23.7795
98  20  -18.8017
98  21  -13.1729
98  22  -6.59827
98  23  1.61714
98  24  13.5504
98  25  44.1659
99  1  101.924
99  2  107.213
99  3  95.7775
99  4  75.0632
99  5  50.2061
99  6  25.5308
99  7  3.96287
99  8  -13.1588
99  9  -25.6988
99  10  -34.1777
99  11  -39.347
99  12  -41.9473
99  13  -42.6073
99  14  -41.8204
99  15  -39.9532
99  16  -37.2666
99  17  -33.9363
99  18  -30.066
99  19  -25.6954
99  20  -20.7944
99  21  -15.2399
99  22  -8.74038
99  23  -0.609076
99  24  11.2067
99  25  41.3023
100  1  103.545
100  2  109.138
100  3  97.6383
100  4  76.7171
100  5  51.5381
100  6  26.4694
100  7  4.48433
100  8  -13.0396
100  9  -25.944
100  10  -34.7404
100  11  -40.18
100  12  -43.0079
100  13  -43.8594
100  14  -43.2339
100  15  -41.5038
100  16  -38.9351
100  17  -35.7073
100  18  -31.9278
100  19  -27.6391
100  20  -22.8143
100  21  -17.3329
100  22  -10.9077
100  23  -2.85919
100  24  8.84034
100  25  38.4224
101  1  105.156
101  2  111.044
101  3  99.4745
101  4  78.3397
101  5  52.8333
101  6  27.3674
101  7  4.9629
101  8  -12.9641
101  9  -26.2327
101  10  -35.3461
101  11  -41.0553
101  12  -44.1102
101  13  -45.1524
101  14  -44.6874
101  15  -43.0936
101  16  -40.6419
101  17  -37.516
101  18  -33.8265
101  19  -29.6192
101  20  -24.8699
101  21  -19.4612
101  22  -13.1096
101  23  -5.14341
101  24  6.44107
101  25  35.5139
102  1  106.889
102  2  113.087
102  3  101.437
102  4  80.0641
102  5  54.1972
102  6  28.2964
102  7  5.43525
102  8  -12.9295
102  9  -26.5935
102  10  -36.0498
102  11  -42.0505
102  12  -45.3504
102  13  -46.5983
102  14  -46.3065
102  15  -44.8598
102  16  -42.5342
102  17  -39.5178
102  18  -35.9254
102  19  -31.8058
102  20  -27.1379
102  21  -21.8071
102  22  -15.5345
102  23  -7.65704
102  24  3.80403
102  25  32.3303
103  1  108.542
103  2  115.03
103  3  103.296
103  4  81.6888
103  5  55.4702
103  6  29.1479
103  7  5.84543
103  8  -12.9414
103  9  -26.985
103  10  -36.7708
103  11  -43.0509
103  12  -46.586
103  13  -48.0308
103  14  -47.9049
103  15  -46.5987
103  16  -44.3936
103  17  -41.4823
103  18  -37.9826
103  19  -33.9466
103  20  -29.356
103  21  -24.0997
103  22  -17.9029
103  23  -10.1097
103  24  1.23329
103  25  29.2398
104  1  110.117
104  2  116.878
104  3  105.058
104  4  83.2211
104  5  56.6601
104  6  29.9291
104  7  6.20033
104  8  -12.9928
104  9  -27.402
104  10  -37.5043
104  11  -44.0529
104  12  -47.8131
104  13  -49.4467
104  14  -49.4798
104  15  -48.3081
104  16  -46.2186
104  17  -43.4075
104  18  -39.9964
104  19  -36.0405
104  20  -31.5242
104  21  -26.339
104  22  -20.2144
104  23  -12.5018
104  24  -1.27124
104  25  26.2411
105  1  111.784
105  2  118.827
105  3  106.913
105  4  84.8251
105  5  57.8941
105  6  30.7237
105  7  6.53801
105  8  -13.0902
105  9  -27.8895
105  10  -38.3296
105  11  -45.1642
105  12  -49.1645
105  13  -50.9992
105  14  -51.2013
105  15  -50.1729
105  16  -48.206
105  17  -45.5016
105  18  -42.1847
105  19  -38.3137
105  20  -33.8761
105  21  -28.7665
105  22  -22.7185
105  23  -15.0915
105  24  -3.98006
105  25  23.0108
106  1  113.416
106  2  120.732
106  3  108.719
106  4  86.3793
106  5  59.0784
106  6  31.4703
106  7  6.831
106  8  -13.2282
106  9  -28.4138
106  10  -39.1877
106  11  -46.3048
106  12  -50.5422
106  13  -52.5753
106  14  -52.9439
106  15  -52.0567
106  16  -50.2107
106  17  -47.6111
106  18  -44.387
106  19  -40.5997
106  20  -36.2396
106  21  -31.2043
106  22  -25.2317
106  23  -17.6888
106  24  -6.69427
106  25  19.7877
107  1  115.139
107  2  122.738
107  3  110.616
107  4  88.0025
107  5  60.3029
107  6  32.2251
107  7  7.09958
107  8  -13.4203
107  9  -29.0183
107  10  -40.148
107  11  -47.5664
107  12  -52.0562
107  13  -54.3003
107  14  -54.8462
107  15  -54.1093
107  16  -52.3918
107  17  -49.9038
107  18  -46.7783
107  19  -43.0798
107  20  -38.8019
107  21  -33.8456
107  22  -27.9528
107  23  -20.4993
107  24  -9.62846
107  25  16.3182
108  1  116.867
108  2  124.746
108  3  112.51
108  4  89.6141
108  5  61.5058
108  6  32.9481
108  7  7.32736
108  8  -13.6613
108  9  -29.6781
108  10  -41.1693
108  11  -48.8932
108  12  -53.6386
108  13  -56.0968
108  14  -56.8223
108  15  -56.2373
108  16  -54.65
108  17  -52.275
108  18  -49.2491
108  19  -45.6404
108  20  -41.4455
108  21  -36.5691
108  22  -30.757
108  23  -23.3935
108  24  -12.6472
108  25  12.7636
109  1  118.626
109  2  126.786
109  3  114.428
109  4  91.2367
109  5  62.7032
109  6  33.6475
109  7  7.51398
109  8  -13.9589
109  9  -30.4082
109  10  -42.2721
109  11  -50.3108
109  12  -55.3198
109  13  -57.998
109  14  -58.9084
109  15  -58.4798
109  16  -57.0263
109  17  -54.7673
109  18  -51.8439
109  19  -48.3275
109  20  -44.218
109  21  -39.4234
109  22  -33.6942
109  23  -26.423
109  24  -15.8043
109  25  9.06265
110  1  120.301
110  2  128.725
110  3  116.246
110  4  92.7666
110  5  63.8195
110  6  34.281
110  7  7.65138
110  8  -14.2897
110  9  -31.1565
110  10  -43.3799
110  11  -51.722
110  12  -56.9848
110  13  -59.8754
110  14  -60.9636
110  15  -60.6856
110  16  -59.3606
110  17  -57.2133
110  18  -54.3884
110  19  -50.9608
110  20  -46.9334
110  21  -42.2173
110  22  -36.5679
110  23  -29.385
110  24  -18.8883
110  25  5.46218
111  1  122.026
111  2  130.718
111  3  118.108
111  4  94.3245
111  5  64.9425
111  6  34.8973
111  7  7.74804
111  8  -14.6825
111  9  -31.9856
111  10  -44.5844
111  11  -53.2431
111  12  -58.7708
111  13  -61.8824
111  14  -63.1562
111  15  -63.035
111  16  -61.8442
111  17  -59.8131
111  18  -57.0907
111  19  -53.7554
111  20  -49.8134
111  21  -45.1793
111  22  -39.6125
111  23  -32.5215
111  24  -22.1514
111  25  1.66881
112  1  123.857
112  2  132.83
112  3  120.077
112  4  95.9612
112  5  66.1066
112  6  35.5123
112  7  7.8008
112  8  -15.1591
112  9  -32.9332
112  10  -45.9369
112  11  -54.9372
112  12  -60.7503
112  13  -64.1005
112  14  -65.574
112  15  -65.6217
112  16  -64.5753
112  17  -62.6693
112  18  -60.0571
112  19  -56.8212
112  20  -52.9709
112  21  -48.4247
112  22  -42.9468
112  23  -35.9546
112  24  -25.7196
112  25  -2.4614
113  1  125.476
113  2  134.695
113  3  121.81
113  4  97.3926
113  5  67.1105
113  6  36.0204
113  7  7.8021
113  8  -15.6343
113  9  -33.8322
113  10  -47.2
113  11  -56.5071
113  12  -62.5767
113  13  -66.1407
113  14  -67.7937
113  15  -67.9927
113  16  -67.0758
113  17  -65.2822
113  18  -62.769
113  19  -59.6219
113  20  -55.8541
113  21  -51.3866
113  22  -45.9884
113  23  -39.0843
113  24  -28.9699
113  25  -6.20799
114  1  127.169
114  2  136.64
114  3  123.613
114  4  98.8727
114  5  68.1342
114  6  36.5159
114  7  7.75813
114  8  -16.1848
114  9  -34.833
114  10  -48.5875
114  11  -58.2203
114  12  -64.5619
114  13  -68.3529
114  14  -70.196
114  15  -70.5558
114  16  -69.7761
114  17  -68.1012
114  18  -65.693
114  19  -62.6402
114  20  -58.9593
114  21  -54.5752
114  22  -49.2612
114  23  -42.4503
114  24  -32.4632
114  25  -10.2188
115  1  128.916
115  2  138.645
115  3  125.466
115  4  100.383
115  5  69.1625
115  6  36.987
115  7  7.66102
115  8  -16.815
115  9  -35.9366
115  10  -50.0975
115  11  -60.0726
115  12  -66.6998
115  13  -70.7292
115  14  -72.7719
115  15  -73.3001
115  16  -72.6646
115  17  -71.1144
115  18  -68.8159
115  19  -65.862
115  20  -62.2724
115  21  -57.9756
115  22  -52.7498
115  23  -46.0364
115  24  -36.1817
115  25  -14.471
116  1  130.719
116  2  140.712
116  3  127.369
116  4  101.924
116  5  70.193
116  6  37.4289
116  7  7.50329
116  8  -17.5349
116  9  -37.1553
116  10  -51.7441
116  11  -62.0793
116  12  -69.0072
116  13  -73.2871
116  14  -75.5398
116  15  -76.2453
116  16  -75.7611
116  17  -74.3419
116  18  -72.1589
116  19  -69.3088
116  20  -65.815
116  21  -61.61
116  22  -56.4765
116  23  -49.8651
116  24  -40.1488
116  25  -18.9887
117  1  132.302
117  2  142.523
117  3  129.033
117  4  103.26
117  5  71.0703
117  6  37.7777
117  7  7.31409
117  8  -18.2278
117  9  -38.2951
117  10  -53.267
117  11  -63.9246
117  12  -71.1214
117  13  -75.6257
117  14  -78.066
117  15  -78.9299
117  16  -78.5809
117  17  -77.2788
117  18  -75.199
117  19  -72.4415
117  20  -69.0335
117  21  -64.9101
117  22  -59.8591
117  23  -53.3387
117  24  -43.7451
117  25  -23.0683
118  1  133.974
118  2  144.435
118  3  130.783
118  4  104.655
118  5  71.9687
118  6  38.1045
118  7  7.05982
118  8  -19.0259
118  9  -39.5752
118  10  -54.9604
118  11  -65.9656
118  12  -73.4524
118  13  -78.1983
118  14  -80.8408
118  15  -81.8754
118  16  -81.672
118  17  -80.4962
118  18  -78.5273
118  19  -75.8697
118  20  -72.5535
118  21  -68.5182
118  22  -63.5558
118  23  -57.1329
118  24  -47.6709
118  25  -27.5053
119  1  135.662
119  2  146.362
119  3  132.54
119  4  106.045
119  5  72.844
119  6  38.3886
119  7  6.74364
119  8  -19.9039
119  9  -40.9507
119  10  -56.7622
119  11  -68.1258
119  12  -75.9114
119  13  -80.9064
119  14  -83.7573
119  15  -84.9678
119  16  -84.9145
119  17  -83.8685
119  18  -82.0138
119  19  -79.459
119  20  -76.2375
119  21  -72.2928
119  22  -67.4212
119  23  -61.0986
119  24  -51.7714
119  25  -32.1221
120  1  137.242
120  2  148.163
120  3  134.178
120  4  107.329
120  5  73.6332
120  6  38.6106
120  7  6.38968
120  8  -20.7961
120  9  -42.3196
120  10  -58.5393
120  11  -70.2462
120  12  -78.3179
120  13  -83.5509
120  14  -86.6014
120  15  -87.9799
120  16  -88.0701
120  17  -87.1482
120  18  -85.403
120  19  -82.9461
120  20  -79.8152
120  21  -75.9569
120  22  -71.1722
120  23  -64.9453
120  24  -55.7458
120  25  -36.581
121  1  138.894
121  2  150.046
121  3  135.883
121  4  108.652
121  5  74.4251
121  6  38.793
121  7  5.95363
121  8  -21.8099
121  9  -43.8449
121  10  -60.5024
121  11  -72.5771
121  12  -80.9555
121  13  -86.4439
121  14  -89.7078
121  15  -91.2667
121  16  -91.5105
121  17  -90.7215
121  18  -89.0932
121  19  -86.7416
121  20  -83.7074
121  21  -79.9415
121  22  -75.2498
121  23  -69.1248
121  24  -60.0615
121  25  -41.4056
122  1  140.55
122  2  151.929
122  3  137.583
122  4  109.959
122  5  75.1856
122  6  38.9273
122  7  5.45337
122  8  -22.9025
122  9  -45.4618
122  10  -62.5679
122  11  -75.0195
122  12  -83.7119
122  13  -89.4619
122  14  -92.9446
122  15  -94.6878
122  16  -95.0888
122  17  -94.4358
122  18  -92.9271
122  19  -90.6828
122  20  -87.7477
122  21  -84.076
122  22  -79.4793
122  23  -73.458
122  24  -64.5332
122  25  -46.3873
123  1  142.23
123  2  153.84
123  3  139.3
123  4  111.263
123  5  75.9167
123  6  39.0023
123  7  4.86384
123  8  -24.1122
123  9  -47.2201
123  10  -64.7954
123  11  -77.641
123  12  -86.6618
123  13  -92.6851
123  14  -96.3962
123  15  -98.3321
123  16  -98.8974
123  17  -98.3866
123  18  -97.0026
123  19  -94.8705
123  20  -92.0386
123  21  -88.4655
123  22  -83.9676
123  23  -78.0546
123  24  -69.2735
123  25  -51.6495
124  1  143.907
124  2  155.746
124  3  141.005
124  4  112.542
124  5  76.6042
124  6  39.014
124  7  4.19142
124  8  -25.4229
124  9  -49.0951
124  10  -67.153
124  11  -80.4038
124  12  -89.7622
124  13  -96.0662
124  14  -100.012
124  15  -102.146
124  16  -102.88
124  17  -102.515
124  18  -101.259
124  19  -99.2421
124  20  -96.5162
124  21  -93.0443
124  22  -88.6474
124  23  -82.8454
124  24  -74.2109
124  25  -57.1114
125  1  145.69
125  2  157.772
125  3  142.808
125  4  113.875
125  5  77.2856
125  6  38.9509
125  7  3.37511
125  8  -26.9415
125  9  -51.2342
125  10  -69.8229
125  11  -83.5192
125  12  -93.2483
125  13  -99.861
125  14  -104.065
125  15  -106.416
125  16  -107.335
125  17  -107.13
125  18  -106.015
125  19  -104.124
125  20  -101.515
125  21  -98.1534
125  22  -93.8677
125  23  -88.1869
125  24  -79.7121
125  25  -63.176
126  1  147.555
126  2  159.889
126  3  144.681
126  4  115.235
126  5  77.9375
126  6  38.7932
126  7  2.39892
126  8  -28.6806
126  9  -53.6471
126  10  -72.8117
126  11  -86.9913
126  12  -97.1227
126  13  -104.07
126  14  -108.554
126  15  -111.141
126  16  -112.261
126  17  -112.229
126  18  -111.266
126  19  -109.512
126  20  -107.028
126  21  -103.787
126  22  -99.6213
126  23  -94.0713
126  24  -85.7687
126  25  -69.8283
127  1  149.457
127  2  162.049
127  3  146.579
127  4  116.586
127  5  78.5316
127  6  38.5243
127  7  1.25745
127  8  -30.6344
127  9  -56.3185
127  10  -76.0962
127  11  -90.7902
127  12  -101.35
127  13  -108.653
127  14  -113.434
127  15  -116.272
127  16  -117.605
127  17  -117.758
127  18  -116.957
127  19  -115.348
127  20  -112.998
127  21  -109.884
127  22  -105.845
127  23  -100.434
127  24  -92.3129
127  25  -76.99
128  1  151.695
128  2  164.591
128  3  148.793
128  4  118.119
128  5  79.1262
128  6  38.0482
128  7  -0.299686
128  8  -33.1983
128  9  -59.7712
128  10  -80.308
128  11  -95.6386
128  12  -106.728
128  13  -114.472
128  14  -119.621
128  15  -122.768
128  16  -124.365
128  17  -124.745
128  18  -124.145
128  19  -122.715
128  20  -120.53
128  21  -117.572
128  22  -113.691
128  23  -108.45
128  24  -100.552
128  25  -85.9707
129  1  154.523
129  2  167.807
129  3  151.561
129  4  119.959
129  5  79.6867
129  6  37.1521
129  7  -2.66601
129  8  -36.9329
129  9  -64.7129
129  10  -86.2805
129  11  -102.475
129  12  -114.283
129  13  -122.624
129  14  -128.272
129  15  -131.839
129  16  -133.793
129  17  -134.483
129  18  -134.153
129  19  -132.966
129  20  -131.003
129  21  -128.258
129  22  -124.588
129  23  -119.577
129  24  -111.977
129  25  -98.367
130  1  166.481
130  2  181.669
130  3  162.616
130  4  125.31
130  5  77.2173
130  6  25.7961
130  7  -22.9726
130  8  -65.5543
130  9  -100.66
130  10  -128.474
130  11  -149.898
130  12  -166.05
130  13  -177.998
130  14  -186.652
130  15  -192.747
130  16  -196.85
130  17  -199.392
130  18  -200.685
130  19  -200.95
130  20  -200.319
130  21  -198.836
130  22  -196.423
130  23  -192.77
130  24  -186.912
130  25  -178.5
