1  1  -86.0129
1  2  -67.7585
1  3  -60.449
1  4  -55.8213
1  5  -52.4538
1  6  -49.8535
1  7  -47.7975
1  8  -46.1702
1  9  -44.9049
1  10  -43.9554
1  11  -43.281
1  12  -42.8348
1  13  -42.5565
1  14  -42.3675
1  15  -42.1711
1  16  -41.8569
1  17  -41.3068
1  18  -40.4028
1  19  -39.0291
1  20  -37.0625
1  21  -34.3446
1  22  -30.6126
1  23  -25.3065
1  24  -16.8228
1  25  3.34516
2  1  -81.1417
2  2  -63.1199
2  3  -56.0579
2  4  -51.5693
2  5  -48.2712
2  6  -45.6842
2  7  -43.5919
2  8  -41.8836
2  9  -40.4982
2  10  -39.4008
2  11  -38.5672
2  12  -37.9747
2  13  -37.592
2  14  -37.3717
2  15  -37.2416
2  16  -37.1014
2  17  -36.8213
2  18  -36.2486
2  19  -35.2153
2  20  -33.5393
2  21  -31.0092
2  22  -27.3201
2  23  -21.8765
2  24  -13.0227
2  25  7.30273
3  1  -78.1332
3  2  -60.0916
3  3  -53.2335
3  4  -48.86
3  5  -45.612
3  6  -43.0183
3  7  -40.8642
3  8  -39.0381
3  9  -37.4783
3  10  -36.1506
3  11  -35.0365
3  12  -34.1259
3  13  -33.411
3  14  -32.8788
3  15  -32.5011
3  16  -32.2242
3  17  -31.9558
3  18  -31.5542
3  19  -30.8224
3  20  -29.5107
3  21  -27.3135
3  22  -23.8336
3  23  -18.4105
3  24  -9.3814
3  25  9.61549
4  1  -76.8179
4  2  -58.5375
4  3  -51.7857
4  4  -47.4733
4  5  -44.2459
4  6  -41.6349
4  7  -39.424
4  8  -37.4981
4  9  -35.791
4  10  -34.2626
4  11  -32.8895
4  12  -31.6589
4  13  -30.5641
4  14  -29.6014
4  15  -28.7636
4  16  -28.0331
4  17  -27.3691
4  18  -26.6888
4  19  -25.846
4  20  -24.6083
4  21  -22.6411
4  22  -19.4804
4  23  -14.4168
4  24  -5.90416
4  25  9.15517
5  1  -76.2035
5  2  -57.3115
5  3  -50.6187
5  4  -46.3428
5  5  -43.1183
5  6  -40.4733
5  7  -38.1879
5  8  -36.1412
5  9  -34.2586
5  10  -32.4901
5  11  -30.7996
5  12  -29.1592
5  13  -27.5461
5  14  -25.9398
5  15  -24.3209
5  16  -22.6689
5  17  -20.96
5  18  -19.1633
5  19  -17.2345
5  20  -15.1049
5  21  -12.6601
5  22  -9.70273
5  23  -5.87158
5  24  -0.425805
5  25  1.80873
6  1  -76.8643
6  2  -56.7419
6  3  -49.9915
6  4  -45.6916
6  5  -42.4315
6  6  -39.7284
6  7  -37.3551
6  8  -35.1842
6  9  -33.1329
6  10  -31.1415
6  11  -29.1619
6  12  -27.1513
6  13  -25.0692
6  14  -22.8741
6  15  -20.524
6  16  -17.9777
6  17  -15.2021
6  18  -12.1854
6  19  -8.96603
6  20  -5.67506
6  21  -2.58194
6  22  -0.103704
6  23  1.26908
6  24  0.973615
6  25  -7.50591
7  1  -79.2034
7  2  -57.0992
7  3  -50.1068
7  4  -45.6819
7  5  -42.3254
7  6  -39.5305
7  7  -37.0597
7  8  -34.7793
7  9  -32.603
7  10  -30.4687
7  11  -28.3275
7  12  -26.1394
7  13  -23.8708
7  14  -21.4958
7  15  -18.9994
7  16  -16.3856
7  17  -13.6867
7  18  -10.9753
7  19  -8.37182
7  20  -6.03659
7  21  -4.13716
7  22  -2.78669
7  23  -1.96643
7  24  -1.39756
7  25  3.05839
8  1  -84.0179
8  2  -58.6902
8  3  -51.1436
8  4  -46.4165
8  5  -42.8476
8  6  -39.8837
8  7  -37.2699
8  8  -34.8648
8  9  -32.5805
8  10  -30.3583
8  11  -28.1579
8  12  -25.9526
8  13  -23.7292
8  14  -21.4872
8  15  -19.2412
8  16  -17.0194
8  17  -14.8603
8  18  -12.8049
8  19  -10.8812
8  20  -9.08706
8  21  -7.36646
8  22  -5.57461
8  23  -3.38468
8  24  0.167381
8  25  16.2003
9  1  -90.179
9  2  -61.1189
9  3  -52.8017
9  4  -47.6372
9  5  -43.7627
9  6  -40.565
9  7  -37.7646
9  8  -35.2097
9  9  -32.8096
9  10  -30.5063
9  11  -28.2635
9  12  -26.0611
9  13  -23.8907
9  14  -21.7546
9  15  -19.6611
9  16  -17.6199
9  17  -15.635
9  18  -13.6972
9  19  -11.7742
9  20  -9.79998
9  21  -7.65712
9  22  -5.13132
9  23  -1.76954
9  24  3.79099
9  25  26.3353
10  1  -96.224
10  2  -63.6723
10  3  -54.5554
10  4  -48.9249
10  5  -44.7204
10  6  -41.2684
10  7  -38.264
10  8  -35.5436
10  9  -33.01
10  10  -30.6029
10  11  -28.2851
10  12  -26.0342
10  13  -23.8394
10  14  -21.695
10  15  -19.5974
10  16  -17.5391
10  17  -15.5027
10  18  -13.4557
10  19  -11.344
10  20  -9.0804
10  21  -6.52401
10  22  -3.42449
10  23  0.754705
10  24  7.64559
10  25  34.4158
11  1  -101.392
11  2  -65.9438
11  3  -56.1222
11  4  -50.0734
11  5  -45.5695
11  6  -41.8841
11  7  -38.6901
11  8  -35.8121
11  9  -33.1468
11  10  -30.6304
11  11  -28.2218
11  12  -25.8959
11  13  -23.6364
11  14  -21.4312
11  15  -19.2678
11  16  -17.1279
11  17  -14.9834
11  18  -12.7906
11  19  -10.4854
11  20  -7.97022
11  21  -5.08994
11  22  -1.56752
11  23  3.19423
11  24  11.0187
11  25  40.7784
12  1  -106.405
12  2  -68.2211
12  3  -57.7071
12  4  -51.2429
12  5  -46.4382
12  6  -42.5168
12  7  -39.1287
12  8  -36.0873
12  9  -33.2823
12  10  -30.6451
12  11  -28.1313
12  12  -25.7113
12  13  -23.3641
12  14  -21.0719
12  15  -18.8147
12  16  -16.567
12  17  -14.2929
12  18  -11.9423
12  19  -9.44317
12  20  -6.6901
12  21  -3.5156
12  22  0.380883
12  23  5.65083
12  24  14.2858
12  25  46.6636
13  1  -110.796
13  2  -70.2821
13  3  -59.1621
13  4  -52.3306
13  5  -47.2588
13  6  -43.1262
13  7  -39.5631
13  8  -36.3723
13  9  -33.4379
13  10  -30.6868
13  11  -28.0708
13  12  -25.557
13  13  -23.12
13  14  -20.7374
13  15  -18.3842
13  16  -16.0296
13  17  -13.6326
13  18  -11.1383
13  19  -8.4697
13  20  -5.51482
13  21  -2.09579
13  22  2.10807
13  23  7.79246
13  24  17.0864
13  25  51.6083
14  1  -115.065
14  2  -72.3532
14  3  -60.65
14  4  -53.4627
14  5  -48.131
14  6  -43.7915
14  7  -40.0561
14  8  -36.7175
14  9  -33.6537
14  10  -30.7871
14  11  -28.0662
14  12  -25.4545
14  13  -22.9229
14  14  -20.4448
14  15  -17.9911
14  16  -15.5268
14  17  -13.0067
14  18  -10.3719
14  19  -7.54116
14  20  -4.39607
14  21  -0.749043
14  22  3.73872
14  23  9.80451
14  24  19.7046
14  25  56.2076
15  1  -119.268
15  2  -74.4636
15  3  -62.1967
15  4  -54.6638
15  5  -49.0783
15  6  -44.5364
15  7  -40.6315
15  8  -37.1468
15  9  -33.954
15  10  -30.9715
15  11  -28.1442
15  12  -25.4323
15  13  -22.8035
15  14  -20.2275
15  15  -17.6714
15  16  -15.0966
15  17  -12.4546
15  18  -9.68273
15  19  -6.69571
15  20  -3.36963
15  21  0.492736
15  22  5.24743
15  23  11.671
15  24  22.1387
15  25  60.5052
16  1  -123.544
16  2  -76.6898
16  3  -63.8632
16  4  -55.9858
16  5  -50.1467
16  6  -45.4019
16  7  -41.3262
16  8  -37.6936
16  9  -34.3698
16  10  -31.2687
16  11  -28.3322
16  12  -25.5169
16  13  -22.7873
16  14  -20.1097
16  15  -17.4481
16  16  -14.7606
16  17  -11.9956
16  18  -9.08702
16  19  -5.94549
16  20  -2.44156
16  21  1.63099
16  22  6.64543
16  23  13.4167
16  24  24.4354
16  25  64.6162
17  1  -127.467
17  2  -78.8038
17  3  -65.4786
17  4  -57.2935
17  5  -51.2271
17  6  -46.2997
17  7  -42.0704
17  8  -38.3042
17  9  -34.8615
17  10  -31.6524
17  11  -28.6158
17  12  -25.7057
17  13  -22.8833
17  14  -20.1126
17  15  -17.3546
17  16  -14.5648
17  17  -11.6888
17  18  -8.65797
17  19  -5.37916
17  20  -1.71819
17  21  2.53945
17  22  7.78225
17  23  14.8586
17  24  26.3608
17  25  68.136
18  1  -131.722
18  2  -81.175
18  3  -67.3265
18  4  -58.8172
18  5  -52.5112
18  6  -47.391
18  7  -42.9988
18  8  -39.0908
18  9  -35.5213
18  10  -32.1971
18  11  -29.0532
18  12  -26.0409
18  13  -23.119
18  14  -20.2483
18  15  -17.3872
18  16  -14.4884
18  17  -11.4951
18  18  -8.33541
18  19  -4.9128
18  20  -1.0877
18  21  3.36276
18  22  8.84268
18  23  16.2358
18  24  28.2397
18  25  71.6726
19  1  -135.811
19  2  -83.5288
19  3  -69.1945
19  4  -60.3841
19  5  -53.855
19  6  -48.5549
19  7  -44.0107
19  8  -39.9696
19  9  -36.2814
19  10  -32.8486
19  11  -29.6036
19  12  -26.495
19  13  -23.479
19  14  -20.5138
19  15  -17.5556
19  16  -14.5546
19  17  -11.4517
19  18  -8.17224
19  19  -4.61641
19  20  -0.639995
19  21  3.98801
19  22  9.68636
19  23  17.3708
19  24  29.8359
19  25  74.7944
20  1  -139.544
20  2  -85.7388
20  3  -70.9763
20  4  -61.8998
20  5  -55.1729
20  6  -49.7134
20  7  -45.0342
20  8  -40.8752
20  9  -37.0811
20  10  -33.5514
20  11  -30.2161
20  12  -27.0213
20  13  -23.9212
20  14  -20.8716
20  15  -17.8268
20  16  -14.735
20  17  -11.535
20  18  -8.14962
20  19  -4.47648
20  20  -0.36689
20  21  4.41711
20  22  10.307
20  23  18.2468
20  24  31.1164
20  25  77.4132
21  1  -143.409
21  2  -88.0852
21  3  -72.8935
21  4  -63.55
21  5  -56.6249
21  6  -51.0051
21  7  -46.19
21  8  -41.9118
21  9  -38.0111
21  10  -34.3837
21  11  -30.9569
21  12  -27.675
21  13  -24.4896
21  14  -21.3547
21  15  -18.2224
21  16  -15.0391
21  17  -11.7413
21  18  -8.2499
21  19  -4.45934
21  20  -0.216583
21  21  4.72288
21  22  10.804
21  23  18.9983
21  24  32.2707
21  25  79.9025
22  1  -147.17
22  2  -90.4204
22  3  -74.8249
22  4  -65.2296
22  5  -58.1172
22  6  -52.3461
22  7  -47.4025
22  8  -43.0118
22  9  -39.0097
22  10  -35.2896
22  11  -31.7764
22  12  -28.4115
22  13  -25.1451
22  14  -21.9292
22  15  -18.714
22  16  -15.4441
22  17  -12.0541
22  18  -8.46273
22  19  -4.56176
22  20  -0.193868
22  21  4.8919
22  22  11.152
22  23  19.5851
22  24  33.2354
22  25  82.1194
23  1  -151.187
23  2  -92.9677
23  3  -76.954
23  4  -67.098
23  5  -59.7915
23  6  -53.8635
23  7  -48.7866
23  8  -44.2789
23  9  -40.1715
23  10  -36.355
23  11  -32.7513
23  12  -29.3002
23  13  -25.9494
23  14  -22.6492
23  15  -19.3478
23  16  -15.9879
23  17  -12.5023
23  18  -8.80751
23  19  -4.79221
23  20  -0.295235
23  21  4.9411
23  22  11.3861
23  23  20.0653
23  24  34.105
23  25  84.2803
24  1  -155.299
24  2  -95.6258
24  3  -79.1976
24  4  -69.0825
24  5  -61.5833
24  6  -55.4994
24  7  -50.2897
24  8  -45.6655
24  9  -41.4535
24  10  -37.5407
24  11  -33.8471
24  12  -30.3098
24  13  -26.8748
24  14  -23.4905
24  15  -20.1033
24  16  -16.654
24  17  -13.0734
24  18  -9.27597
24  19  -5.14761
24  20  -0.523098
24  21  4.86242
24  22  11.4902
24  23  20.4127
24  24  34.8371
24  25  86.2888
25  1  -159.358
25  2  -98.2942
25  3  -81.4686
25  4  -71.1055
25  5  -63.4213
25  6  -57.1875
25  7  -51.8505
25  8  -47.1143
25  9  -42.8016
25  10  -38.7964
25  11  -35.0159
25  12  -31.3958
25  13  -27.8799
25  14  -24.4147
25  15  -20.945
25  16  -17.4098
25  17  -13.7382
25  18  -9.84249
25  19  -5.60591
25  20  -0.85904
25  21  4.66888
25  22  11.4711
25  23  20.626
25  24  35.4179
25  25  88.0891
26  1  -163.529
26  2  -101.078
26  3  -83.8548
26  4  -73.2431
26  5  -65.3739
26  6  -58.9899
26  7  -53.5252
26  8  -48.6768
26  9  -44.2631
26  10  -40.165
26  11  -36.2978
26  12  -32.5944
26  13  -28.9972
26  14  -25.451
26  15  -21.8986
26  16  -18.2774
26  17  -14.5148
26  18  -10.5209
26  19  -6.17629
26  20  -1.30757
26  21  4.36249
26  22  11.3389
26  23  20.7254
26  24  35.8838
26  25  89.7705
27  1  -167.725
27  2  -103.915
27  3  -86.3018
27  4  -75.4463
27  5  -67.3951
27  6  -60.8638
27  7  -55.2735
27  8  -50.3149
27  9  -45.8018
27  10  -41.6124
27  11  -37.6595
27  12  -33.8743
27  13  -30.1973
27  14  -26.5713
27  15  -22.9377
27  16  -19.2321
27  17  -15.3803
27  18  -11.2901
27  19  -6.83961
27  20  -1.85163
27  21  3.95754
27  22  11.1041
27  23  20.7174
27  24  36.2341
27  25  91.3101
28  1  -172.179
28  2  -106.96
28  3  -88.9422
28  4  -77.8335
28  5  -69.5935
28  6  -62.909
28  7  -57.1885
28  8  -52.1151
28  9  -47.4987
28  10  -43.2145
28  11  -39.1725
28  12  -35.3024
28  13  -31.5424
28  14  -27.8337
28  15  -24.1158
28  16  -20.3227
28  17  -16.3783
28  18  -12.1886
28  19  -7.62844
28  20  -2.51698
28  21  3.43609
28  22  10.7586
28  23  20.6061
28  24  36.4934
28  25  92.7993
29  1  -176.552
29  2  -109.978
29  3  -91.5706
29  4  -80.2181
29  5  -71.7963
29  6  -64.9642
29  7  -59.1179
29  8  -53.9342
29  9  -49.2184
29  10  -44.8427
29  11  -40.7151
29  12  -36.7631
29  13  -32.9232
29  14  -29.1347
29  15  -25.3357
29  16  -21.4586
29  17  -17.4251
29  18  -13.1396
29  19  -8.47429
29  20  -3.24453
29  21  2.84642
29  22  10.3381
29  23  20.4103
29  24  36.6529
29  25  94.1385
30  1  -180.607
30  2  -112.797
30  3  -94.0343
30  4  -82.459
30  5  -73.8709
30  6  -66.9039
30  7  -60.9429
30  8  -55.6583
30  9  -50.8516
30  10  -46.3922
30  11  -42.1865
30  12  -38.1597
30  13  -34.2468
30  14  -30.3857
30  15  -26.5128
30  16  -22.559
30  17  -18.4445
30  18  -14.0719
30  19  -9.31083
30  20  -3.9731
30  21  2.24328
30  22  9.88871
30  23  20.1654
30  24  36.7313
30  25  95.2903
31  1  -184.714
31  2  -115.667
31  3  -96.5481
31  4  -84.7501
31  5  -75.9953
31  6  -68.8935
31  7  -62.8175
31  8  -57.4317
31  9  -52.5341
31  10  -47.9912
31  11  -43.7073
31  12  -39.6058
31  13  -35.62
31  14  -31.6863
31  15  -27.7395
31  16  -23.7091
31  17  -19.5139
31  18  -15.0542
31  19  -10.1977
31  20  -4.75259
31  21  1.58921
31  22  9.38769
31  23  19.8683
31  24  36.7564
31  25  96.3852
32  1  -188.802
32  2  -118.534
32  3  -99.0643
32  4  -87.0459
32  5  -78.1271
32  6  -70.8918
32  7  -64.7025
32  8  -59.2168
32  9  -54.2295
32  10  -49.6042
32  11  -45.2431
32  12  -41.068
32  13  -37.0104
32  14  -33.0052
32  15  -28.9858
32  16  -24.88
32  17  -20.6053
32  18  -16.0602
32  19  -11.1099
32  20  -5.55897
32  21  0.905876
32  22  8.85491
32  23  19.5359
32  24  36.7409
32  25  97.4212
33  1  -192.705
33  2  -121.277
33  3  -101.474
33  4  -89.2459
33  5  -80.1708
33  6  -72.8088
33  7  -66.5118
33  8  -60.9315
33  9  -55.8589
33  10  -51.1554
33  11  -46.7212
33  12  -42.4762
33  13  -38.3507
33  14  -34.2778
33  15  -30.1897
33  16  -26.0127
33  17  -21.6628
33  18  -17.0369
33  19  -11.9976
33  20  -6.34672
33  21  0.234289
33  22  8.32579
33  23  19.1963
33  24  36.7009
33  25  98.3753
34  1  -196.669
34  2  -124.064
34  3  -103.922
34  4  -91.4819
34  5  -82.2483
34  6  -74.7579
34  7  -68.3513
34  8  -62.6752
34  9  -57.5163
34  10  -52.7338
34  11  -48.2255
34  12  -43.9101
34  13  -39.7158
34  14  -35.5746
34  15  -31.417
34  16  -27.1682
34  17  -22.7424
34  18  -18.0348
34  19  -12.9061
34  20  -7.15428
34  21  -0.455788
34  22  7.7794
34  23  18.8411
34  24  36.6479
34  25  99.3255
35  1  -182.869
35  2  -124.232
35  3  -105.39
35  4  -93.34
35  5  -84.2253
35  6  -76.7419
35  7  -70.2926
35  8  -64.5411
35  9  -59.2926
35  10  -54.4141
35  11  -49.809
35  12  -45.4064
35  13  -41.1278
35  14  -36.9043
35  15  -32.6655
35  16  -28.3665
35  17  -23.8864
35  18  -19.1213
35  19  -13.9345
35  20  -8.13931
35  21  -1.39955
35  22  6.84143
35  23  17.8101
35  24  35.1608
35  25  91.8519
36  1  -204.164
36  2  -129.32
36  3  -108.533
36  4  -95.6899
36  5  -86.1551
36  6  -78.4206
36  7  -71.8064
36  8  -65.948
36  9  -60.6255
36  10  -55.6933
36  11  -51.0452
36  12  -46.5966
36  13  -42.2728
36  14  -38.0028
36  15  -33.7145
36  16  -29.3301
36  17  -24.7615
36  18  -19.9001
36  19  -14.6026
36  20  -8.66098
36  21  -1.74113
36  22  6.76483
36  23  18.1867
36  24  36.5633
36  25  101.13
37  1  -207.97
37  2  -131.973
37  3  -110.854
37  4  -97.8027
37  5  -88.1129
37  6  -80.2527
37  7  -73.5319
37  8  -67.5801
37  9  -62.1739
37  10  -57.1649
37  11  -52.4455
37  12  -47.9289
37  13  -43.5391
37  14  -39.2036
37  15  -34.8487
37  16  -30.3955
37  17  -25.7541
37  18  -20.8147
37  19  -15.4314
37  20  -9.39295
37  21  -2.36056
37  22  6.28338
37  23  17.8887
37  24  36.555
37  25  102.084
38  1  -211.584
38  2  -134.474
38  3  -113.036
38  4  -99.7841
38  5  -89.945
38  6  -81.964
38  7  -75.1405
38  8  -69.0988
38  9  -63.6119
38  10  -58.5297
38  11  -53.7419
38  12  -49.1605
38  13  -44.7077
38  14  -40.3095
38  15  -35.8911
38  16  -31.3723
38  17  -26.6615
38  18  -21.6474
38  19  -16.1821
38  20  -10.0514
38  21  -2.9115
38  22  5.86433
38  23  17.6448
38  24  36.5881
38  25  103.036
39  1  -203.513
39  2  -136.747
39  3  -115.01
39  4  -101.572
39  5  -91.5933
39  6  -83.4995
39  7  -76.5803
39  8  -70.455
39  9  -64.8934
39  10  -59.743
39  11  -54.8919
39  12  -50.2504
39  13  -45.7394
39  14  -41.2835
39  15  -36.8064
39  16  -32.2268
39  17  -27.4521
39  18  -22.369
39  19  -16.8278
39  20  -10.6117
39  21  -3.37232
39  22  5.52503
39  23  17.4678
39  24  36.6673
39  25  130.468
40  1  -209.573
40  2  -139.067
40  3  -117.015
40  4  -103.379
40  5  -93.2537
40  6  -85.0408
40  7  -78.021
40  8  -71.8077
40  9  -66.1675
40  10  -60.9456
40  11  -56.0283
40  12  -51.3241
40  13  -46.7522
40  14  -42.2361
40  15  -37.6979
40  16  -33.0552
40  17  -28.2135
40  18  -23.0583
40  19  -17.4382
40  20  -11.133
40  21  -3.78983
40  22  5.23486
40  23  17.3468
40  24  36.8141
40  25  125.194
41  1  -214.514
41  2  -141.237
41  3  -118.877
41  4  -105.048
41  5  -94.7794
41  6  -86.4506
41  7  -79.3328
41  8  -73.0338
41  9  -67.3177
41  10  -62.0266
41  11  -57.0454
41  12  -52.2808
41  13  -47.6506
41  14  -43.0765
41  15  -38.4797
41  16  -33.776
41  17  -28.8702
41  18  -23.6461
41  19  -17.9499
41  20  -11.5589
41  21  -4.11561
41  22  5.0314
41  23  17.3063
41  24  37.0313
41  25  122.18
42  1  -218.695
42  2  -143.218
42  3  -120.562
42  4  -106.55
42  5  -96.1429
42  6  -87.7031
42  7  -80.4912
42  8  -74.1108
42  9  -68.3219
42  10  -62.9654
42  11  -57.9236
42  12  -53.1019
42  13  -48.4165
42  14  -43.7879
42  15  -39.1359
42  16  -34.3749
42  17  -29.4084
42  18  -24.1189
42  19  -18.3509
42  20  -11.8789
42  21  -4.34114
42  22  4.92187
42  23  17.3509
42  24  37.3197
42  25  120.442
43  1  -222.586
43  2  -145.141
43  3  -122.18
43  4  -107.977
43  5  -97.4288
43  6  -88.8749
43  7  -81.5669
43  8  -75.103
43  9  -69.2403
43  10  -63.8168
43  11  -58.7137
43  12  -53.8343
43  13  -49.0933
43  14  -44.4098
43  15  -39.7019
43  16  -34.8834
43  17  -29.8558
43  18  -24.5005
43  19  -18.6598
43  20  -12.106
43  21  -4.47273
43  22  4.90744
43  23  17.4925
43  24  37.7079
43  25  119.429
44  1  -225.95
44  2  -146.832
44  3  -123.585
44  4  -109.202
44  5  -98.5204
44  6  -89.859
44  7  -82.4605
44  8  -75.9182
44  9  -69.9866
44  10  -64.5012
44  11  -59.3413
44  12  -54.4086
44  13  -49.6165
44  14  -44.8823
44  15  -40.1235
44  16  -35.2517
44  17  -30.1679
44  18  -24.7519
44  19  -18.8445
44  20  -12.215
44  21  -4.49358
44  22  4.99483
44  23  17.7239
44  24  38.1672
44  25  118.986
45  1  -228.958
45  2  -148.344
45  3  -124.818
45  4  -110.262
45  5  -99.4516
45  6  -90.6868
45  7  -83.2014
45  8  -76.5844
45  9  -70.5868
45  10  -65.0425
45  11  -59.8288
45  12  -54.8461
45  13  -50.0059
45  14  -45.2245
45  15  -40.4173
45  16  -35.4958
45  17  -30.3593
45  18  -24.8863
45  19  -18.9159
45  20  -12.2154
45  21  -4.41066
45  22  5.17968
45  23  18.0449
45  24  38.7031
45  25  118.917
46  1  -231.786
46  2  -149.743
46  3  -125.935
46  4  -111.203
46  5  -100.262
46  6  -91.3926
46  7  -83.8196
46  8  -77.1274
46  9  -71.0639
46  10  -65.4611
46  11  -60.1944
46  12  -55.1624
46  13  -50.2751
46  14  -45.4473
46  15  -40.5935
46  16  -35.6231
46  17  -30.4349
46  18  -24.906
46  19  -18.8736
46  20  -12.1031
46  21  -4.21642
46  22  5.4744
46  23  18.4737
46  24  39.3436
46  25  119.135
47  1  -234.352
47  2  -150.974
47  3  -126.888
47  4  -111.984
47  5  -100.915
47  6  -91.9437
47  7  -84.2857
47  8  -77.5205
47  9  -71.3938
47  10  -65.7351
47  11  -60.418
47  12  -55.3396
47  13  -50.4081
47  14  -45.5368
47  15  -40.6391
47  16  -35.6232
47  17  -30.3866
47  18  -24.8047
47  19  -18.7142
47  20  -11.8776
47  21  -3.91367
47  22  5.87229
47  23  18.9981
47  24  40.0684
47  25  119.578
48  1  -236.627
48  2  -152.015
48  3  -127.663
48  4  -112.594
48  5  -101.403
48  6  -92.3335
48  7  -84.5942
48  8  -77.7603
48  9  -71.5742
48  10  -65.8635
48  11  -60.5001
48  12  -55.3792
48  13  -50.4075
48  14  -45.4969
48  15  -40.5593
48  16  -35.5019
48  17  -30.2211
48  18  -24.5914
48  19  -18.4474
48  20  -11.5503
48  21  -3.51538
48  22  6.35801
48  23  19.6002
48  24  40.8544
48  25  120.18
49  1  -238.808
49  2  -152.948
49  3  -128.318
49  4  -113.075
49  5  -101.757
49  6  -92.5866
49  7  -84.7639
49  8  -77.8592
49  9  -71.6131
49  10  -65.8503
49  11  -60.441
49  12  -55.2784
49  13  -50.2677
49  14  -45.3189
49  15  -40.3427
49  16  -35.2451
49  17  -29.9212
49  18  -24.2446
49  19  -18.0485
49  20  -11.0918
49  21  -2.98682
49  22  6.97238
49  23  20.3295
49  24  41.7651
49  25  120.958
50  1  -240.579
50  2  -153.639
50  3  -128.761
50  4  -113.365
50  5  -101.934
50  6  -92.6742
50  7  -84.7782
50  8  -77.8125
50  9  -71.5147
50  10  -65.708
50  11  -60.2605
50  12  -55.0638
50  13  -50.0214
50  14  -45.042
50  15  -40.0345
50  16  -34.9043
50  17  -29.5455
50  18  -23.8304
50  19  -17.5914
50  20  -10.5857
50  21  -2.42319
50  22  7.60706
50  23  21.0591
50  24  42.6443
50  25  121.748
51  1  -242.243
51  2  -154.21
51  3  -129.076
51  4  -113.522
51  5  -101.975
51  6  -92.6246
51  7  -84.6545
51  8  -77.6276
51  9  -71.2791
51  10  -65.4299
51  11  -59.9463
51  12  -54.718
51  13  -49.6465
51  14  -44.639
51  15  -39.6035
51  16  -34.4435
51  17  -29.0524
51  18  -23.3018
51  19  -17.0229
51  20  -9.97149
51  21  -1.75488
51  22  8.34224
51  23  21.8832
51  24  43.6092
51  25  122.628
52  1  -243.602
52  2  -154.601
52  3  -129.234
52  4  -113.538
52  5  -101.888
52  6  -92.4555
52  7  -84.4196
52  8  -77.3398
52  9  -70.9479
52  10  -65.0636
52  11  -59.5508
52  12  -54.2977
52  13  -49.204
52  14  -44.1754
52  15  -39.1181
52  16  -33.9354
52  17  -28.5196
52  18  -22.7413
52  19  -16.4311
52  20  -9.34343
52  21  -1.08379
52  22  9.06653
52  23  22.6786
52  24  44.5164
52  25  123.448
53  1  -244.857
53  2  -154.877
53  3  -129.272
53  4  -113.429
53  5  -101.673
53  6  -92.1581
53  7  -84.0569
53  8  -76.925
53  9  -70.4922
53  10  -64.5755
53  11  -59.0374
53  12  -53.7635
53  13  -48.6519
53  14  -43.6064
53  15  -38.5321
53  16  -33.3312
53  17  -27.8949
53  18  -22.0935
53  19  -15.7567
53  20  -8.63817
53  21  -0.341565
53  22  9.85451
53  23  23.5279
53  24  45.4622
53  25  124.275
54  1  -246.054
54  2  -155.034
54  3  -129.17
54  4  -113.171
54  5  -101.3
54  6  -91.6988
54  7  -83.5298
54  8  -76.3455
54  9  -69.873
54  10  -63.9272
54  11  -58.3679
54  12  -53.0783
54  13  -47.9543
54  14  -42.8977
54  15  -37.8121
54  16  -32.5985
54  17  -27.1475
54  18  -21.3288
54  19  -14.9716
54  20  -7.82835
54  21  0.497782
54  22  10.7309
54  23  24.4538
54  24  46.4651
54  25  125.093
55  1  -247.03
55  2  -155.054
55  3  -128.948
55  4  -112.802
55  5  -100.826
55  6  -91.1458
55  7  -82.9169
55  8  -75.6883
55  9  -69.1848
55  10  -63.2186
55  11  -57.647
55  12  -52.3509
55  13  -47.2235
55  14  -42.1648
55  15  -37.0769
55  16  -31.8598
55  17  -26.4038
55  18  -20.5777
55  19  -14.211
55  20  -7.05551
55  21  1.28609
55  22  11.5388
55  23  25.2879
55  24  47.3391
55  25  125.714
56  1  -247.858
56  2  -151.795
56  3  -128.624
56  4  -112.335
56  5  -100.259
56  6  -90.5041
56  7  -82.2211
56  8  -74.9549
56  9  -68.4281
56  10  -62.4502
56  11  -56.8758
56  12  -51.5828
56  13  -46.4618
56  14  -41.4107
56  15  -36.3303
56  16  -31.1195
56  17  -25.6682
56  18  -19.8456
56  19  -13.4803
56  20  -6.32545
56  21  2.01675
56  22  12.2712
56  23  26.022
56  24  49.7062
56  25  126.097
57  1  -248.638
57  2  -151.538
57  3  -128.173
57  4  -111.73
57  5  -99.5469
57  6  -89.715
57  7  -81.3789
57  8  -74.0803
57  9  -67.5383
57  10  -61.5596
57  11  -55.9948
57  12  -50.7182
57  13  -45.6174
57  14  -40.5878
57  15  -35.5286
57  16  -30.3378
57  17  -24.9053
57  18  -19.1005
57  19  -12.7525
57  20  -5.61519
57  21  2.7079
57  22  12.9393
57  23  26.6588
57  24  49.9719
57  25  126.143
58  1  -249.324
58  2  -151.108
58  3  -127.661
58  4  -111.064
58  5  -98.777
58  6  -88.8736
58  7  -80.4926
58  8  -73.1723
58  9  -66.6287
58  10  -60.664
58  11  -55.1249
58  12  -49.8811
58  13  -44.8167
58  14  -39.8245
58  15  -34.8021
58  16  -29.6473
58  17  -24.25
58  18  -18.4799
58  19  -12.1679
58  20  -5.06919
58  21  3.20977
58  22  13.3875
58  23  27.0346
58  24  49.9531
58  25  125.659
59  1  -249.974
59  2  -150.529
59  3  -127.138
59  4  -110.387
59  5  -97.9966
59  6  -88.0269
59  7  -79.6105
59  8  -72.2815
59  9  -65.752
59  10  -59.8193
59  11  -54.3244
59  12  -49.1321
59  13  -44.1223
59  14  -39.1851
59  15  -34.217
59  16  -29.1155
59  17  -23.771
59  18  -18.0551
59  19  -11.8
59  20  -4.76403
59  21  3.44277
59  22  13.5314
59  23  27.0576
59  24  49.5477
59  25  124.499
60  1  -250.754
60  2  -149.744
60  3  -121.044
60  4  -109.688
60  5  -97.1827
60  6  -87.1451
60  7  -78.701
60  8  -71.3798
60  9  -64.8875
60  10  -59.014
60  11  -53.5925
60  12  -48.4809
60  13  -43.554
60  14  -38.6993
60  15  -33.8122
60  16  -28.7906
60  17  -23.5268
60  18  -17.8945
60  19  -11.7292
60  20  -4.79313
60  21  3.29696
60  22  13.2409
60  23  27.3082
60  24  48.5308
60  25  122.258
61  1  -251.873
61  2  -148.726
61  3  -119.514
61  4  -109.074
61  5  -96.4302
61  6  -86.3195
61  7  -77.8592
61  8  -70.571
61  9  -64.1504
61  10  -58.3754
61  11  -53.0674
61  12  -48.0752
61  13  -43.2677
61  14  -38.5298
61  15  -33.7571
61  16  -28.8495
61  17  -23.7018
61  18  -18.1917
61  19  -12.1596
61  20  -5.37384
61  21  2.5385
61  22  12.2594
61  23  25.8541
61  24  46.568
61  25  118.394
62  1  -253.969
62  2  -147.309
62  3  -117.17
62  4  -97.9118
62  5  -95.8966
62  6  -85.6913
62  7  -77.2314
62  8  -70.021
62  9  -63.7333
62  10  -58.1235
62  11  -52.9941
62  12  -48.181
62  13  -43.5471
62  14  -38.9766
62  15  -34.3676
62  16  -29.6245
62  17  -24.6478
62  18  -19.3216
62  19  -13.4937
62  20  -6.94342
62  21  0.686532
62  22  10.6309
62  23  23.0054
62  24  42.8905
62  25  111.598
63  1  -258.236
63  2  -145.265
63  3  -113.304
63  4  -92.867
63  5  -77.5787
63  6  -85.7349
63  7  -77.3018
63  8  -70.2358
63  9  -64.16
63  10  -58.788
63  11  -53.8952
63  12  -49.3054
63  13  -44.8801
63  14  -40.5084
63  15  -36.0964
63  16  -31.5571
63  17  -26.8
63  18  -21.7184
63  19  -16.1716
63  20  -9.95341
63  21  -2.10456
63  22  6.55613
63  23  18.1889
63  24  36.8406
63  25  100.817
64  1  -266.777
64  2  -141.041
64  3  -105.131
64  4  -82.4719
64  5  -66.456
64  6  -54.9487
64  7  -46.7107
64  8  -71.9797
64  9  -66.1888
64  10  -61.0841
64  11  -56.4223
64  12  -52.0308
64  13  -47.7847
64  14  -43.5883
64  15  -39.3619
64  16  -35.0308
64  17  -30.5157
64  18  -25.7214
64  19  -19.7353
64  20  -14.1609
64  21  -7.66181
64  22  0.309899
64  23  10.9568
64  24  27.9186
64  25  85.2083
65  1  -271.027
65  2  -128.292
65  3  -87.2694
65  4  -63.9068
65  5  -50.3297
65  6  -42.6636
65  7  -38.3084
65  8  -35.6283
65  9  -33.69
65  10  -64.4524
65  11  -59.9315
65  12  -55.6335
65  13  -51.4643
65  14  -47.3504
65  15  -43.2274
65  16  -39.0319
65  17  -34.0092
65  18  -29.6629
65  19  -24.9382
65  20  -19.6742
65  21  -13.6053
65  22  -6.24194
65  23  3.48743
65  24  18.813
65  25  69.3396
66  1  -219.841
66  2  -94.8504
66  3  -60.7294
66  4  -46.4386
66  5  -41.1577
66  6  -39.3951
66  7  -38.6658
66  8  -38.0067
66  9  -37.1012
66  10  -35.8763
66  11  -34.3406
66  12  -32.5228
66  13  -54.8662
66  14  -50.3251
66  15  -46.4153
66  16  -42.4128
66  17  -38.2658
66  18  -33.9051
66  19  -29.2319
66  20  -24.097
66  21  -18.2567
66  22  -11.265
66  23  -2.1492
66  24  12.0072
66  25  57.3557
67  1  -107.064
67  2  -62.5945
67  3  -50.4384
67  4  -47.8791
67  5  -48.0887
67  6  -48.365
67  7  -48.0049
67  8  -46.9847
67  9  -45.4373
67  10  -43.4961
67  11  -41.2611
67  12  -39.3426
67  13  -36.6888
67  14  -33.8648
67  15  -50.4819
67  16  -46.2074
67  17  -41.8284
67  18  -37.2791
67  19  -32.4666
67  20  -27.2497
67  21  -21.4001
67  22  -14.5003
67  23  -5.64511
67  24  7.86809
67  25  49.7808
68  1  -52.6854
68  2  -57.8702
68  3  -58.6482
68  4  -61.6824
68  5  -63.7767
68  6  -64.121
68  7  -62.9945
68  8  -60.8626
68  9  -58.0949
68  10  -57.2868
68  11  -53.4808
68  12  -49.62
68  13  -45.7197
68  14  -41.7772
68  15  -37.7766
68  16  -33.6896
68  17  -45.7331
68  18  -40.6352
68  19  -35.3131
68  20  -29.6327
68  21  -23.3752
68  22  -16.1415
68  23  -7.06815
68  24  6.41163
68  25  46.4611
69  1  -38.5518
69  2  -65.5332
69  3  -84.6346
69  4  -104.326
69  5  -117.931
69  6  -124.073
69  7  -124.184
69  8  -120.175
69  9  -118.999
69  10  -109.777
69  11  -99.9134
69  12  -89.7396
69  13  -79.4446
69  14  -69.1293
69  15  -58.839
69  16  -48.5808
69  17  -38.3326
69  18  -42.4814
69  19  -31.5818
69  20  -20.4531
69  21  -8.88524
69  22  3.50806
69  23  17.562
69  24  35.7513
69  25  79.0804
70  1  202.304
70  2  177.909
70  3  141.204
70  4  89.3235
70  5  39.1104
70  6  -0.429166
70  7  -27.6647
70  8  -156.375
70  9  -145.382
70  10  -133.134
70  11  -120.393
70  12  -107.593
70  13  -94.9657
70  14  -82.6203
70  15  -70.5924
70  16  -58.8704
70  17  -47.4096
70  18  -36.1389
70  19  -54.5036
70  20  -41.181
70  21  -27.8176
70  22  -13.9769
70  23  1.20782
70  24  20.1969
70  25  63.3045
71  1  -57.0109
71  2  -83.1623
71  3  -101.565
71  4  -121.159
71  5  -135.295
71  6  -141.713
71  7  -149.041
71  8  -141.94
71  9  -132.185
71  10  -121.015
71  11  -109.218
71  12  -97.263
71  13  -85.4091
71  14  -73.7845
71  15  -62.4357
71  16  -51.3574
71  17  -40.5089
71  18  -29.8196
71  19  -19.1868
71  20  -21.0398
71  21  -9.68319
71  22  2.39369
71  23  16.0166
71  24  33.5866
71  25  74.8467
72  1  -68.1699
72  2  -91.3589
72  3  -106.669
72  4  -122.837
72  5  -134.297
72  6  -148.343
72  7  -145.006
72  8  -137.737
72  9  -128.115
72  10  -117.281
72  11  -105.965
72  12  -94.5955
72  13  -83.4035
72  14  -72.4938
72  15  -61.8954
72  16  -51.5882
72  17  -41.5192
72  18  -31.6077
72  19  -21.7421
72  20  -11.7654
72  21  -12.8184
72  22  -1.51232
72  23  11.3996
72  24  28.3151
72  25  68.5935
73  1  -71.0479
73  2  -91.3378
73  3  -104.342
73  4  -118.33
73  5  -140.022
73  6  -142.023
73  7  -138.962
73  8  -132.299
73  9  -123.439
73  10  -113.432
73  11  -102.962
73  12  -92.4354
73  13  -82.0712
73  14  -71.9695
73  15  -62.1566
73  16  -52.6108
73  17  -43.2785
73  18  -34.0774
73  19  -24.8944
73  20  -15.5699
73  21  -5.86128
73  22  -6.03325
73  23  6.31618
73  24  22.7572
73  25  62.4186
74  1  -73.6163
74  2  -90.81
74  3  -101.601
74  4  -113.625
74  5  -133.975
74  6  -135.768
74  7  -133.062
74  8  -127.064
74  9  -119.005
74  10  -109.838
74  11  -100.201
74  12  -90.4799
74  13  -80.8861
74  14  -71.5187
74  15  -62.4052
74  16  -53.5267
74  17  -44.8315
74  18  -36.2403
74  19  -27.641
74  20  -18.8744
74  21  -9.69583
74  22  -9.966
74  23  1.89823
74  24  17.9536
74  25  57.2274
75  1  -75.2501
75  2  -89.7206
75  3  -98.8703
75  4  -122.913
75  5  -129.024
75  6  -130.826
75  7  -128.538
75  8  -123.171
75  9  -115.823
75  10  -107.373
75  11  -98.4245
75  12  -89.3506
75  13  -80.3616
75  14  -71.559
75  15  -62.9742
75  16  -54.593
75  17  -46.3681
75  18  -38.2235
75  19  -30.0509
75  20  -21.6929
75  21  -12.9061
75  22  -3.26629
75  23  -1.75572
75  24  14.0055
75  25  53.0858
76  1  -76.466
76  2  -88.3583
76  3  -96.2149
76  4  -119.019
76  5  -124.779
76  6  -126.713
76  7  -124.882
76  8  -120.13
76  9  -113.445
76  10  -105.645
76  11  -97.3072
76  12  -88.7979
76  13  -80.3278
76  14  -72.0027
76  15  -63.8595
76  16  -55.8892
76  17  -48.0495
76  18  -40.2691
76  19  -32.4433
76  20  -24.4185
76  21  -15.9537
76  22  -6.62478
76  23  -5.18198
76  24  10.3136
76  25  49.2909
77  1  -77.4783
77  2  -87.0045
77  3  -108.312
77  4  -115.76
77  5  -121.336
77  6  -123.471
77  7  -122.092
77  8  -117.909
77  9  -111.82
77  10  -104.594
77  11  -96.7874
77  12  -88.7628
77  13  -80.7328
77  14  -72.8084
77  15  -65.032
77  16  -57.4005
77  17  -49.8761
77  18  -42.3922
77  19  -34.8483
77  20  -27.0944
77  21  -18.893
77  22  -9.8231
77  23  1.00391
77  24  6.80572
77  25  45.7217
78  1  -99.3198
78  2  -106.492
78  3  -126.058
78  4  -131.959
78  5  -136.12
78  6  -137.13
78  7  -134.948
78  8  -130.243
78  9  -123.844
78  10  -116.463
78  11  -108.611
78  12  -100.614
78  13  -92.6627
78  14  -84.8511
78  15  -77.2107
78  16  -69.7304
78  17  -62.368
78  18  -55.0535
78  19  -47.6846
78  20  -40.1107
78  21  -32.0952
78  22  -23.2184
78  23  -12.593
78  24  -6.85387
78  25  32.0086
79  1  -101.061
79  2  -106.342
79  3  -125.165
79  4  -130.855
79  5  -135.096
79  6  -136.429
79  7  -134.716
79  8  -130.532
79  9  -124.647
79  10  -117.741
79  11  -110.316
79  12  -102.7
79  13  -95.0861
79  14  -87.5759
79  15  -80.2064
79  16  -72.9727
79  17  -65.8366
79  18  -58.7327
79  19  -51.5628
79  20  -44.1795
79  21  -36.3506
79  22  -27.6609
79  23  -17.2293
79  24  -11.5718
79  25  27.2116
80  1  -65.7206
80  2  -69.8385
80  3  -89.6077
80  4  -97.5199
80  5  -104.683
80  6  -109.199
80  7  -110.546
80  8  -109.072
80  9  -105.465
80  10  -100.416
80  11  -94.4793
80  12  -88.049
80  13  -81.3809
80  14  -74.6278
80  15  -67.8695
80  16  -61.1334
80  17  -54.4081
80  18  -47.6477
80  19  -40.7694
80  20  -33.6397
80  21  -26.0364
80  22  -17.5554
80  23  -7.32723
80  24  -1.77584
80  25  36.8791
81  1  -64.502
81  2  -67.1493
81  3  -86.4625
81  4  -94.3199
81  5  -101.654
81  6  -106.527
81  7  -108.337
81  8  -107.357
81  9  -104.225
81  10  -99.608
81  11  -94.0532
81  12  -87.9558
81  13  -81.5775
81  14  -75.0783
81  15  -68.5441
81  16  -62.0083
81  17  -55.4638
81  18  -48.8691
81  19  -42.1454
81  20  -35.1626
81  21  -27.7024
81  22  -19.366
81  23  -9.2923
81  24  -3.83448
81  25  34.653
82  1  -62.8121
82  2  -64.0609
82  3  -82.9941
82  4  -90.8652
82  5  -98.4354
82  6  -103.721
82  7  -106.04
82  8  -105.59
82  9  -102.96
82  10  -98.7953
82  11  -93.6368
82  12  -87.8825
82  13  -81.8012
82  14  -75.5601
82  15  -69.2523
82  16  -62.9171
82  17  -56.5527
82  18  -50.1227
82  19  -43.5516
82  20  -36.7132
82  21  -29.3939
82  22  -21.1996
82  23  -11.2796
82  24  -5.92706
82  25  32.3182
83  1  -61.1243
83  2  -75.3413
83  3  -79.8949
83  4  -87.8213
83  5  -95.6351
83  6  -101.31
83  7  -104.095
83  8  -104.123
83  9  -101.943
83  10  -98.1802
83  11  -93.3722
83  12  -87.9201
83  13  -82.099
83  14  -76.0829
83  15  -69.9714
83  16  -63.8097
83  17  -57.6005
83  18  -51.3113
83  19  -44.8707
83  20  -38.1556
83  21  -30.9559
83  22  -22.8831
83  23  -13.0953
83  24  0.894283
83  25  30.1197
84  1  -59.4174
84  2  -72.5309
84  3  -76.9938
84  4  -85.0036
84  5  -93.0723
84  6  -99.132
84  7  -102.366
84  8  -102.85
84  9  -101.097
84  10  -97.7145
84  11  -93.2365
84  12  -88.0681
84  13  -82.4902
84  14  -76.6837
84  15  -70.7546
84  16  -64.7534
84  17  -58.6874
84  18  -52.5279
84  19  -46.2067
84  20  -39.6043
84  21  -32.5142
84  22  -24.5527
84  23  -14.8867
84  24  -1.05572
84  25  27.8983
85  1  -57.5765
85  2  -69.6676
85  3  -74.0661
85  4  -82.1888
85  5  -90.5406
85  6  -97.009
85  7  -100.712
85  8  -101.669
85  9  -100.354
85  10  -97.361
85  11  -93.2202
85  12  -88.3404
85  13  -83.0094
85  14  -77.4151
85  15  -71.67
85  16  -65.8301
85  17  -59.9077
85  18  -53.8777
85  19  -47.676
85  20  -41.186
85  21  -34.2049
85  22  -26.3545
85  23  -16.8106
85  24  -3.14145
85  25  25.4658
86  1  -55.746
86  2  -66.9601
86  3  -71.3212
86  4  -79.5751
86  5  -88.2161
86  6  -95.0874
86  7  -99.2455
86  8  -100.656
86  9  -99.7616
86  10  -97.14
86  11  -93.3196
86  12  -88.7137
86  13  -83.6163
86  14  -78.2223
86  15  -72.6502
86  16  -66.9617
86  17  -61.1737
86  18  -55.2649
86  19  -49.1743
86  20  -42.7891
86  21  -35.9094
86  22  -28.1619
86  23  -18.7325
86  24  -5.21715
86  25  22.998
87  1  -53.9113
87  2  -64.3598
87  3  -68.7046
87  4  -77.106
87  5  -86.0435
87  6  -93.3165
87  7  -97.9224
87  8  -99.7767
87  9  -99.291
87  10  -97.0298
87  11  -93.5198
87  12  -89.1782
87  13  -84.3056
87  14  -79.104
87  15  -73.6978
87  16  -68.154
87  17  -62.5631
87  18  -56.7589
87  19  -50.764
87  20  -44.4677
87  21  -37.6734
87  22  -30.0114
87  23  -20.6736
87  24  -7.27551
87  25  20.6793
88  1  -52.2375
88  2  -62.0688
88  3  -66.4136
88  4  -74.9615
88  5  -84.1753
88  6  -91.8141
88  7  -96.8235
88  8  -99.0753
88  9  -98.9544
88  10  -97.0138
88  11  -93.7792
88  12  -89.6717
88  13  -84.9982
88  14  -79.9662
88  15  -74.7062
88  16  -69.2894
88  17  -63.7418
88  18  -58.0493
88  19  -52.1567
88  20  -45.9574
88  21  -39.2579
88  22  -31.694
88  23  -22.4688
88  24  -9.23242
88  25  18.1289
89  1  -50.4502
89  2  -59.6909
89  3  -64.0494
89  4  -72.7645
89  5  -82.2794
89  6  -90.3095
89  7  -95.7467
89  8  -98.4173
89  9  -98.6795
89  10  -97.0749
89  11  -94.1283
89  12  -90.2654
89  13  -85.799
89  14  -80.9436
89  15  -75.8351
89  16  -70.5505
89  17  -65.119
89  18  -59.5305
89  19  -53.7333
89  20  -47.6232
89  21  -41.0103
89  22  -33.5346
89  23  -24.4079
89  24  -11.3074
89  25  15.5805
90  1  -48.667
90  2  -57.3759
90  3  -61.7597
90  4  -70.652
90  5  -80.4735
90  6  -88.8956
90  7  -94.7575
90  8  -97.8423
90  9  -98.482
90  10  -97.2079
90  11  -94.5441
90  12  -90.9206
90  13  -86.657
90  14  -81.974
90  15  -77.0135
90  16  -71.8569
90  17  -66.5385
90  18  -61.051
90  19  -55.3462
90  20  -49.3223
90  21  -42.7932
90  22  -35.4027
90  23  -26.3715
90  24  -13.4037
90  25  12.9934
91  1  -46.9337
91  2  -55.1695
91  3  -59.5878
91  4  -68.6614
91  5  -78.7867
91  6  -87.5925
91  7  -93.8669
91  8  -97.3521
91  9  -98.3557
91  10  -97.3996
91  11  -95.0074
91  12  -91.6138
91  13  -87.5442
91  14  -83.0262
91  15  -78.2067
91  16  -73.1726
91  17  -67.9616
91  18  -62.5704
91  19  -56.9531
91  20  -51.0113
91  21  -44.5615
91  22  -37.2519
91  23  -28.3114
91  24  -15.4703
91  25  10.4364
92  1  -45.2407
92  2  -53.0474
92  3  -57.5079
92  4  -66.7665
92  5  -77.1947
92  6  -86.378
92  7  -93.0559
92  8  -96.9316
92  9  -98.2894
92  10  -97.6418
92  11  -95.5127
92  12  -92.3416
92  13  -88.4599
92  14  -84.1009
92  15  -79.4177
92  16  -74.5013
92  17  -69.3936
92  18  -64.0947
92  19  -58.5615
92  20  -52.6983
92  21  -46.3246
92  22  -39.0927
92  23  -30.2391
92  24  -17.5199
92  25  7.89762
93  1  -43.5385
93  2  -50.9408
93  3  -55.4514
93  4  -64.9037
93  5  -75.6419
93  6  -85.2083
93  7  -92.2937
93  8  -96.562
93  9  -98.2748
93  10  -97.9364
93  11  -96.0709
93  12  -93.1221
93  13  -89.4278
93  14  -85.2275
93  15  -80.6798
93  16  -75.8805
93  17  -70.8756
93  18  -65.6683
93  19  -60.2185
93  20  -54.4332
93  21  -48.0576
93  22  -40.9206
93  23  -32.1756
93  24  -19.6141
93  25  5.10557
94  1  -41.9704
94  2  -49.0195
94  3  -53.5822
94  4  -63.219
94  5  -74.2483
94  6  -84.1714
94  7  -91.634
94  8  -96.2649
94  9  -98.3052
94  10  -98.2513
94  11  -96.628
94  12  -93.8834
94  13  -90.361
94  14  -86.3061
94  15  -81.8824
94  16  -77.1904
94  17  -72.2792
94  18  -67.1553
94  19  -61.8156
94  20  -56.0952
94  21  -49.8592
94  22  -42.7673
94  23  -34.0698
94  24  -21.5668
94  25  2.97261
95  1  -40.3315
95  2  -47.028
95  3  -51.6552
95  4  -61.4953
95  5  -72.8262
95  6  -83.1257
95  7  -90.9851
95  8  -95.9961
95  9  -98.3793
95  10  -98.6231
95  11  -97.2526
95  12  -94.7211
95  13  -91.3778
95  14  -87.4743
95  15  -83.1798
95  16  -78.599
95  17  -73.7854
95  18  -68.7483
95  19  -63.4535
95  20  -57.8126
95  21  -51.6537
95  22  -44.6353
95  23  -36.0301
95  24  -23.6603
95  25  0.2874
96  1  -38.6887
96  2  -45.0452
96  3  -49.7344
96  4  -59.7764
96  5  -71.431
96  6  -82.1127
96  7  -90.3729
96  8  -95.7673
96  9  -98.4957
96  10  -99.0385
96  11  -97.7993
96  12  -95.4984
96  13  -92.3497
96  14  -88.6109
96  15  -84.4573
96  16  -79.9989
96  17  -75.293
96  18  -70.3524
96  19  -65.1464
96  20  -59.5898
96  21  -53.5142
96  22  -46.5896
96  23  -38.0858
96  24  -25.7695
96  25  -2.66663
97  1  -36.9647
97  2  -42.9791
97  3  -47.744
97  4  -58.0095
97  5  -70.0023
97  6  -81.09
97  7  -89.7744
97  8  -95.5695
97  9  -98.661
97  10  -99.5185
97  11  -98.6691
97  12  -96.5757
97  13  -93.6006
97  14  -90.0079
97  15  -85.9152
97  16  -81.5713
97  17  -76.9649
97  18  -72.1124
97  19  -66.9815
97  20  -61.4987
97  21  -55.4936
97  22  -48.5825
97  23  -40.2096
97  24  -28.1074
97  25  -5.36355
98  1  -35.4516
98  2  -41.1729
98  3  -46.0079
98  4  -56.4737
98  5  -68.7678
98  6  -80.2161
98  7  -89.2764
98  8  -95.4296
98  9  -98.8425
98  10  -99.9778
98  11  -99.364
98  12  -97.4686
98  13  -94.6596
98  14  -91.2069
98  15  -87.2962
98  16  -83.0457
98  17  -78.5207
98  18  -73.74
98  19  -68.6739
98  20  -63.2506
98  21  -57.3019
98  22  -50.5038
98  23  -42.1709
98  24  -30.1221
98  25  -7.56066
99  1  -33.7733
99  2  -39.1809
99  3  -44.0878
99  4  -54.7844
99  5  -67.4182
99  6  -79.2714
99  7  -88.753
99  8  -95.3108
99  9  -99.083
99  10  -100.529
99  11  -100.179
99  12  -98.5041
99  13  -95.8805
99  14  -92.584
99  15  -88.8058
99  16  -84.6696
99  17  -80.2441
99  18  -75.5517
99  19  -70.5695
99  20  -65.22
99  21  -59.3656
99  22  -52.6346
99  23  -44.346
99  24  -32.4094
99  25  -10.3746
100  1  -32.1111
100  2  -37.2056
100  3  -42.2101
100  4  -53.1369
100  5  -66.1079
100  6  -78.3696
100  7  -88.2729
100  8  -95.2308
100  9  -99.3611
100  10  -101.018
100  11  -100.943
100  12  -99.4994
100  13  -97.0702
100  14  -93.9378
100  15  -90.2998
100  16  -86.2844
100  17  -81.965
100  18  -77.3292
100  19  -72.44
100  20  -67.1784
100  21  -61.3892
100  22  -54.7509
100  23  -46.5749
100  24  -34.8198
100  25  -13.5989
101  1  -30.4512
101  2  -35.2558
101  3  -40.3513
101  4  -51.5149
101  5  -64.8337
101  6  -77.5026
101  7  -87.8294
101  8  -95.1883
101  9  -99.6774
101  10  -101.742
101  11  -101.842
101  12  -100.616
101  13  -98.3685
101  14  -95.3853
101  15  -91.8779
101  16  -87.9745
101  17  -83.7718
101  18  -79.2576
101  19  -74.4372
101  20  -69.2389
101  21  -63.5081
101  22  -56.9301
101  23  -48.8183
101  24  -37.148
101  25  -16.2726
102  1  -28.6804
102  2  -33.169
102  3  -38.3663
102  4  -49.7902
102  5  -63.4892
102  6  -76.6049
102  7  -87.3893
102  8  -95.1811
102  9  -100.059
102  10  -102.38
102  11  -102.847
102  12  -101.859
102  13  -99.8105
102  14  -96.9987
102  15  -93.6322
102  16  -89.85
102  17  -85.7335
102  18  -81.3157
102  19  -76.5802
102  20  -71.4611
102  21  -65.8102
102  22  -59.3141
102  23  -51.2952
102  24  -39.7568
102  25  -19.472
103  1  -26.9957
103  2  -31.1887
103  3  -36.4829
103  4  -48.1554
103  5  -62.2234
103  6  -75.7686
103  7  -86.9994
103  8  -95.213
103  9  -100.466
103  10  -103.189
103  11  -103.918
103  12  -103.149
103  13  -101.284
103  14  -98.6249
103  15  -95.3535
103  16  -91.6868
103  17  -87.6704
103  18  -83.3422
103  19  -78.6884
103  20  -73.6446
103  21  -68.0622
103  22  -61.638
103  23  -53.6934
103  24  -42.2563
103  25  -22.4061
104  1  -25.3726
104  2  -29.3016
104  3  -34.6966
104  4  -46.6167
104  5  -61.0414
104  6  -75.0041
104  7  -86.6639
104  8  -95.1836
104  9  -100.849
104  10  -103.887
104  11  -104.879
104  12  -104.335
104  13  -102.658
104  14  -100.158
104  15  -97.0564
104  16  -93.5002
104  17  -89.5787
104  18  -85.3359
104  19  -80.7608
104  20  -75.7905
104  21  -70.2795
104  22  -63.9284
104  23  -56.0669
104  24  -44.7473
104  25  -25.4097
105  1  -21.3515
105  2  -25.8584
105  3  -31.64
105  4  -44.0366
105  5  -59.0257
105  6  -73.5915
105  7  -85.8958
105  8  -95.0893
105  9  -101.157
105  10  -104.574
105  11  -105.882
105  12  -105.615
105  13  -104.222
105  14  -102.034
105  15  -99.0748
105  16  -95.6413
105  17  -91.8278
105  18  -87.6779
105  19  -83.1867
105  20  -78.2937
105  21  -72.8562
105  22  -66.5788
105  23  -58.797
105  24  -47.5814
105  25  -28.6311
106  1  -35.2526
106  2  -25.3801
106  3  -30.9936
106  4  -43.4438
106  5  -58.6307
106  6  -73.4828
106  7  -85.9545
106  8  -95.3644
106  9  -101.764
106  10  -105.476
106  11  -106.997
106  12  -106.935
106  13  -105.662
106  14  -103.503
106  15  -100.692
106  16  -97.3852
106  17  -93.6834
106  18  -89.634
106  19  -85.2352
106  20  -80.43
106  21  -75.0804
106  22  -68.8969
106  23  -61.2286
106  24  -50.1897
106  25  -23.9141
107  1  -33.4793
107  2  -23.3385
107  3  -29.0732
107  4  -41.8101
107  5  -57.4061
107  6  -72.7339
107  7  -85.7941
107  8  -95.7311
107  9  -102.518
107  10  -104.643
107  11  -107.337
107  12  -108.227
107  13  -107.761
107  14  -106.294
107  15  -104.082
107  16  -101.303
107  17  -98.0735
107  18  -94.4574
107  19  -90.4677
107  20  -86.062
107  21  -81.1201
107  22  -75.3792
107  23  -68.2388
107  24  -57.9587
107  25  -34.084
108  1  -31.7134
108  2  -21.2987
108  3  -27.1584
108  4  -40.188
108  5  -56.2012
108  6  -72.0135
108  7  -85.569
108  8  -95.9717
108  9  -103.173
108  10  -107.531
108  11  -109.68
108  12  -110.098
108  13  -109.226
108  14  -107.402
108  15  -104.872
108  16  -101.807
108  17  -98.3129
108  18  -94.4454
108  19  -90.2094
108  20  -85.553
108  21  -80.3437
108  22  -74.2988
108  23  -66.7793
108  24  -61.3604
108  25  -27.4653
109  1  -22.3357
109  2  -19.2247
109  3  -25.2164
109  4  -38.5517
109  5  -54.9979
109  6  -71.3606
109  7  -85.4248
109  8  -96.3045
109  9  -103.93
109  10  -108.692
109  11  -111.139
109  12  -111.808
109  13  -111.145
109  14  -109.495
109  15  -107.112
109  16  -104.171
109  17  -100.785
109  18  -97.0116
109  19  -92.8602
109  20  -88.2811
109  21  -86.0035
109  22  -81.6747
109  23  -73.7085
109  24  -62.2797
109  25  -36.9409
110  1  -30.1487
110  2  -17.3515
110  3  -22.5501
110  4  -36.3171
110  5  -53.3053
110  6  -70.2139
110  7  -84.8645
110  8  -96.3176
110  9  -104.652
110  10  -109.771
110  11  -112.518
110  12  -113.439
110  13  -112.986
110  14  -111.512
110  15  -109.278
110  16  -106.465
110  17  -105.801
110  18  -104.366
110  19  -102.022
110  20  -98.8738
110  21  -92.1194
110  22  -84.4175
110  23  -74.9635
110  24  -61.7738
110  25  -28.2772
111  1  -30.0045
111  2  -15.7861
111  3  -20.6724
111  4  -34.4391
111  5  -52.2647
111  6  -70.0578
111  7  -85.1401
111  8  -96.9753
111  9  -105.446
111  10  -110.936
111  11  -114.
111  12  -115.183
111  13  -114.949
111  14  -113.66
111  15  -114.358
111  16  -113.855
111  17  -112.385
111  18  -110.099
111  19  -106.171
111  20  -102.104
111  21  -96.3263
111  22  -89.6675
111  23  -80.959
111  24  -68.8376
111  25  -39.0706
112  1  -27.0025
112  2  -14.1097
112  3  -19.9883
112  4  -33.9024
112  5  -52.0747
112  6  -69.6018
112  7  -85.0973
112  8  -97.4032
112  9  -106.371
112  10  -112.264
112  11  -115.665
112  12  -117.13
112  13  -117.13
112  14  -118.868
112  15  -119.13
112  16  -118.248
112  17  -114.181
112  18  -109.923
112  19  -106.672
112  20  -101.512
112  21  -95.9489
112  22  -89.4681
112  23  -81.2496
112  24  -69.463
112  25  -42.0938
113  1  -27.5153
113  2  -13.7639
113  3  -19.5511
113  4  -33.5753
113  5  -51.3271
113  6  -69.3218
113  7  -85.1956
113  8  -97.8736
113  9  -107.185
113  10  -113.453
113  11  -121.075
113  12  -125.6
113  13  -127.803
113  14  -128.257
113  15  -127.386
113  16  -125.663
113  17  -120.964
113  18  -115.928
113  19  -110.539
113  20  -104.561
113  21  -97.9956
113  22  -90.4839
113  23  -81.2415
113  24  -68.0121
113  25  -36.4591
114  1  -22.634
114  2  -9.78931
114  3  -16.1328
114  4  -30.8054
114  5  -49.3029
114  6  -68.0658
114  7  -84.6759
114  8  -97.9677
114  9  -107.75
114  10  -114.434
114  11  -122.513
114  12  -127.256
114  13  -129.552
114  14  -130.246
114  15  -127.427
114  16  -123.957
114  17  -120.07
114  18  -115.644
114  19  -110.851
114  20  -105.627
114  21  -99.8185
114  22  -93.1117
114  23  -84.8015
114  24  -72.8634
114  25  -45.2111
115  1  -22.2857
115  2  -8.94571
115  3  -15.3624
115  4  -30.2893
115  5  -49.1662
115  6  -68.3728
115  7  -92.3247
115  8  -105.23
115  9  -119.26
115  10  -128.75
115  11  -134.591
115  12  -137.85
115  13  -136.442
115  14  -134.052
115  15  -130.784
115  16  -126.958
115  17  -122.729
115  18  -118.144
115  19  -113.196
115  20  -107.816
115  21  -101.848
115  22  -94.9658
115  23  -87.8531
115  24  -75.9264
115  25  -57.6637
116  1  -21.3803
116  2  -7.47344
116  3  -13.9342
116  4  -29.1264
116  5  -48.4266
116  6  -68.1487
116  7  -85.7532
116  8  -105.201
116  9  -119.811
116  10  -129.52
116  11  -135.531
116  12  -137.253
116  13  -136.801
116  14  -135.123
116  15  -132.662
116  16  -129.608
116  17  -126.031
116  18  -122.098
116  19  -117.717
116  20  -112.887
116  21  -107.474
116  22  -102.219
116  23  -94.5473
116  24  -83.5357
116  25  -59.1479
117  1  -19.1161
117  2  -5.19355
117  3  -11.8606
117  4  -27.8404
117  5  -47.5559
117  6  -67.7712
117  7  -91.8316
117  8  -111.089
117  9  -124.789
117  10  -134.894
117  11  -140.704
117  12  -141.277
117  13  -140.335
117  14  -138.231
117  15  -135.437
117  16  -132.038
117  17  -128.194
117  18  -123.914
117  19  -120.253
117  20  -116.306
117  21  -110.81
117  22  -104.431
117  23  -96.6153
117  24  -85.2557
117  25  -59.8989
118  1  -17.3048
118  2  -3.14603
118  3  -10.0109
118  4  -25.9631
118  5  -46.5536
118  6  -74.2367
118  7  -97.7829
118  8  -116.163
118  9  -128.732
118  10  -135.355
118  11  -139.197
118  12  -140.892
118  13  -140.815
118  14  -139.581
118  15  -137.533
118  16  -134.836
118  17  -131.624
118  18  -127.973
118  19  -123.856
118  20  -119.274
118  21  -114.103
118  22  -108.124
118  23  -100.582
118  24  -89.7193
118  25  -65.8166
119  1  -13.1163
119  2  0.491674
119  3  -6.82436
119  4  -23.3231
119  5  -52.3745
119  6  -80.546
119  7  -104.015
119  8  -122.386
119  9  -131.059
119  10  -137.859
119  11  -141.647
119  12  -143.34
119  13  -143.408
119  14  -142.292
119  15  -140.305
119  16  -138.334
119  17  -135.272
119  18  -131.85
119  19  -127.971
119  20  -123.556
119  21  -118.657
119  22  -112.767
119  23  -105.404
119  24  -94.8026
119  25  -71.87
120  1  -13.6148
120  2  0.715521
120  3  -6.57528
120  4  -23.3126
120  5  -52.1162
120  6  -79.4638
120  7  -103.191
120  8  -116.917
120  9  -128.386
120  10  -136.028
120  11  -140.795
120  12  -143.316
120  13  -144.39
120  14  -144.454
120  15  -143.127
120  16  -141.053
120  17  -138.388
120  18  -135.28
120  19  -131.7
120  20  -127.64
120  21  -122.948
120  22  -117.416
120  23  -110.464
120  24  -100.434
120  25  -79.3796
121  1  -13.2893
121  2  1.68195
121  3  -5.61694
121  4  -31.6353
121  5  -60.403
121  6  -87.505
121  7  -110.464
121  8  -124.734
121  9  -134.821
121  10  -141.5
121  11  -145.427
121  12  -147.187
121  13  -147.333
121  14  -146.278
121  15  -144.325
121  16  -141.704
121  17  -138.525
121  18  -134.882
121  19  -130.837
121  20  -126.314
121  21  -121.189
121  22  -115.184
121  23  -107.606
121  24  -96.6582
121  25  -72.7741
122  1  -10.3475
122  2  4.4554
122  3  -3.16931
122  4  -28.9873
122  5  -57.8534
122  6  -85.3112
122  7  -104.859
122  8  -120.463
122  9  -131.82
122  10  -139.634
122  11  -144.536
122  12  -147.159
122  13  -148.124
122  14  -147.758
122  15  -146.364
122  16  -144.221
122  17  -141.485
122  18  -138.246
122  19  -134.573
122  20  -130.424
122  21  -125.653
122  22  -120.019
122  23  -112.869
122  24  -102.508
122  25  -80.4387
123  1  -10.0498
123  2  5.36411
123  3  -2.31006
123  4  -28.3371
123  5  -57.0726
123  6  -80.1089
123  7  -100.691
123  8  -117.202
123  9  -129.7
123  10  -138.546
123  11  -144.356
123  12  -147.769
123  13  -149.36
123  14  -149.552
123  15  -148.679
123  16  -146.995
123  17  -144.67
123  18  -141.804
123  19  -138.441
123  20  -134.599
123  21  -130.148
123  22  -124.844
123  23  -118.123
123  24  -108.291
123  25  -87.8426
124  1  -7.33775
124  2  7.94152
124  3  -10.4092
124  4  -36.2026
124  5  -64.6007
124  6  -87.5988
124  7  -107.702
124  8  -123.955
124  9  -135.71
124  10  -144.613
124  11  -150.423
124  12  -153.801
124  13  -155.317
124  14  -155.43
124  15  -154.481
124  16  -152.72
124  17  -150.315
124  18  -147.371
124  19  -143.931
124  20  -139.976
124  21  -135.44
124  22  -130.046
124  23  -123.223
124  24  -113.264
124  25  -92.6124
125  1  -4.01964
125  2  11.1027
125  3  -6.67546
125  4  -32.377
125  5  -56.322
125  6  -80.7062
125  7  -102.359
125  8  -120.647
125  9  -133.828
125  10  -143.96
125  11  -150.799
125  12  -155.062
125  13  -157.339
125  14  -158.107
125  15  -157.727
125  16  -156.466
125  17  -154.578
125  18  -152.03
125  19  -148.958
125  20  -145.353
125  21  -141.161
125  22  -136.127
125  23  -129.714
125  24  -120.321
125  25  -101.467
126  1  -4.07432
126  2  11.782
126  3  -5.76395
126  4  -31.0725
126  5  -48.5448
126  6  -74.9249
126  7  -99.0214
126  8  -119.137
126  9  -134.832
126  10  -146.424
126  11  -154.6
126  12  -159.902
126  13  -163.102
126  14  -164.654
126  15  -164.949
126  16  -164.275
126  17  -162.836
126  18  -160.767
126  19  -158.139
126  20  -154.96
126  21  -151.161
126  22  -146.572
126  23  -140.675
126  24  -132.066
126  25  -115.523
127  1  45.6394
127  2  47.5723
127  3  44.0304
127  4  18.0964
127  5  -12.9633
127  6  -44.9356
127  7  -74.2768
127  8  -99.1129
127  9  -118.826
127  10  -133.794
127  11  -144.789
127  12  -152.419
127  13  -157.571
127  14  -160.773
127  15  -162.483
127  16  -163.044
127  17  -162.708
127  18  -161.647
127  19  -159.998
127  20  -157.748
127  21  -154.897
127  22  -151.305
127  23  -146.629
127  24  -138.043
127  25  -124.587
128  1  3.29956
128  2  18.8437
128  3  2.39833
128  4  -9.24867
128  5  -37.4096
128  6  -64.5258
128  7  -92.9443
128  8  -117.23
128  9  -136.69
128  10  -151.56
128  11  -162.454
128  12  -170.205
128  13  -175.408
128  14  -178.663
128  15  -180.42
128  16  -181.017
128  17  -180.703
128  18  -179.649
128  19  -177.961
128  20  -175.761
128  21  -172.855
128  22  -169.179
128  23  -164.377
128  24  -157.313
128  25  -145.802
129  1  5.36302
129  2  21.4038
129  3  5.81423
129  4  -15.7793
129  5  -44.5232
129  6  -73.5611
129  7  -100.449
129  8  -123.243
129  9  -141.363
129  10  -154.819
129  11  -164.997
129  12  -172.143
129  13  -176.391
129  14  -179.042
129  15  -180.273
129  16  -180.405
129  17  -179.667
129  18  -178.215
129  19  -176.139
129  20  -173.465
129  21  -170.138
129  22  -165.975
129  23  -160.511
129  24  -152.453
129  25  -137.744
130  1  17.3958
130  2  224.636
130  3  218.416
130  4  188.018
130  5  141.114
130  6  84.1275
130  7  25.4034
130  8  -29.656
130  9  -78.2206
130  10  -119.436
130  11  -153.614
130  12  -181.604
130  13  -204.404
130  14  -222.969
130  15  -238.13
130  16  -250.581
130  17  -260.886
130  18  -269.501
130  19  -276.796
130  20  -283.082
130  21  -288.635
130  22  -293.742
130  23  -298.81
130  24  -304.94
130  25  -330.742
