1  1  0.901065229674130959
1  2  0.9024786155513495037
1  3  0.906616924080237159
1  4  0.91417584099531460
1  5  0.9259728504784206609
1  6  0.942942854529960899
1  7  0.966114872833126256
1  8  0.99656
1  9  1.03529606949757817
1  10  1.08315013399878625
1  11  1.14056287310985874
1  12  1.207369820869209481
1  13  1.282593929846686824
1  14  1.364321809170277373
1  15  1.449738996815258362
1  16  1.535371196235909833
1  17  1.617511703232675266
1  18  1.692736827676509260
1  19  1.758365956042281738
1  20  1.812742191583578016
1  21  1.85528303954032670
1  22  1.886334197649145510
1  23  1.90691054282705787
1  24  1.918413502138867703
1  25  1.922387681031410930
2  1  2.654657969262184636
2  2  2.65990525433480986
2  3  2.675291235491000923
2  4  2.70350350356897903
2  5  2.747822028369876670
2  6  2.81220107308075913
2  7  2.901326131539011788
2  8  3.020613801359223571
2  9  3.176104793967565256
2  10  3.37417991366119378
2  11  3.621012659549151850
2  12  3.921675279481287834
2  13  4.27886285346488728
2  14  4.69132146289857930
2  15  5.15227191347911402
2  16  5.64835973817766134
2  17  6.15979199428365418
2  18  6.66214549721833269
2  19  7.12976127234601150
2  20  7.53988339495302692
2  21  7.87622915108932029
2  22  8.1308686708003283
2  23  8.30405287417356232
2  24  8.40245366083165627
2  25  8.43670215232073818
3  1  5.59281675635696763
3  2  5.60567652631714103
3  3  5.643434939584384282
3  4  5.712889210952862819
3  5  5.822575821683224540
3  6  5.98319192295172377
3  7  6.20809
3  8  6.513809224507669769
3  9  6.92064413994351941
3  10  7.45304791546205500
3  11  8.13974369012134884
3  12  9.01312101516894997
3  13  10.10736283807411428
3  14  11.45452897122534895
3  15  13.07778430914501162
3  16  14.98139105349092989
3  17  17.1384080262316663
3  18  19.4794423026028092
3  19  21.88848188798285222
3  20  24.2124381499683625
3  21  26.2867323525698985
3  22  27.97038296138401
3  23  29.17651321129004887
3  24  29.8852778137125348
3  25  30.1360624751431557
4  1  8.62530604120744650
4  2  8.64656489643879976
4  3  8.70903170065641104
4  4  8.824132126895836654
4  5  9.00642957147510718
4  6  9.2745355565118063
4  7  9.65228416820274288
4  8  10.170231630201083735
4  9  10.86753625568316115
4  10  11.79424099110951928
4  11  13.01388947588358923
4  12  14.60619986221284510
4  13  16.66910200387692749
4  14  19.3186716363009046
4  15  22.68422264095496656
4  16  26.89406853658775443
4  17  32.04590943637535757
4  18  38.1566432845506559
4  19  45.0940267741635927
4  20  52.5113725305605432
4  21  59.831552465835074
4  22  66.3322692858849028
4  23  71.33669987646792289
4  24  74.4255431889610041
4  25  75.5461657926212705
5  1  13.32307780618322995
5  2  13.3572442371731867
5  3  13.45769202233927797
5  4  13.64299860930115094
5  5  13.93708564629696482
5  6  14.3709361199241957
5  7  14.98492415939258891
5  8  15.83199145912373373
5  9  16.9819920636209645
5  10  18.52763881648555362
5  11  20.5926110323011173
5  12  23.3424852370914923
5  13  26.999116082220120
5  14  31.85863570289642205
5  15  38.3116901742498454
5  16  46.8604748541230155
5  17  58.1179337021629545
5  18  72.7565009965150664
5  19  91.3462578153166648
5  20  114.0028131731291016
5  21  139.820851566041732
5  22  166.3176910039642214
5  23  189.517
5  24  205.2715403872508971
5  25  211.2894140798023808
6  1  20.05626501100042242
6  2  20.10699204342604833
6  3  20.25613016032723859
6  4  20.5312856403803650
6  5  20.9680346438198234
6  6  21.6125030140461331
6  7  22.5248789664614216
6  8  23.78422372918287383
6  9  25.4950894268845934
6  10  27.7966442198656838
6  11  30.87523755325568615
6  12  34.98157184803126289
6  13  40.4537394001734081
6  14  47.7469454001108552
6  15  57.4688103865284711
6  16  70.4135636016954708
6  17  87.574848852052068
6  18  110.088238405923807
6  19  139.0056337884498073
6  20  174.753864987390318
6  21  216.182156469256538
6  22  259.4861322672134631
6  23  298.072028754987494
6  24  324.6421671929861124
6  25  334.870196037269894
7  1  28.2860906919763773
7  2  28.3518347977574226
7  3  28.5449964883887659
7  4  28.900888733693483
7  5  29.4645029334316864
7  6  30.293304146721830
7  7  31.4608284694709530
7  8  33.06126176338174344
7  9  35.2152
7  10  38.07631615259447524
7  11  41.83963409685940211
7  12  46.74890855215953170
7  13  53.10247928061170839
7  14  61.2520422566738202
7  15  71.5861982396350401
7  16  84.4851283682825213
7  17  100.228588297795648
7  18  118.8430142478446834
7  19  139.897946027075550
7  20  162.3187529400195446
7  21  184.354355014803442
7  22  203.8473470791830307
7  23  218.8051508264708220
7  24  228.01632032938961
7  25  231.353831428298853
8  1  38.4605332285509574
8  2  38.5344199558230630
8  3  38.7511931963820020
8  4  39.1493810776640030
8  5  39.7767959939192167
8  6  40.69240110785361422
8  7  41.9682331930129755
8  8  43.6910923593295324
8  9  45.963456341382425
8  10  48.9026957469647088
8  11  52.6371535745687001
8  12  57.2970879578328707
8  13  62.9981262755740630
8  14  69.8153116284326694
8  15  77.7479338729798844
8  16  86.67997331274468090
8  17  96.347839436284854
8  18  106.3330997011685316
8  19  116.0969431099098295
8  20  125.0598597700600277
8  21  132.7073673975039904
8  22  138.6847832416689126
8  23  142.846312765397499
8  24  145.246385663280142
8  25  146.087596038446016
9  1  47.32776944485591595
9  2  47.3977611828441886
9  3  47.6027720471441633
9  4  47.9780607908929072
9  5  48.5660208047387921
9  6  49.4167219878939412
9  7  50.5878413274883259
9  8  52.143485523820837
9  9  54.1512270198353799
9  10  56.676548350969008
9  11  59.7739612735834882
9  12  63.474556817402122
9  13  67.7708814830555139
9  14  72.6018642306676147
9  15  77.8425640454644676
9  16  83.304562351577703
9  17  88.7513247408562924
9  18  93.9281309344814501
9  19  98.5998267726992152
9  20  102.5853504682058239
9  21  105.7788459466544064
9  22  108.1529112368195408
9  23  109.7465130398195041
9  24  110.6444475661221478
9  25  110.9556005076685550
10  1  53.7175728609146457
10  2  53.7777879508432165
10  3  53.9539262722006560
10  4  54.27545454711928514
10  5  54.7768438545114201
10  6  55.4972658035144566
10  7  56.47944010339744948
10  8  57.7672024238080421
10  9  59.4013445154621613
10  10  61.4134298900748551
10  11  63.817728143784288
10  12  66.6022137742363384
10  13  69.720636975655151
10  14  73.0885718017946393
10  15  76.5863649871169860
10  16  80.070420877144592
10  17  83.391393554388652
10  18  86.414867225711803
10  19  89.0387677854819278
10  20  91.203012607390609
10  21  92.890035452133145
10  22  94.1179810091813170
10  23  94.9300471661936133
10  24  95.3833776566876542
10  25  95.539760302716798
11  1  57.9813620430740386
11  2  58.031628394382253
11  3  58.17852460737842768
11  4  58.4461354634465865
11  5  58.8620648637382326
11  6  59.4567649821408334
11  7  60.2620238988144860
11  8  61.30830101018741193
11  9  62.6206843053235958
11  10  64.2135114401427662
11  11  66.0842016918182462
11  12  68.2075369751518662
11  13  70.5322593830117639
11  14  72.9819760626057319
11  15  75.4615532671589693
11  16  77.8684360350469083
11  17  80.1063406126028231
11  18  82.0976450955250380
11  19  83.7912837251477313
11  20  85.164763875220636
11  21  86.221007245064695
11  22  86.9820399041775497
11  23  87.4817711284452243
11  24  87.7595220262832671
11  25  87.855133966350195
12  1  61.33017666282341168
12  2  61.3706455830096695
12  3  61.4888177305675033
12  4  61.7037470770385082
12  5  62.0368957620540240
12  6  62.51133922545829527
12  7  63.1502327644247533
12  8  63.9743411572379288
12  9  64.9985661432632804
12  10  66.227696929973675
12  11  67.6520557025070330
12  12  69.244197252249922
12  13  70.9580853440214511
12  14  72.7318830354490407
12  15  74.49451451485957147
12  16  76.1747704562744717
12  17  77.7106
12  18  79.0563565025777902
12  19  80.1857597459424351
12  20  81.0916189632203639
12  21  81.7822187730328648
12  22  82.2765890818393345
12  23  82.5997650811531963
12  24  82.778891575887817
12  25  82.8404717626137535
13  1  63.7594810909936110
13  2  63.79172851650793421
13  3  63.8858383845343206
13  4  64.0567946327262706
13  5  64.3212515415862033
13  6  64.6967579984206046
13  7  65.2003683790214845
13  8  65.846519897818766
13  9  66.6442
13  10  67.5936822017745193
13  11  68.6835015796130413
13  12  69.8885880077204119
13  13  71.1706180346078386
13  14  72.4811568615111729
13  15  73.76731893253184132
13  16  74.9786782836914278
13  17  76.0736081826514203
13  18  77.0234579158810220
13  19  77.8138486054839392
13  20  78.4433803513987136
13  21  78.9207001718492884
13  22  79.2610123997028408
13  23  79.482859391572423
13  24  79.6056121162052195
13  25  79.6477774833161012
14  1  65.7554846402579640
14  2  65.7802658027630582
14  3  65.8525510013921722
14  4  65.9837271514070875
14  5  66.1863067193519314
14  6  66.4732443990851042
14  7  66.856771829728003
14  8  67.3466853486492657
14  9  67.9481528879294754
14  10  68.6593255550608377
14  11  69.4693040845180270
14  12  70.3571993816519350
14  13  71.292967878180606
14  14  72.240282223350846
14  15  73.1610020276234635
14  16  74.0201584363566790
14  17  74.7901361990964529
14  18  75.453074141907965
14  19  76.0012035918748102
14  20  76.435513702502741
14  21  76.7634842939847756
14  22  76.9966192858680628
14  23  77.148287234013936
14  24  77.2321031332149365
14  25  77.2608764464353404
15  1  67.4306872112901341
15  2  67.4487017056592418
15  3  67.5012270045801948
15  4  67.596461800218156
15  5  67.7433261225695206
15  6  67.950912870009402
15  7  68.227585100701215
15  8  68.5796900144883202
15  9  69.0099681468162332
15  10  69.5159024327067045
15  11  70.0884331596910139
15  12  70.711563968086390
15  13  71.36328246875293
15  14  72.01786546953401
15  15  72.6491389399210176
15  16  73.2338662090392952
15  17  73.754380192035314
15  18  74.199893622950637
15  19  74.5664223039722248
15  20  74.855672702310831
15  21  75.0734200603198718
15  22  75.2278489784518219
15  23  75.3281561479149859
15  24  75.3835353543407581
15  25  75.402537811015652
16  1  68.8928886129353559
16  2  68.90462039867090465
16  3  68.9388143919481348
16  4  69.000764583044028
16  5  69.096179487828159
16  6  69.230796307459483
16  7  69.4097634325131834
16  8  69.6367833493679536
16  9  69.913084503702885
16  10  70.2364011140808180
16  11  70.600249477976343
16  12  70.9938305333395237
16  13  71.4028
16  14  71.810818854480606
16  15  72.2017525348063598
16  16  72.5616356001304969
16  17  72.8802122477333674
16  18  73.1515604541473472
16  19  73.373891385102783
16  20  73.5487695969259976
16  21  73.6800834420863379
16  22  73.773039265501015
16  23  73.8333404901537099
16  24  73.866606625266054
16  25  73.878017066929663
17  1  70.0568386857699927
17  2  70.0633167527002314
17  3  70.0821923291026734
17  4  70.11636855016797861
17  5  70.1689531114371260
17  6  70.2430329089677874
17  7  70.3413207976354496
17  8  70.4656751261768530
17  9  70.6165375427204382
17  10  70.7923959606271719
17  11  70.9894355162775101
17  12  71.2015524372611738
17  13  71.4208383630803476
17  14  71.6384967950684706
17  15  71.846
17  16  72.0360964848483012
17  17  72.2036697400153556
17  18  72.345873586925753
17  19  72.4620297429090928
17  20  72.553167791478649
17  21  72.6214714818381485
17  22  72.6697553950945693
17  23  72.7010476388378376
17  24  72.718300414126328
17  25  72.7242165107520850
18  1  71.1617980180553618
18  2  71.1630803355686912
18  3  71.1668154536919623
18  4  71.17357419424040624
18  5  71.18396328884368447
18  6  71.1985785084954116
18  7  71.2179325608108344
18  8  71.2423588641400106
18  9  71.2719016286177949
18  10  71.3062148107923715
18  11  71.3445026078870458
18  12  71.3855345001991662
18  13  71.4277521865669933
18  14  71.469455930795572
18  15  71.5090266982044541
18  16  71.5451254207589487
18  17  71.5768209719791343
18  18  71.6036274367367007
18  19  71.625462273436626
18  20  71.6425557004701869
18  21  71.6553442532781538
18  22  71.66437303730818914
18  23  71.6702194078763384
18  24  71.6734410268888970
18  25  71.6745454010780722
19  1  72.0965837938575488
19  2  72.0933113775469110
19  3  72.0837809394503230
19  4  72.0665437953137863
19  5  72.0401
19  6  72.0028702661781003
19  7  71.9536894827072601
19  8  71.8917493097973611
19  9  71.817027708921600
19  10  71.7305044639299443
19  11  71.634292307311446
19  12  71.5315728599092454
19  13  71.4263017599436682
19  14  71.3227248594644936
19  15  71.22482249031389
19  16  71.135828746525686
19  17  71.057939272603803
19  18  70.9922453874225223
19  19  70.9388574301590856
19  20  70.897138816222884
19  21  70.8659703808271003
19  22  70.8439876678143001
19  23  70.8297630593810355
19  24  70.8219277865945200
19  25  70.8192
20  1  72.8603300722862792
20  2  72.85322757183313650
20  3  72.83254695639529115
20  4  72.7951587394471051
20  5  72.7377735418191619
20  6  72.65722049161942674
20  7  72.5508639599522276
20  8  72.4171438711701249
20  9  72.2561698570471162
20  10  72.07023341039411700
20  11  71.8640556684515941
20  12  71.6446042303789475
20  13  71.4204171357889929
20  14  71.200541788550767
20  15  70.9933511888015181
20  16  70.8055500995270194
20  17  70.6415994160405627
20  18  70.5036212127639872
20  19  70.3916922235961780
20  20  70.3043545491340339
20  21  70.2391758001160195
20  22  70.193243129746590
20  23  70.1635373116301542
20  24  70.1471801313673615
20  25  70.1415744290734438
21  1  73.5762791388455289
21  2  73.565497144160767
21  3  73.5341087944441635
21  4  73.4773843663871693
21  5  73.3903764105948618
21  6  73.2683540880656340
21  7  73.1074
21  8  72.9054646479946283
21  9  72.6627955721569535
21  10  72.3831446680364201
21  11  72.073861196350577
21  12  71.7456
21  13  71.4112415833773325
21  14  71.0842814855695200
21  15  70.777056036727545
21  16  70.4993098126935781
21  17  70.2574008722230284
21  18  70.0542203921579729
21  19  69.8896707501996081
21  20  69.7614422484663766
21  21  69.665843583435410
21  22  69.5985228076477798
21  23  69.5550064910728575
21  24  69.5310520141076627
21  25  69.5228438996467962
22  1  74.2118473846351072
22  2  74.1977265339513567
22  3  74.1566250827767297
22  4  74.0824
22  5  73.9685447873554881
22  6  73.8090402142177601
22  7  73.5989395588212737
22  8  73.335584630679461
22  9  73.019731678048700
22  10  72.6564900195858065
22  11  72.2556856027043006
22  12  71.831347808640794
22  13  71.400250906764378
22  14  70.9797798128742009
22  15  70.5856645920676295
22  16  70.2301778303164410
22  17  69.921185286262911
22  18  69.6621101529901437
22  19  69.4525929916688731
22  20  69.2895083593083661
22  21  69.1680289510607227
22  22  69.0825370144700362
22  23  69.0272985994907758
22  24  68.9968994231311358
22  25  68.98648432487142397
23  1  74.8354692344621643
23  2  74.8180058598153233
23  3  74.7672
23  4  74.6754023449638097
23  5  74.5347797335434362
23  6  74.3378887067487778
23  7  74.0788261591098814
23  8  73.754553831880369
23  9  73.3663058556159878
23  10  72.9207027527545828
23  11  72.4301278270776696
23  12  71.9120109456514541
23  13  71.3869657895446497
23  14  70.8761433989495446
23  15  70.3984848843444784
23  16  69.9685899811314126
23  17  69.5956484227275467
23  18  69.2834750633960805
23  19  69.0313627648182728
23  20  68.8353365736061889
23  21  68.6894409137163916
23  22  68.5868279786920279
23  23  68.520554539006761
23  24  68.4840916295891959
23  25  68.4716005353800962
24  1  75.4247897895935526
24  2  75.4041071213390792
24  3  75.3439255812227441
24  4  75.23527696957297728
24  5  75.0688992961360761
24  6  74.8361263703305403
24  7  74.5301688934393842
24  8  74.1477046603561354
24  9  73.6905241463731433
24  10  73.1667966232737395
24  11  72.5914343925631811
24  12  71.9851557245136752
24  13  71.372217028929210
24  14  70.7772752186953546
24  15  70.2221974470323488
24  16  69.7236453258157236
24  17  69.2919232769450849
24  18  68.9311036947661799
24  19  68.6400738613712719
24  20  68.4140155858250196
24  21  68.2458971775619449
24  22  68.1277202348007944
24  23  68.0514235747826407
24  24  68.0094556851324510
24  25  67.9950803432099759
25  1  75.9664419392091312
25  2  75.9427483027472287
25  3  75.8738155012829923
25  4  75.74940506829643158
25  5  75.558983560425648
25  6  75.2927600897678202
25  7  74.9431687449196637
25  8  74.5067
25  9  73.9857210092635582
25  10  73.3899515002056075
25  11  72.7367
25  12  72.0498072124853603
25  13  71.3568454494104935
25  14  70.6856585155087844
25  15  70.0607092845796632
25  16  69.50043880559857892
25  17  69.016063066795830
25  18  68.6117994459543754
25  19  68.2861008067431151
25  20  68.0333424741181376
25  21  67.8454970605765928
25  22  67.713519400577297
25  23  67.6283418072458519
25  24  67.5814985563432370
25  25  67.5654548403622324
26  1  76.4892286248752485
26  2  76.4625814832838977
26  3  76.3850667352491498
26  4  76.2452080781994866
26  5  76.0312425985842642
26  6  75.7323074019624992
26  7  75.3401223559098698
26  8  74.8510411965183834
26  9  74.2681181443333451
26  10  73.60261277227604591
26  11  72.8742711434204111
26  12  72.1099197742901315
26  13  71.3404135413285662
26  14  70.5965990269772969
26  15  69.9053588730398631
26  16  69.2867482905261258
26  17  68.75276383563630946
26  18  68.30768341500834854
26  19  67.9494881350775468
26  20  67.67174892700969192
26  21  67.46547282920162404
26  22  67.3206146328640449
26  23  67.2271540714957648
26  24  67.1757656676639088
26  25  67.158166894006853
27  1  76.9871263312783173
27  2  76.9576229124838255
27  3  76.8718108605048983
27  4  76.71702435631219029
27  5  76.480327838236713
27  6  76.1498504162925358
27  7  75.71666479537085706
27  8  75.1770579923867933
27  9  74.5347900239905079
27  10  73.802693546993482
27  11  73.0028886276682904
27  12  72.1651269937345436
27  13  71.3233516731932066
27  14  70.5112369047365570
27  15  69.7578914876082436
27  16  69.0848151840065219
27  17  68.5046601698361973
27  18  68.0216927403423476
27  19  67.6333996800589461
27  20  67.3325641612374225
27  21  67.1092706194150590
27  22  66.9525311505263531
27  23  66.8514352813809997
27  24  66.7958588124629165
27  25  66.7768274300859089
28  1  77.4911704382313029
28  2  77.4587322843452167
28  3  77.3643971573057757
28  4  77.1942846633125209
28  5  76.93427079585913870
28  6  76.5714777274205433
28  7  76.09635660566382972
28  8  75.5051828494666578
28  9  74.8025055465828520
28  10  74.0028314616007350
28  11  73.1307545078650136
28  12  72.2190279420874817
28  13  71.3047181801946222
28  14  70.4243155449191794
28  15  69.6091043885584971
28  16  68.8819562376389499
28  17  68.2561024610650927
28  18  67.7357318213494185
28  19  67.3177886073290691
28  20  66.994238881310723
28  21  66.7542311503848712
28  22  66.5858331643818148
28  23  66.4772499564060351
28  24  66.4175681938136417
28  25  66.3971327788229273
29  1  77.9673275989873004
29  2  77.9320770798536844
29  3  77.8295762715528713
29  4  77.6447879705103921
29  5  77.3624645977311893
29  6  76.9687901184814655
29  7  76.453660217930658
29  8  75.8133915990842828
29  9  75.0533477117981683
29  10  74.1896913814239072
29  11  73.2494168252001886
29  12  72.2681473557576095
29  13  71.2858947938480765
29  14  70.3417652216187779
29  15  69.4690259564979932
29  16  68.6918
29  17  68.0236763817904008
29  18  67.468826236673186
29  19  67.02360684968943931
29  20  66.6791958456757174
29  21  66.4238566607931358
29  22  66.2447744168580151
29  23  66.1293338257066571
29  24  66.0658935965040773
29  25  66.0441729979403067
30  1  78.3968401100533040
30  2  78.3590193300412585
30  3  78.2490574805573041
30  4  78.0508661315151705
30  5  77.74818373492832863
30  6  77.3263592373213326
30  7  76.7748142174765044
30  8  76.0899465710684370
30  9  75.27791180862558360
30  10  74.3564280542059036
30  11  73.354705991157905
30  12  72.310984658125503
30  13  71.2679265058619609
30  14  70.2669588674053569
30  15  69.3430775979686954
30  16  68.5213949958884553
30  17  67.8159778691938608
30  18  67.23071861702702140
30  19  66.7614883842323021
30  20  66.398741016056895
30  21  66.1299414486848770
30  22  65.9414866991452820
30  23  65.8200340526183201
30  24  65.7532998128001974
30  25  65.7304530343954992
31  1  78.8238757426705835
31  2  78.7834680677518184
31  3  78.6659985000765273
31  4  78.4543262788909457
31  5  78.1311815410422690
31  6  77.6810940176777402
31  7  77.0930397035244546
31  8  76.363538902525982
31  9  75.4995886522816253
31  10  74.5205105767657088
31  11  73.457765962601287
31  12  72.3522179568763831
31  13  71.2491568323727619
31  14  70.1922808411377777
31  15  69.2182478942291490
31  16  68.3531292013048120
31  17  67.61129752939055316
31  18  66.9964393362832974
31  19  66.5038791466863952
31  20  66.1233403852515762
31  21  65.8414944982864356
31  22  65.6439626507292664
31  23  65.5166905340989371
31  24  65.4467688330000834
31  25  65.4228324709078312
32  1  79.2448648956168613
32  2  79.2018762030219878
32  3  79.076917561534575
32  4  78.8518038891131543
32  5  78.5082713215947869
32  6  78.0301
32  7  77.4057113938208861
32  8  76.63192832759822935
32  9  75.716583218540673
32  10  74.6806336857292377
32  11  73.5578043160459245
32  12  72.3915664985064498
32  13  71.2297922816429951
32  14  70.1183817805188848
32  15  69.0955763776442436
32  16  68.18833271060215566
32  17  67.4112720638103961
32  18  66.7678385292492209
32  19  66.2527941076144350
32  20  65.8551324878807206
32  21  65.5607437189132610
32  22  65.354491726105098
32  23  65.221631899862822
32  24  65.1486506489796399
32  25  65.1236685860909403
33  1  79.6463619509055856
33  2  79.6008832553874066
33  3  79.4687011119640725
33  4  79.230628190610131
33  5  78.8674528882570918
33  6  78.3621593102445306
33  7  77.7029392795423130
33  8  76.88666718562158784
33  9  75.9221125907843400
33  10  74.83184386553336695
33  11  73.65178421338586438
33  12  72.4279107552268062
33  13  71.2105482919851913
33  14  70.0476620095887057
33  15  68.97895265892348081
33  16  68.0321667944700282
33  17  67.2221149207722189
33  18  66.5519749838858927
33  19  66.015951784868116
33  20  65.6023349040768771
33  21  65.2962703557379404
33  22  65.0819070221769155
33  23  64.9438521989055473
33  24  64.868027294951240
33  25  64.8420734623977124
34  1  80.0573156127619854
34  2  80.0092594192532590
34  3  79.8696014664880482
34  4  79.6181223156953957
34  5  79.2346407487726047
34  6  78.70138514062840403
34  7  78.0061927823248726
34  8  77.1461739040484584
34  9  76.13105844927422858
34  10  74.9851139778120641
34  11  73.746553539878034
34  12  72.4639360496788463
34  13  71.19008597592716364
34  14  69.97504632288369613
34  15  68.86
34  16  67.87332906740933016
34  17  67.0301094940441135
34  18  66.333173166135717
34  19  65.77613471254427
34  20  65.3465555035186041
34  21  65.0288215554150025
34  22  64.8063571490796381
34  23  64.6631164464282104
34  24  64.5844537268567841
34  25  64.557530257544528
35  1  80.4815750287213388
35  2  80.4308272219373880
35  3  80.2833641043283074
35  4  80.0178941742189878
35  5  79.613235896014314
35  6  79.0508494587585716
35  7  78.3182327252064512
35  8  77.4127809699555756
35  9  76.3452677806408595
35  10  75.1418
35  11  73.8428990738176999
35  12  72.4999021909772774
35  13  71.1681695062644995
35  14  69.89985036974318289
35  15  68.7375232483231205
35  16  67.7104111478185481
35  17  66.8335741283112629
35  18  66.1095325464759843
35  19  65.5312718111264188
35  20  65.0855942681745474
35  21  64.7561033488224979
35  22  64.525483062168621
35  23  64.3770240006579395
35  24  64.295506559730870
35  25  64.2676078187092723
36  1  80.8573796351909178
36  2  80.8042215702149949
36  3  80.6497705570559879
36  4  80.3717800095668466
36  5  79.9481830891277294
36  6  79.3597700059906376
36  7  78.5937608356502797
36  8  77.647838836612497
36  9  76.5337462466466328
36  10  75.2792030485062018
36  11  73.9269905532490912
36  12  72.53073824001859781
36  13  71.1481009426676803
36  14  69.83306040647274545
36  15  68.62942063407912409
36  16  67.5669970953639608
36  17  66.66090093098195025
36  18  65.9133131070223599
36  19  65.3166456564575370
36  20  64.857023035791461
36  21  64.5173574662012029
36  22  64.2796838838422636
36  23  64.1267140679449235
36  24  64.0427297157084448
36  25  64.0139883084932031
37  1  81.283575511842382
37  2  81.2276543357439514
37  3  81.0651940254287208
37  4  80.7728587317785449
37  5  80.3275786853516058
37  6  79.7093965057419680
37  7  78.90524360081526667
37  8  77.913170428414871
37  9  76.7460679247362412
37  10  75.4335718352503987
37  11  74.0209541940290838
37  12  72.56456661179860341
37  13  71.12461517445946180
37  14  69.757121234789016
37  15  68.5072269547397154
37  16  67.4053669698672305
37  17  66.46666607276756741
37  18  65.6928893341118119
37  19  65.0757813114879646
37  20  64.6006920033802386
37  21  64.2497523094675991
37  22  64.004268659852145
37  23  63.846306467737617
37  24  63.7595925902373644
37  25  63.7299189387855557
38  1  81.707220334058629
38  2  81.6485212950994942
38  3  81.4780106310073041
38  4  81.1712634146991133
38  5  80.7042143082038860
38  6  80.0561760270580588
38  7  79.21382119019607526
38  8  78.1756082733136609
38  9  76.9556227690198212
38  10  75.5854566585495737
38  11  74.1128956158344645
38  12  72.59700966459956626
38  13  71.1005241821282788
38  14  69.68144685293419026
38  15  68.38619582541042837
38  16  67.2457666158479670
38  17  66.2752522513945395
38  18  65.4759730231856397
38  19  64.838992880970088
38  20  64.3488866701663382
38  21  63.9870116528142171
38  22  63.7339581495399424
38  23  63.5711595271374615
38  24  63.481802183278853
38  25  63.4512258101598710
39  1  82.1170964313037157
39  2  82.0556800751928623
39  3  81.877296154367842
39  4  81.5564601490939964
39  5  81.0681450137113802
39  6  80.39097014453787261
39  7  79.5113848586975210
39  8  78.4282834448586373
39  9  77.1569570554340404
39  10  75.7309389798570236
39  11  74.20048159209459360
39  12  72.62729555651876501
39  13  71.0765267122334873
39  14  69.6080650793970449
39  15  68.2695122445385611
39  16  67.09235553419169881
39  17  66.0916154687336835
39  18  65.2681534505349387
39  19  64.6123596316382201
39  20  64.1080544349425827
39  21  63.7358497529641118
39  22  63.4756507173174900
39  23  63.3082889652304148
39  24  63.2164382654933730
39  25  63.1850105513997639
40  1  82.5682627661093021
40  2  82.5038214909483804
40  3  82.3166749335479838
40  4  81.98016563682372647
40  5  81.46820992596768585
40  6  80.75867903586005356
40  7  79.83780769060141267
40  8  78.7050168425303530
40  9  77.37698138634458962
40  10  75.8894260576216180
40  11  74.2953566274032542
40  12  72.6594009005633529
40  13  71.0493484929183003
40  14  69.5271160423325397
40  15  68.1415501094259798
40  16  66.9246226632842871
40  17  65.8912283288343462
40  18  65.041692265695789
40  19  64.3656465904140604
40  20  63.846076885299019
40  21  63.4627784303627183
40  22  63.1949108525096895
40  23  63.0226543923745326
40  24  62.9281299611073481
40  25  62.8957894487819998
41  1  83.0305438670847251
41  2  82.9629662855387616
41  3  82.7667364864234183
41  4  82.41398813386791209
41  5  81.8775573019180902
41  6  81.13456535826694288
41  7  80.1710615250249608
41  8  78.9870577075039194
41  9  77.6007080062979581
41  10  76.0500410656895946
41  11  74.3909239520179876
41  12  72.6909831821543088
41  13  71.0206936372176520
41  14  69.4439987120459181
41  15  68.0109583888937177
41  16  66.7539808005854941
41  17  65.6877830330248724
41  18  64.81210842529995293
41  19  64.1157957242176296
41  20  63.5809709963254593
41  21  63.1865972723951837
41  22  62.9110797812286553
41  23  62.7339430379106253
41  24  62.6367535973555110
41  25  62.603503401829840
42  1  83.499267552045173
42  2  83.4284717954569753
42  3  83.22292380688099708
42  4  82.8535243864837458
42  5  82.292
42  6  81.5147807101851532
42  7  80.507712389236672
42  8  79.2714765451662642
42  9  77.8257903153151848
42  10  76.21107786584568244
42  11  74.48614727082413054
42  12  72.7216737916234840
42  13  70.9908291778205887
42  14  69.3596
42  15  67.8790924869131599
42  16  66.58221622460043026
42  17  65.48341964924335959
42  18  64.5818242523590159
42  19  63.8654482987733322
42  20  63.3155428240069208
42  21  62.9102319427606219
42  22  62.627165756948634
42  23  62.4452158294989709
42  24  62.3453988606776488
42  25  62.3112519126681243
43  1  84.0127018451179822
43  2  83.9383367694283629
43  3  83.722456380507323
43  4  83.334602939855329
43  5  82.7453268657203249
43  6  81.9302145612068785
43  7  80.8750387978113537
43  8  79.58124069382164119
43  9  78.0703222939254276
43  10  76.3853994225416182
43  11  74.5885458486239579
43  12  72.7537838014481297
43  13  70.957207708127907
43  14  69.2668976312140382
43  15  67.7352850025000607
43  16  66.3955075164936445
43  17  65.26174923393902498
43  18  64.33241538033660013
43  19  63.5946082588420266
43  20  63.0286171262802271
43  21  62.6116531910537922
43  22  62.3205506876675372
43  23  62.1334794695619832
43  24  62.0308677104746967
43  25  61.9957670770801934
44  1  84.5318139783961956
44  2  84.4537930840045946
44  3  84.2273326119696823
44  4  83.8206
44  5  83.2029221643452183
44  6  82.3491287001972895
44  7  81.244904983085248
44  8  79.8925436233717506
44  9  78.3154283393033869
44  10  76.5594670060127428
44  11  74.6900800652162029
44  12  72.7846793227563029
44  13  70.9222790959713540
44  14  69.1730518075965952
44  15  67.5905703253308413
44  16  66.2082529884269147
44  17  65.039920533009909
44  18  64.083218583394108
44  19  63.3243064602636320
44  20  62.7424983564840647
44  21  62.3140892262954383
44  22  62.0151003819548186
44  23  61.8230063230327598
44  24  61.7176544547402591
44  25  61.681618950712579
45  1  85.0723766600153227
45  2  84.9904985359968842
45  3  84.7528780281207429
45  4  84.3262276410688127
45  5  83.6786488396394088
45  6  82.7841646779384387
45  7  81.6284333795452446
45  8  80.21470534800509002
45  9  78.5684056527570013
45  10  76.7384236410810586
45  11  74.7937103697572529
45  12  72.8152107743315576
45  13  70.8849403977825702
45  14  69.0751807254100669
45  15  67.4406121405512837
45  16  66.014870590389068
45  17  64.8113414591392562
45  18  63.8268435767859989
45  19  63.0465377619257503
45  20  62.4487208992646695
45  21  62.0087413793610031
45  22  61.7017867402485232
45  23  61.5046221879708095
45  24  61.3965051950890276
45  25  61.3595264453707337
46  1  85.6683249370782268
46  2  85.5821347358896221
46  3  85.3320417141477688
46  4  84.8831521570707209
46  5  84.20219936562857254
46  6  83.2624
46  7  82.0493478191355589
46  8  80.5675194915075375
46  9  78.8446583275657778
46  10  76.9330263868496525
46  11  74.9055182377867722
46  12  72.8469750587413172
46  13  70.8426725089803390
46  14  68.9671342721003322
46  15  67.2761670759605089
46  16  65.8035609080388497
46  17  64.5621565238238571
46  18  63.547821345885182
46  19  62.744597576668972
46  20  62.12965927026839130
46  21  61.6773205788648962
46  22  61.361864822565886
46  23  61.1592923725772875
46  24  61.0482273673877053
46  25  61.0102431658520667
47  1  86.309291769032856
47  2  86.21839380460959381
47  3  85.9546879459605220
47  4  85.4815414741915433
47  5  84.7642243949498048
47  6  83.775063529426016
47  7  82.4998317037310203
47  8  80.9442457984346445
47  9  79.1387139286937596
47  10  77.139223755608445
47  11  75.0229676189479021
47  12  72.8789748879750480
47  13  70.7959681940452013
47  14  68.8507852270415925
47  15  67.1003349610657109
47  16  65.5784755129457910
47  17  64.2973895076996848
47  18  63.2518773109521005
47  19  62.42475925548833962
47  20  61.7920014239331709
47  21  61.3268169245571952
47  22  61.0025
47  23  60.79434994328256
47  24  60.6802271346970973
47  25  60.6412002383739382
48  1  86.9898711251596908
48  2  86.8938949351516581
48  3  86.61550984065604517
48  4  86.1162240788425309
48  5  85.359764115471060
48  6  84.317585353124529
48  7  82.9756406095809634
48  8  81.3411681159233163
48  9  79.4475013206996952
48  10  77.3546922233752601
48  11  75.1445562336205663
48  12  72.9105626891051729
48  13  70.745023933444816
48  14  68.7271235813530640
48  15  66.914819144064234
48  16  65.341933991322008
48  17  64.0198738095837807
48  18  62.9423
48  19  62.0905957761618201
48  20  61.4395664442320497
48  21  60.9612290317876541
48  22  60.6279
48  23  60.4139974609066321
48  24  60.2967505442534948
48  25  60.2566585626259155
49  1  87.7848565042192097
49  2  87.6828444899512816
49  3  87.3870184991053117
49  4  86.8566994369209453
49  5  86.0538252890132582
49  6  84.9488914579163412
49  7  83.528168385736358
49  8  81.8008199887662577
49  9  79.803760002162187
49  10  77.601925396362161
49  11  75.2826036126155231
49  12  72.9444350634662523
49  13  70.6838297175257668
49  14  68.5825662488874587
49  15  66.6996710955862668
49  16  65.0687924378356953
49  17  63.7003319948033110
49  18  62.5864777214275397
49  19  61.7071748225569427
49  20  61.035613680883180
49  21  60.5425194420782391
49  22  60.1990893602353859
49  23  59.9787468139366648
49  24  59.8580032330355151
49  25  59.8167194234714908
50  1  88.58167333530812059
50  2  88.4734989306196214
50  3  88.1598733628548444
50  4  87.5979088147176591
50  5  86.7478
50  6  85.579048227775058
50  7  84.078456912968735
50  8  82.2572493427189494
50  9  80.1561025071835322
50  10  77.844993404373023
50  11  75.416764878092975
50  12  72.9752170849942919
50  13  70.620759662013552
50  14  68.4376152075352697
50  15  66.4857166235133708
50  16  64.7983967281404358
50  17  63.384952807497457
50  18  62.2360812705235986
50  19  61.3301
50  20  60.6388427266832384
50  21  60.1315835686212411
50  22  59.7784529512654726
50  23  59.55195792814945379
50  24  59.4278665469045337
50  25  59.3854419267305780
51  1  89.516315686845961
51  2  89.400768861046556
51  3  89.0658578039689278
51  4  88.4660840859594969
51  5  87.559551623029033
51  6  86.3148907833991644
51  7  84.7194737825901066
51  8  82.7872162945129880
51  9  80.563429788900054
51  10  78.1241797179782039
51  11  75.5689059415313606
51  12  73.0074220409686288
51  13  70.5446868175472424
51  14  68.2675893416008177
51  15  66.2369205962026724
51  16  64.4854731646145560
51  17  63.0211319085253612
51  18  61.8327801994710273
51  19  60.8969049298758892
51  20  60.1834625849769605
51  21  59.6603461614110945
51  22  59.2963703311275390
51  23  59.0630030042451188
51  24  58.93517418453301253
51  25  58.8914763122973810
52  1  90.4849045477244206
52  2  90.3615529037898686
52  3  90.004118611671037
52  4  89.3643764475508987
52  5  88.3983
52  6  87.0736977230757502
52  7  85.378729244392337
52  8  83.3303303556026273
52  9  80.978862879840377
52  10  78.4068947350336356
52  11  75.7207828966083397
52  12  73.0365180040503536
52  13  70.463605339182726
52  14  68.0914701072743115
52  15  65.9815653448040929
52  16  64.1659392479570834
52  17  62.6508892976124966
52  18  61.4233553464528581
52  19  60.4578616566000832
52  20  59.7225726253875913
52  21  59.1838395795315624
52  22  58.8091984233284373
52  23  58.5690793921813383
52  24  58.43758091246512200
52  25  58.3926332353020041
53  1  91.6357900165434827
53  2  91.5029461111036292
53  3  91.1181333891607411
53  4  90.429860233796706
53  5  89.3916704078028166
53  6  87.9703589131315095
53  7  86.1554362060157448
53  8  83.967682414423168
53  9  81.4637824074856395
53  10  78.7342730509351024
53  11  75.8938201293494195
53  12  73.065666501227382
53  13  70.36448982873977
53  14  67.882430177833097
53  15  65.6814365441303081
53  16  63.7924422370405678
53  17  62.2197085087708093
53  18  60.9477910463141107
53  19  59.9489
53  20  59.189
53  21  58.6327115005311231
53  22  58.2461101106769833
53  23  57.9984277867063379
53  24  57.8628212386126009
53  25  57.8164748842713386
54  1  93.1093952032052378
54  2  92.964
54  3  92.5432020572290326
54  4  91.7911402269289047
54  5  90.6583377789403694
54  6  89.1106231443643250
54  7  87.1395227977943398
54  8  84.771272888001886
54  9  82.0711545174952356
54  10  79.140269345842290
54  11  76.1040341326854275
54  12  73.094813015865795
54  13  70.2335300661007073
54  14  67.615333283147881
54  15  65.3023645190639577
54  16  63.3237889865195981
54  17  61.6810463485548701
54  18  60.3555390190130554
54  19  59.3164177157305545
54  20  58.5270740996248292
54  21  57.9498399904096971
54  22  57.5489736856566956
54  23  57.2922825544121351
54  24  57.1517867362859267
54  25  57.10377636998030958
55  1  94.771577785588625
55  2  94.6116601748739609
55  3  94.1488429625957608
55  4  93.322607192940047
55  5  92.080075967764376
55  6  90.38631025874489
55  7  88.2356471201768088
55  8  85.6611512381549763
55  9  82.7384558588972785
55  10  79.5810286011208638
55  11  76.3265177433486128
55  12  73.117315950586792
55  13  70.0808701911562320
55  14  67.3151010787532548
55  15  64.881802323923476
55  16  62.8077236444171180
55  17  61.0908681018742246
55  18  59.7089719306500621
55  19  58.627768740514200
55  20  57.807702809155409
55  21  57.2086806344105041
55  22  56.793020215278562
55  23  56.5270006677614587
55  24  56.381446957684019
55  25  56.331715977806344
56  1  96.7420354319858299
56  2  96.5641939019397150
56  3  96.0497999816409187
56  4  95.1325829045054984
56  5  93.7558663872484130
56  6  91.8842684475513956
56  7  89.5162138168798442
56  8  86.693787765890833
56  9  83.505764688457430
56  10  80.0808270895076367
56  11  76.5711945885846867
56  12  73.1307350889089047
56  13  69.893891146498939
56  14  66.9610398660701019
56  15  64.3928346722011810
56  16  62.2126417750899902
56  17  60.4140934696770810
56  18  58.9704671888769767
56  19  57.8434594307601166
56  20  56.990107388058273
56  21  56.3675629561156601
56  22  55.9359726926479890
56  23  55.6599266100754352
56  24  55.5089424534959562
56  25  55.4573650941268138
57  1  99.404660238125250
57  2  99.2014731474251954
57  3  98.6142312026156056
57  4  97.5688191754730875
57  5  96.0037624626484537
57  6  93.8839
57  7  91.2146200417433059
57  8  88.0516851974916856
57  9  84.5030870578852351
57  10  80.7188960319244125
57  11  76.8710003313743396
57  12  73.1279585140616409
57  13  69.6323706531479443
57  14  66.4865557417700358
57  15  63.748475294324305
57  16  61.4361416500431094
57  17  59.536867016706961
57  18  58.0177772362008421
57  19  56.835174541151283
57  20  55.9416550321484082
57  21  55.2908526447776587
57  22  54.8401885820868393
57  23  54.5521643275531736
57  24  54.3947017208599992
57  25  54.3409231231405229
58  1  102.7652866623310528
58  2  102.528249954404594
58  3  101.8438650594868871
58  4  100.6280401257760979
58  5  98.8138743922783910
58  6  96.3680584015309715
58  7  93.30680566319214162
58  8  89.7059502747417253
58  9  85.6998454947367194
58  10  81.4666532449248708
58  11  77.2027769770658147
58  12  73.09380154914678707
58  13  69.2904786619077946
58  14  65.8954443180908962
58  15  62.9615802268996382
58  16  60.4990729790416432
58  17  58.4867523183487970
58  18  56.8838867155052525
58  19  55.6401286636851790
58  20  54.702752185497978
58  21  54.0212747931050440
58  22  53.5499941271985711
58  23  53.2490610495315749
58  24  53.0846293053741993
58  25  53.0284848053532554
59  1  107.06515234134858492
59  2  106.78175290215350717
59  3  105.9645720729148566
59  4  104.5167207899983233
59  5  102.36554553677785135
59  6  99.4826917196261643
59  7  95.9021529619544769
59  8  91.729428004764310
59  9  87.1358448903623280
59  10  82.336762688751206
59  11  77.55893927193745847
59  12  73.0069964376021002
59  13  68.838659336690879
59  14  65.15378654200792556
59  15  61.9964294918918038
59  16  59.3654143998890039
59  17  57.2281927043424178
59  18  55.534011158671450
59  19  54.2243559560308307
59  20  53.2401652024652998
59  21  52.5261856512447775
59  22  52.0331802588284191
59  23  51.7186962277481580
59  24  51.5469658170793400
59  25  51.4883
60  1  113.3511143347841981
60  2  112.9937020164473214
60  3  111.9650998514242777
60  4  110.149897481836643
60  5  107.4698768988114142
60  6  103.9097236063015591
60  7  99.537332618534246
60  8  94.5095380166463692
60  9  89.057196891250108
60  10  83.451232438186691
60  11  77.9595832261052609
60  12  72.808664170795266
60  13  68.1596980218438856
60  14  64.1028747477452187
60  15  60.6656210148525829
60  16  57.8283045261969448
60  17  55.541293267645760
60  18  53.7396
60  19  52.3535545644129617
60  20  51.315809777390892
60  21  50.5650337375891266
60  22  50.0476248637802516
60  23  49.7180017561010938
60  24  49.5381447772656274
60  25  49.476774057666125
61  1  123.0992833116136828
61  2  122.612227873093484
61  3  121.2148278351986725
61  4  118.764267590962947
61  5  115.1818503949701223
61  6  110.4875646383747747
61  7  104.820864786536940
61  8  98.4353566724461966
61  9  91.6636207245998759
61  10  84.8614758942191721
61  11  78.350341016164017
61  12  72.375649341351322
61  13  67.089872913486958
61  14  62.5577595044395292
61  15  58.7750333042270873
61  16  55.6912884723374117
61  17  53.2307199527675350
61  18  51.3078346780353457
61  19  49.8378038296999515
61  20  48.7423775381958401
61  21  47.9526341221781792
61  22  47.4097146107623462
61  23  47.0644098251859028
61  24  46.876183043660040
61  25  46.8119865875115386
62  1  141.1304268887186879
62  2  140.3548732191720976
62  3  138.142811462919215
62  4  134.3097520841486933
62  5  128.8096350598770869
62  6  121.7822308400802621
62  7  113.5595502844174976
62  8  104.618595244761618
62  9  95.492635700185088
62  10  86.6738114594837197
62  11  78.541064121326906
62  12  71.3302444529254834
62  13  65.1423230584683958
62  14  59.9738666075095050
62  15  55.7535408119000544
62  16  52.3741623495530129
62  17  49.7161279265638208
62  18  47.6622145610247286
62  19  46.1055883995275775
62  20  44.95319497812011450
62  21  44.1263530267598676
62  22  43.55984796698182179
62  23  43.2003521975734738
62  24  43.0046543317020433
62  25  42.937952487089575
63  1  177.924
63  2  176.3563265651082475
63  3  171.942406979669652
63  4  164.4854545500779660
63  5  154.1897340719416309
63  6  141.6838957867757116
63  7  127.9020037760098820
63  8  113.8648000909260595
63  9  100.460704135131586
63  10  88.311733558318030
63  11  77.7468846097459669
63  12  68.8517629804363023
63  13  61.5477222587247883
63  14  55.6664134782004519
63  15  51.0048987160900406
63  16  47.3599585576942842
63  17  44.546132786429792
63  18  42.4030612455694339
63  19  40.7967
63  20  39.6171419230744899
63  21  38.77589448225355081
63  22  38.2019370535005525
63  23  37.8387263219029040
63  24  37.64133611585329212
63  25  37.57411061902064750
64  1  270.4271137612279726
64  2  265.595224831846534
64  3  252.4460987692585480
64  4  231.6595149773315373
64  5  205.572654020450991
64  6  177.3678825182020880
64  7  149.977761620482724
64  8  125.37826145570564
64  9  104.4798871011274367
64  10  87.393759402772652
64  11  73.7788584304990041
64  12  63.1114777196959288
64  13  54.8454941261724777
64  14  48.4886120425430713
64  15  43.628305913008420
64  16  39.9325166080770915
64  17  37.139925991330293
64  18  35.047393741794915
64  19  33.4979386456192177
64  20  32.3704860096002373
64  21  31.5716017282042837
64  22  31.0290278779091111
64  23  30.6867108359346224
64  24  30.501
64  25  30.4378198933136864
65  1  490.838489202492933
65  2  470.203559771401461
65  3  418.847759510843388
65  4  349.578470588561820
65  5  278.483
65  6  216.2330264833092646
65  7  166.521876505117151
65  8  128.753072017288338
65  9  100.74
65  10  80.1541502546979494
65  11  65.0447519574798184
65  12  53.9255019878999049
65  13  45.7091781897211158
65  14  39.6134609736268083
65  15  35.0775326955483500
65  16  31.698176966797911
65  17  29.1836043534570069
65  18  27.3209101651599621
65  19  25.9533420338671714
65  20  24.9644261288555056
65  21  24.2668351300063233
65  22  23.7945278371612456
65  23  23.497153056656966
65  24  23.3360299564401466
65  25  23.2812343606653325
66  1  815.761238517001352
66  2  746.820926322281819
66  3  599.056680508469992
66  4  440.638668169046317
66  5  312.672733090601587
66  6  221.340131059453320
66  7  158.9955395869600724
66  8  116.751505869299051
66  9  87.882300165690116
66  10  67.8696
66  11  53.781897789148105
66  12  43.7222575894148702
66  13  36.4500663330561543
66  14  31.1407973429505991
66  15  27.2366200315706255
66  16  24.3533468983952369
66  17  22.2218289794980688
66  18  20.6504792992825898
66  19  19.5009008658430985
66  20  18.6717641919581260
66  21  18.0879630807185011
66  22  17.6932038240965727
66  23  17.444864229397576
66  24  17.3103767642180746
66  25  17.264650347021936
67  1  793.842019892093419
67  2  714.935217896204516
67  3  554.012198714965123
67  4  392.905
67  5  270.605882593914123
67  6  187.268306241273666
67  7  132.162
67  8  95.6122226663297323
67  9  70.990862956527439
67  10  54.0897535213515314
67  11  42.2733369876059056
67  12  33.8761250581903007
67  13  27.8266307183004851
67  14  23.4210606553993684
67  15  20.1873420284921307
67  16  17.802423647632228
67  17  16.0410771539001952
67  18  14.7435696722072446
67  19  13.7948422047501771
67  20  13.1108380252026145
67  21  12.6293604936200924
67  22  12.3038542621012752
67  23  12.0991071753844243
67  24  11.9882354379509733
67  25  11.95053975715619829
68  1  503.46508128497727
68  2  462.609292244161899
68  3  373.753
68  4  276.4904215209736387
68  5  196.3677236633740175
68  6  138.3090666288147919
68  7  98.251790249362722
68  8  70.9103366649980592
68  9  52.1320584170392213
68  10  39.0698167347628121
68  11  29.8527142994127171
68  12  23.2598361061417950
68  13  18.4879683037406398
68  14  15.0010388652994451
68  15  12.43525392253787103
68  16  10.5394887814192038
68  17  9.1375098716459168
68  18  8.1037042432303714
68  19  7.3472404668683879
68  20  6.8015625222587330
68  21  6.4173083185182294
68  22  6.15746221497492275
68  23  5.99398776917300873
68  24  5.9054562086008975
68  25  5.87535445513391883
69  1  65.068631375736396
69  2  59.750210696981817
69  3  47.354797239671305
69  4  32.3131311232211777
69  5  18.5767092896716232
69  6  7.750036864589239
69  7  -0.1970734061044127
69  8  -5.8638541529799682
69  9  -9.8763509653361930
69  10  -12.7276561394037727
69  11  -14.770174907066477
69  12  -16.2469786071527766
69  13  -17.3242214180202811
69  14  -18.1158680647780891
69  15  -18.7008173941494095
69  16  -19.1343474095312346
69  17  -19.4556880392173134
69  18  -19.6930411492844731
69  19  -19.8669344438433841
69  20  -19.992486435564326
69  21  -20.0809546021055195
69  22  -20.1408068888343482
69  23  -20.1784725833649630
69  24  -20.1988748967834368
69  25  -20.2058131123901582
70  1  -58.199140311313721
70  2  -56.816298874410756
70  3  -53.459551069244996
70  4  -49.114555376896378
70  5  -44.8594718648423859
70  6  -41.292797395351723
70  7  -38.545038533520208
70  8  -36.5142552061748490
70  9  -35.0386190781667392
70  10  -33.9703804259749882
70  11  -33.194875756175921
70  12  -32.6287250956254497
70  13  -32.2128365608020879
70  14  -31.9056260454237046
70  15  -31.6777612816026364
70  16  -31.5084041779562893
70  17  -31.3826106215681662
70  18  -31.2895513492864008
70  19  -31.22129531045668837
70  20  -31.17197346738445872
70  21  -31.137199435292464
70  22  -31.113664221192855
70  23  -31.0988498323336966
70  24  -31.0908247732885496
70  25  -31.0880965091884139
71  1  -74.274093041171579
71  2  -72.497402829810267
71  3  -68.06190052585031
71  4  -62.0480404257064115
71  5  -55.838074309210122
71  6  -50.369162414398842
71  7  -45.9805412434445004
71  8  -42.6334857764572844
71  9  -40.143852353838252
71  10  -38.3103986013540373
71  11  -36.962603915674386
71  12  -35.9696013168931506
71  13  -35.235223004584350
71  14  -34.690044158082639
71  15  -34.2841786036341000
71  16  -33.9816962941378374
71  17  -33.756561976832584
71  18  -33.5897598970201712
71  19  -33.46727878102957293
71  20  -33.3787014254991359
71  21  -33.3162138144711244
71  22  -33.273904474420647
71  23  -33.2472651115990251
71  24  -33.23283161156021806
71  25  -33.2279236303553795
72  1  -66.691319278214438
72  2  -65.393413999028201
72  3  -62.091443500791277
72  4  -57.4682662542479486
72  5  -52.508335720018256
72  6  -47.97480906085621
72  7  -44.218794680221632
72  8  -41.2804757603603657
72  9  -39.0520719577822561
72  10  -37.387046703542645
72  11  -36.1498608476195743
72  12  -35.2310901346181586
72  13  -34.5476063100938093
72  14  -34.0379909696623548
72  15  -33.6573662370307466
72  16  -33.3730068952324029
72  17  -33.161
72  18  -33.0036751885187670
72  19  -32.8880542814206237
72  20  -32.8043775549138210
72  21  -32.7453164784272033
72  22  -32.7053127616014946
72  23  -32.6801190919353302
72  24  -32.6664669116676863
72  25  -32.661824236185085
73  1  -54.008680315122575
73  2  -53.215691684693206
73  3  -51.172361032126604
73  4  -48.247310417141195
73  5  -45.0229299628762712
73  6  -41.9944292033412842
73  7  -39.4242052084380581
73  8  -37.3736290702309369
73  9  -35.794509124557696
73  10  -34.6008420934920161
73  11  -33.7061480700049481
73  12  -33.0373983923669148
73  13  -32.5374972306295931
73  14  -32.1634167116090197
73  15  -31.8832668159080420
73  16  -31.6735483924554646
73  17  -31.5169391198019994
73  18  -31.40062086404232127
73  19  -31.315053798210168
73  20  -31.2530900280188063
73  21  -31.2093355310370450
73  22  -31.1796904894619238
73  23  -31.1610168712819090
73  24  -31.1508966825425204
73  25  -31.1474549924248063
74  1  -39.805625889329609
74  2  -39.464332605405465
74  3  -38.57632576865607
74  4  -37.283173880231377
74  5  -35.8268626496771437
74  6  -34.4286194645174697
74  7  -33.218126573836109
74  8  -32.2362436332893906
74  9  -31.4701338504586299
74  10  -30.8851647811137660
74  11  -30.4434
74  12  -30.111227286303973
74  13  -29.8618877767386674
74  14  -29.6747042638959675
74  15  -29.5341839878323582
74  16  -29.4288013575126633
74  17  -29.349999506569313
74  18  -29.2914121652815148
74  19  -29.2482815594275226
74  20  -29.21703139121686153
74  21  -29.1949561584546905
74  22  -29.1799955244371264
74  23  -29.1705701283235501
74  24  -29.1654615947185508
74  25  -29.1637243513203009
75  1  -27.38932106126207
75  2  -27.385427396614483
75  3  -27.3752417830318651
75  4  -27.360238657760484
75  5  -27.343091886566917
75  6  -27.326372308496940
75  7  -27.3116901003821855
75  8  -27.2996364098582901
75  9  -27.290140442665526
75  10  -27.282835380844464
75  11  -27.2772867391717820
75  12  -27.2730977434627543
75  13  -27.2699429563936415
75  14  -27.2675690460476363
75  15  -27.2657838765549129
75  16  -27.2644434535678673
75  17  -27.2634402825688653
75  18  -27.2626940545944081
75  19  -27.2621445604122028
75  20  -27.2617464316301130
75  21  -27.26146528201126369
75  22  -27.26127488724258692
75  23  -27.2611551226172176
75  24  -27.2610904501257073
75  25  -27.26106880324783532
76  1  -15.788170761271088
76  2  -16.065757921987429
76  3  -16.7965029470223622
76  4  -17.883073339065960
76  5  -19.1397062545447986
76  6  -20.3804484165289867
76  7  -21.4827652950646250
76  8  -22.3968098782475221
76  9  -23.122748906202692
76  10  -23.6847570288143812
76  11  -24.1137317722637815
76  12  -24.4388055501777909
76  13  -24.6843251072306702
76  14  -24.8694803328297073
76  15  -25.00895405533712505
76  16  -25.1138211303266649
76  17  -25.1923889706740958
76  18  -25.2508867224264243
76  19  -25.2939976155390748
76  20  -25.3252581991203445
76  21  -25.3473534904610508
76  22  -25.36233391043767513
76  23  -25.3717746050495106
76  24  -25.3768927172287522
76  25  -25.3786340616934393
77  1  -5.1654563947622970
77  2  -5.679415116866149
77  3  -7.037722353056922
77  4  -9.0718243593615454
77  5  -11.446007285554107
77  6  -13.813346024444546
77  7  -15.9361658773437645
77  8  -17.710580455373090
77  9  -19.1290806614845048
77  10  -20.2329304109634337
77  11  -21.078842210998573
77  12  -21.7218124664314040
77  13  -22.2085466018418504
77  14  -22.5762475042151232
77  15  -22.8535916584110399
77  16  -23.0623257142037925
77  17  -23.21882770606826882
77  18  -23.3354156958425218
77  19  -23.4213722380569815
77  20  -23.4837196223766014
77  21  -23.52779669913634881
77  22  -23.5576848789398254
77  23  -23.5765221370741036
77  24  -23.58673479784616567
77  25  -23.59020922711052229
78  1  4.2506089909470988
78  2  3.540188995946929
78  3  1.657026747483025
78  4  -1.178469721515116
78  5  -4.5116234069609499
78  6  -7.860748577291034
78  7  -10.8859125114002494
78  8  -13.430673579134566
78  9  -15.4756385620805454
78  10  -17.0735753481503762
78  11  -18.3020419900998563
78  12  -19.2380747982928185
78  13  -19.9479770902936775
78  14  -20.4850237141981238
78  15  -20.8905298842129169
78  16  -21.196
78  17  -21.4251085982795551
78  18  -21.5958883629044773
78  19  -21.7218407182356527
78  20  -21.81322077850039197
78  21  -21.8778340447660576
78  22  -21.9216528534192819
78  23  -21.94927213005236092
78  24  -21.96424659240547969
78  25  -21.9693409890557330
79  1  13.247384492696846
79  2  12.3580878786689293
79  3  9.994864533135723
79  4  6.4202842293954084
79  5  2.19316
79  6  -2.0818668662625640
79  7  -5.967420892845208
79  8  -9.253772455931359
79  9  -11.9065745021225038
79  10  -13.986898539493226
79  11  -15.5907
79  12  -16.8152640686027648
79  13  -17.7455264310048941
79  14  -18.4501426339085365
79  15  -18.9826698010753320
79  16  -19.3840613852280929
79  17  -19.685351659378645
79  18  -19.9099909474455401
79  19  -20.075713918469338
79  20  -20.19597383294127150
79  21  -20.28102059921154590
79  22  -20.33870293024676537
79  23  -20.3750629832708253
79  24  -20.3947772316127805
79  25  -20.401484167106798
80  1  21.976537235007187
80  2  20.920021441665137
80  3  18.1064666730676429
80  4  13.8341823076781468
80  5  8.756119744703316
80  6  3.5917713749751131
80  7  -1.127357028596980
80  8  -5.1376645836962902
80  9  -8.3875930182376733
80  10  -10.9441846362786458
80  11  -12.9199378721403527
80  12  -14.4314129598938671
80  13  -15.5812450919687881
80  14  -16.4531190866319785
80  15  -17.1125970410000866
80  16  -17.6099866109468281
80  17  -17.9835089962704458
80  18  -18.2621013960993249
80  19  -18.46768055631214515
80  20  -18.6168912294811532
80  21  -18.7224261173723652
80  22  -18.7940111327851032
80  23  -18.8391375289582810
80  24  -18.86360571303563532
80  25  -18.8719300518563478
81  1  29.8353912543362402
81  2  28.6323813489456210
81  3  25.423317243856849
81  4  20.5354
81  5  14.701957127881844
81  6  8.7427849215872643
81  7  3.2737674524069311
81  8  -1.3916064623961861
81  9  -5.184465042114884
81  10  -8.175784179683326
81  11  -10.4921138076786229
81  12  -12.266858001589389
81  13  -13.6185528788023882
81  14  -14.6444059570328339
81  15  -15.4208767638670128
81  16  -16.0068033973638761
81  17  -16.446983228122528
81  18  -16.7753867278780664
81  19  -17.0177743325804663
81  20  -17.1937283535486606
81  21  -17.318192463480525
81  22  -17.40262387579512992
81  23  -17.4558512138796864
81  24  -17.4847127000227104
81  25  -17.4945317830818974
82  1  37.986166501144215
82  2  36.6342315677362162
82  3  33.022359197670634
82  4  27.505382760600431
82  5  20.8964164271916017
82  6  14.1171279880181335
82  7  7.8704731963074329
82  8  2.5227298282713513
82  9  -1.8378382687183569
82  10  -5.2851226602570580
82  11  -7.959530504067297
82  12  -10.0115909328419033
82  13  -11.5762243345401785
82  14  -12.7646826429957695
82  15  -13.6648030315177067
82  16  -14.34436318686233339
82  17  -14.8550708743340844
82  18  -15.2361964388581286
82  19  -15.5175538616192727
82  20  -15.7218270676632896
82  21  -15.86633858203507827
82  22  -15.9643765677492031
82  23  -16.02618476412275171
82  24  -16.0596999999224609
82  25  -16.0711024719331446
83  1  45.2777312263689729
83  2  43.7944555944146531
83  3  39.8268734593389002
83  4  33.7530037504852712
83  5  26.4552529556530903
83  6  18.9448
83  7  12.0021826309146093
83  8  6.0416479511633704
83  9  1.169757084672415
83  10  -2.6891894687710844
83  11  -5.6874974138718411
83  12  -7.9907751315481374
83  13  -9.7485260995281475
83  14  -11.0845819576998914
83  15  -12.0970138556074023
83  16  -12.86166440442622988
83  17  -13.4364892223099396
83  18  -13.8655582066748078
83  19  -14.18236076120914335
83  20  -14.4123957662226101
83  21  -14.57514631761539883
83  22  -14.6855644606276269
83  23  -14.755180487127924
83  24  -14.792930358591832
83  25  -14.8057736438972048
84  1  52.2292991992041036
84  2  50.6219633124663375
84  3  46.3181
84  4  39.716897722224529
84  5  31.7654410090476502
84  6  23.5592
84  7  15.9525738439535532
84  8  9.4059037509698124
84  9  4.043883780194887
84  10  -0.2103582143108216
84  11  -3.52012644071738188
84  12  -6.0652389687539750
84  13  -8.0090529953507286
84  14  -9.4874074138307616
84  15  -10.6081724827713796
84  16  -11.4549303037069570
84  17  -12.0916420655538713
84  18  -12.5669967664770943
84  19  -12.9180243478217004
84  20  -13.17293728045236154
84  21  -13.3533025807298727
84  22  -13.47567783202087036
84  23  -13.55283517520903209
84  24  -13.5946752323936813
84  25  -13.6089101998990734
85  1  59.411499790154166
85  2  57.676767852053453
85  3  53.027382998021878
85  4  45.8837419484727911
85  5  37.2587721084023515
85  6  28.3342858153723940
85  7  20.0408418917638381
85  8  12.886759557232832
85  9  7.0159788082163123
85  10  2.3508501079159736
85  11  -1.2830212917927077
85  12  -4.0800043771740416
85  13  -6.2177337087549571
85  14  -7.8444690590300837
85  15  -9.0782427498143820
85  16  -10.01067732552497420
85  17  -10.7119812402528451
85  18  -11.2356532115050019
85  19  -11.6224125857015785
85  20  -11.9033011463032963
85  21  -12.10205966366105636
85  22  -12.23692104560628588
85  23  -12.32195360402392905
85  24  -12.3681
85  25  -12.3837533337377187
86  1  66.3114577784969003
86  2  64.4547721601100339
86  3  59.474505363892215
86  4  51.8110325462210890
86  5  42.5399182902916229
86  6  32.925456550749842
86  7  23.971256266155028
86  8  16.2320015203597669
86  9  9.8704769898384202
86  10  4.8085959379246999
86  11  0.8615032190596772
86  12  -2.179058494387063
86  13  -4.504418156423638
86  14  -6.2747837958229402
86  15  -7.6179821530447482
86  16  -8.63339609802083650
86  17  -9.3972698911359185
86  18  -9.9677527602205766
86  19  -10.38913343551768648
86  20  -10.6951922136888412
86  21  -10.9117745961063744
86  22  -11.05873605932025701
86  23  -11.15140053369042125
86  24  -11.2016514176434402
86  25  -11.2187482020430590
87  1  73.040690432832737
87  2  71.06524680529573
87  3  65.762708272533154
87  4  57.5927278759549132
87  5  47.6916267309456219
87  6  37.403872706045285
87  7  27.8042747044919860
87  8  19.4929009621449732
87  9  12.6511585774004707
87  10  7.2007425213612931
87  11  2.9467256182477574
87  12  -0.332636066367979
87  13  -2.8420166597666787
87  14  -4.7532921752178925
87  15  -6.2038676168296257
87  16  -7.30072267401312454
87  17  -8.1260147264010473
87  18  -8.7424515988994943
87  19  -9.1978223973504687
87  20  -9.528593897057024
87  21  -9.76267688030238131
87  22  -9.9215193037519031
87  23  -10.02167762647167704
87  24  -10.07599313384908139
87  25  -10.0944729366080241
88  1  79.052198335884424
88  2  76.970666003486133
88  3  71.3802188613657658
88  4  62.7576658308666139
88  5  52.2934863134349614
88  6  41.4036669348164835
88  7  31.2266161333389377
88  8  22.4030434368202978
88  9  15.1311308818657310
88  10  9.3324963349463617
88  11  4.80329
88  12  1.3097404908796254
88  13  -1.3647371643279384
88  14  -3.402458815360852
88  15  -4.94940536587737517
88  16  -6.1193631352746134
88  17  -6.9997903712424235
88  18  -7.6574831404153169
88  19  -8.1433707285998842
88  20  -8.4963305234002102
88  21  -8.7461268554263368
88  22  -8.91563710701676970
88  23  -9.0225241909832064
88  24  -9.0804893719804210
88  25  -9.100211008945934
89  1  85.3707093852507850
89  2  83.177560785647803
89  3  77.284211662244498
89  4  68.185518206065394
89  5  57.1288878463018259
89  6  45.605467500013417
89  7  34.8205309643696227
89  8  25.4575711250148379
89  9  17.7324898290146559
89  10  11.5668978230632290
89  11  6.7476040928509782
89  12  3.0282294958655672
89  13  0.1796471072351521
89  14  -1.9914393108890583
89  15  -3.64004172302284003
89  16  -4.8871178183146617
89  17  -5.8257128171711383
89  18  -6.5269328980828391
89  19  -7.0450186671668762
89  20  -7.4213899338391663
89  21  -7.68776618494614692
89  22  -7.86853274181409698
89  23  -7.9825198377714419
89  24  -8.0443360806630575
89  25  -8.0653680803649160
90  1  91.5995363545786893
90  2  89.296161481486236
90  3  83.103709025341788
90  4  73.534903776522473
90  5  61.8933720141141066
90  6  49.7444169401022291
90  7  38.3592659010486303
90  8  28.4636287445376776
90  9  20.290921734829825
90  10  13.7627856456707839
90  11  8.6568431425881677
90  12  4.7142797886107938
90  13  1.6936054099040588
90  14  -0.6093175376634790
90  15  -2.3584190254615279
90  16  -3.6817406481025614
90  17  -4.6778478456719033
90  18  -5.4221062435277617
90  19  -5.97202934306956088
90  20  -6.37155017292677010
90  21  -6.6543210996524806
90  22  -6.84621831143703311
90  23  -6.9672262119790150
90  24  -7.0328505703392608
90  25  -7.0551783230632801
91  1  97.6068622319897442
91  2  95.1969389137138125
91  3  88.7154013739187923
91  4  78.6923250601856798
91  5  66.4857176897121665
91  6  53.732514888392425
91  7  41.7676
91  8  31.3574219376335020
91  9  22.7522949017856813
91  10  15.8738964767112200
91  11  10.4909891574569935
91  12  6.3327583493826388
91  13  3.1457790688282454
91  14  0.7154452658487430
91  15  -1.1307862987850871
91  16  -2.5278002915201578
91  17  -3.57949546896505879
91  18  -4.3653531610337341
91  19  -4.9460496044097560
91  20  -5.3679466325479546
91  21  -5.6665646769735105
91  22  -5.86922086494239670
91  23  -5.99701515779291113
91  24  -6.0663204950696488
91  25  -6.0899007433462660
92  1  103.4508347050836082
92  2  100.936993435193927
92  3  94.1735528988201102
92  4  83.707608469588749
92  5  70.9502703121019688
92  6  57.6083029318813157
92  7  45.0785740483507216
92  8  34.1672
92  9  25.1408022903288598
92  10  17.9212028357750052
92  11  12.2684883958430256
92  12  7.900156937613960
92  13  4.5511603755432040
92  14  1.9966971793469960
92  15  0.0558349463879656
92  16  -1.4129764568489489
92  17  -2.5188309967556164
92  18  -3.3452193397826750
92  19  -3.9558988526195496
92  20  -4.3995975894198323
92  21  -4.71365596375832100
92  22  -4.9267949853235740
92  23  -5.06120150410010541
92  24  -5.1340933565287990
92  25  -5.1588939592602577
93  1  109.3187550775292847
93  2  106.7002797104139125
93  3  99.653044350531192
93  4  88.7413952431398685
93  5  75.4299942266379864
93  6  61.4958908711677656
93  7  48.3982522528934320
93  8  36.9829362713406634
93  9  27.5331559484629475
93  10  19.9705944040871888
93  11  14.0466870596881024
93  12  9.467177846442454
93  13  5.9553336543878603
93  14  3.2761046237911934
93  15  1.2401261885628354
93  16  -0.3008512802973416
93  17  -1.4611434629011187
93  18  -2.3282708317246383
93  19  -2.9690876346484429
93  20  -3.4347002603324056
93  21  -3.7642784343823081
93  22  -3.987954254385118
93  23  -4.1290070430585701
93  24  -4.2055038781001199
93  25  -4.23153111975892089
94  1  114.7324241150560587
94  2  112.017
94  3  104.707394655239624
94  4  93.3835960943740536
94  5  79.560041163540828
94  6  65.0787908277314209
94  7  51.4565479836191932
94  8  39.57585914600722
94  9  29.7350867072855109
94  10  21.8558638811160455
94  11  15.6815765150076214
94  12  10.9071044185724039
94  13  7.2449204462738994
94  14  4.4505104294745786
94  15  2.3267238569288005
94  16  0.71912555878671365
94  17  -0.491421
94  18  -1.3961567103050912
94  19  -2.06479474774574185
94  20  -2.5506371421708842
94  21  -2.894542375909601
94  22  -3.12794520438300894
94  23  -3.275133470832533
94  24  -3.3549582305651920
94  25  -3.3821178390369361
95  1  120.407588880157023
95  2  117.590539714366801
95  3  110.004873190737622
95  4  98.248022857655959
95  5  83.886557306673856
95  6  68.830872219138744
95  7  54.6580484183049584
95  8  42.2890708017304863
95  9  32.0381309666135158
95  10  23.8267613189696134
95  11  17.3898740325092028
95  12  12.410936936412492
95  13  8.59109297693921
95  14  5.6758975037492743
95  15  3.4600323041222567
95  16  1.7825742492540023
95  17  0.51933064828311324
95  18  -0.4248409720326088
95  19  -1.1226520672187814
95  20  -1.6297070928556082
95  21  -1.9886354186170354
95  22  -2.23223778776314406
95  23  -2.385859580824549
95  24  -2.4691739262309034
95  25  -2.4975209084781635
96  1  126.132
96  2  123.2117325351742167
96  3  115.347013201926502
96  4  103.1523442764826325
96  5  88.247282394008861
96  6  72.6113435956312010
96  7  57.8825733923191553
96  8  45.0206981958794659
96  9  34.3558139445518779
96  10  25.8092945733295142
96  11  19.1074648477168709
96  12  13.9222564726054229
96  13  9.9433695234348376
96  14  6.9063344912411822
96  15  4.5975901091398301
96  16  2.8496665990228943
96  17  1.5332700184708277
96  18  0.549321756448142
96  19  -0.17791415957384032
96  20  -0.7063647346617014
96  21  -1.0804456239314254
96  22  -1.33433540048385755
96  23  -1.4944461293158257
96  24  -1.5812801102402644
96  25  -1.6108246906376373
97  1  132.1723083042521055
97  2  129.1433569128780044
97  3  120.983347475723068
97  4  108.325553140720062
97  5  92.845735970555384
97  6  76.5965693161274626
97  7  61.280504334177499
97  8  47.898114810402699
97  9  36.7962070832305841
97  10  27.8959208131888609
97  11  20.9144713112116326
97  12  15.5115873045236331
97  13  11.3648769897047920
97  14  8.199283143880381
97  15  5.7925414972126420
97  16  3.9702718284095792
97  17  2.59779627694804032
97  18  1.5718824332129493
97  19  0.8136028083361829
97  20  0.26258
97  21  -0.127487
97  22  -0.39223007501612048
97  23  -0.5591865908414844
97  24  -0.6497337591363251
97  25  -0.6805417952533230
98  1  137.529465866252147
98  2  134.403614776344870
98  3  125.9810447944096843
98  4  112.911601496627226
98  5  96.921139376456524
98  6  80.1273965451139694
98  7  64.2900020287058893
98  8  50.445721645629085
98  9  38.9561150761002599
98  10  29.7420537547662522
98  11  22.5126319470030739
98  12  16.916730597651667
98  13  12.6212203014160360
98  14  9.3416472607179918
98  15  6.84802600941676745
98  16  4.9598468961071266
98  17  3.53766
98  18  2.4745418251273920
98  19  1.6887428883867627
98  20  1.11771020812023232
98  21  0.7134724990232425
98  22  0.43910873550060954
98  23  0.2660837911112385
98  24  0.1722450846595485
98  25  0.140317064758335
99  1  143.5448759626181115
99  2  140.3099270026001345
99  3  131.591800825266901
99  4  118.0591362287406327
99  5  101.494305715213272
99  6  84.0883095072225161
99  7  67.6650434189296840
99  8  53.301871673506043
99  9  41.3768431052082602
99  10  31.8104584223590405
99  11  24.3026448584763534
99  12  18.49007420476988354
99  13  14.0275452063843270
99  14  10.6200461488281436
99  15  8.02891930198192734
99  16  6.0667722980936189
99  17  4.5887921200996394
99  18  3.4839283308540873
99  19  2.66724738317300003
99  20  2.0737602702580685
99  21  1.65362042795035977
99  22  1.3684605190101618
99  23  1.1886258114142024
99  24  1.09109347200072874
99  25  1.0579086520110840
100  1  149.5634132033928846
100  2  146.219014009648912
100  3  137.204435316098884
100  4  123.2073088424129435
100  5  106.0668327814620905
100  6  88.047515617184462
100  7  71.0376166838553227
100  8  56.1550746131985625
100  9  43.7943531769585369
100  10  33.8755078792914686
100  11  26.0892431779197285
100  12  20.0599856935470184
100  13  15.4304410399685773
100  14  11.8950277887618833
100  15  9.2064097725230548
100  16  7.1703088966350576
100  17  5.6365503375635044
100  18  4.4899485165063234
100  19  3.6423936138135870
100  20  3.02645820649570723
100  21  2.5904207204620042
100  22  2.2944677811323585
100  23  2.1078253029393148
100  24  2.0066004202452485
100  25  1.97216
101  1  155.6175706207874354
101  2  152.1627906229507040
101  3  142.8492955433430466
101  4  128.3840071319500480
101  5  110.66355579286879619
101  6  92.0265947799481891
101  7  74.4261874375542083
101  8  59.0210399527005947
101  9  46.2220444415373788
101  10  35.9487339547511758
101  11  27.88248480773545847
101  12  21.6353768803517344
101  13  16.837936840167359
101  14  13.173945484573421
101  15  10.38733593228654024
101  16  8.2769048306694715
101  17  6.6870858449325390
101  18  5.4985359533859305
101  19  4.619952282083800
101  20  3.9814563104846873
101  21  3.5294418217486555
101  22  3.2226420449960905
101  23  3.0291578862586011
101  24  2.9242220768390042
101  25  2.8885181469511814
102  1  162.223732784820825
102  2  158.6482037557049833
102  3  149.0077766025549337
102  4  134.030623906805883
102  5  115.67633960543419722
102  6  96.364701030553355
102  7  78.1195468629606241
102  8  62.1440131166580632
102  9  48.8668232224278042
102  10  38.2068561854492156
102  11  29.8352529937457744
102  12  23.3505890625804622
102  13  18.3700865233097918
102  14  14.5659131518074741
102  15  11.6724750668269120
102  16  9.4810142759347615
102  17  7.8300841841731472
102  18  6.5958081511986384
102  19  5.68340173681345116
102  20  5.0203140858562684
102  21  4.55088436785214901
102  22  4.23226141920150256
102  23  4.0313197875735508
102  24  3.9223390566523783
102  25  3.88525880129005579
103  1  168.6214955531074016
103  2  164.9287449142369406
103  3  154.970994849231097
103  4  139.4971890485633204
103  5  120.528176124997385
103  6  100.562503395140249
103  7  81.6926086986108190
103  8  65.1646012534269998
103  9  51.424380664700506
103  10  40.3901112399299943
103  11  31.72296712642468529
103  12  25.0084150599171786
103  13  19.850778509156481
103  14  15.910974229644626
103  15  12.9141823678976908
103  16  10.644331203261015
103  17  8.9342826259329889
103  18  7.6557725939685860
103  19  6.7106477879701726
103  20  6.0237717461347150
103  21  5.53749584186063689
103  22  5.207436125580495
103  23  4.9992807797568263
103  24  4.8863873525852653
103  25  4.8479757643729261
104  1  174.820903199090394
104  2  171.014320394474444
104  3  160.7484747141299279
104  4  144.7926058634962412
104  5  125.2271628120862549
104  6  104.627200626105503
104  7  85.1516770026205638
104  8  68.0882903493832363
104  9  53.899499304479083
104  10  42.5027019870441299
104  11  33.5493658499389494
104  12  26.6122286306879332
104  13  21.2831032339411015
104  14  17.2120009795248400
104  15  14.11516314091118671
104  16  11.76943389032369879
104  17  10.0022
104  18  8.6808395671446776
104  19  7.70404741917851684
104  20  6.9941474850823236
104  21  6.49156694954522939
104  22  6.1504381998976947
104  23  5.9353011189522009
104  24  5.8186208304086870
104  25  5.7789207274132100
105  1  181.494109946249301
105  2  177.564747171606821
105  3  166.966641769633355
105  4  150.491
105  5  130.2828434450767162
105  6  108.9996006626723047
105  7  88.8719344985684716
105  8  71.2322545930995257
105  9  56.5607541860458639
105  10  44.7739289914701315
105  11  35.5127468500031155
105  12  28.3362161593180170
105  13  22.8226714186046518
105  14  18.6103823437836537
105  15  15.4059699101579577
105  16  12.9786563157475073
105  17  11.1498627988010882
105  18  9.7825081199916070
105  19  8.7716698158083488
105  20  8.03701680289683879
105  21  7.5169072666073471
105  22  7.16387835463129122
105  23  6.94123534230458306
105  24  6.82048388167203896
105  25  6.7793985262056284
106  1  188.1524453621984655
106  2  184.1003416619944188
106  3  173.1701343753011673
106  4  156.1752260930132193
106  5  135.3249788880514105
106  6  113.3595170185507371
106  7  92.580980324312556
106  8  74.3663324022004967
106  9  59.2133721947881747
106  10  47.03761856635007
106  11  37.4695133309054889
106  12  30.0543397464622312
106  13  24.3569731632499768
106  14  20.0039658942536722
106  15  16.6923423767313513
106  16  14.18372381565755029
106  17  12.29362001892313361
106  18  10.8803948861706243
106  19  9.83562968184589317
106  20  9.07631063714559053
106  21  8.5387339169278036
106  22  8.1738468912268630
106  23  7.94372450344286211
106  24  7.8189162854881423
106  25  7.77645058400302354
107  1  195.324354893308011
107  2  191.139805223528233
107  3  179.851291355950897
107  4  162.296239896059950
107  5  140.753744082289628
107  6  118.0530036446498581
107  7  96.5732478578440160
107  8  77.7393675822523880
107  9  62.0680300626251822
107  10  49.4736211685368277
107  11  39.5751926755487585
107  12  31.903216923443510
107  13  26.0081
107  14  21.5036559258423536
107  15  18.0766912947985976
107  16  15.4806062091681851
107  17  13.5245480846655869
107  18  12.0619792232339852
107  19  10.98071889131593228
107  20  10.1948669924209363
107  21  9.63850129005040829
107  22  9.2608588971059705
107  23  9.02269123767025260
107  24  8.893519336334961
107  25  8.849568856457935
108  1  202.6810017679162079
108  2  198.360364038241218
108  3  186.7037450346688946
108  4  168.5733883797199362
108  5  146.3201616232721801
108  6  122.8648098675781215
108  7  100.6656733893649017
108  8  81.1967382411746764
108  9  64.9939283892807249
108  10  51.9703856942021847
108  11  41.73342629541875747
108  12  33.7983
108  13  27.7004932823917385
108  14  23.0409773991015726
108  15  19.4958506525494597
108  16  16.8101638587040305
108  17  14.7865436737685020
108  18  13.2734295511169922
108  19  12.15478613565148657
108  20  11.34175619492906952
108  21  10.76614481933676252
108  22  10.3754371138091529
108  23  10.12902872667333346
108  24  9.9953871405081818
108  25  9.9499158162958961
109  1  210.3530019333528529
109  2  205.8902210279877341
109  3  193.8491725730514947
109  4  175.1181534569294279
109  5  152.1231248424490284
109  6  127.8804716341620572
109  7  104.9310675710467025
109  8  84.8000285667280907
109  9  68.043261375140066
109  10  54.572528116077719
109  11  43.9828542769663737
109  12  35.773595716001569
109  13  29.464689813478102
109  14  24.643615310208954
109  15  20.9754214672743561
109  16  18.19641768804733378
109  17  16.10243637881373824
109  18  14.5366842478033030
109  19  13.37911068535438037
109  20  12.53777835132418621
109  21  11.9421253081894839
109  22  11.53781200594669752
109  23  11.28282215439691222
109  24  11.1445260837721087
109  25  11.09747103767656708
110  1  217.8354537921844632
110  2  213.2338487755494031
110  3  200.817396431452054
110  4  181.5
110  5  157.7809500795470961
110  6  132.7701831778507007
110  7  109.0890496236415486
110  8  88.312465375715034
110  9  71.0157343124438658
110  10  57.1091975661195292
110  11  46.1758467379199154
110  12  37.6995101745271164
110  13  31.1849631188077660
110  14  26.206516120453445
110  15  22.4184506367564521
110  16  19.54855669263699408
110  17  17.38604626131835174
110  18  15.7690278849902861
110  19  14.5735393776794997
110  20  13.70464306407439767
110  21  13.0894714251926656
110  22  12.6719077073761466
110  23  12.4085604506073515
110  24  12.2657314340746711
110  25  12.217134022274359
111  1  225.7390901470368399
111  2  220.9906651365247268
111  3  208.1772349959443790
111  4  188.239816335804845
111  5  163.7556232974377320
111  6  137.9332949866523520
111  7  113.479293029911467
111  8  92.0210677163430914
111  9  74.1543194826133563
111  10  59.7878137186449737
111  11  48.4917848510438947
111  12  39.7336378669960989
111  13  33.0021260446895600
111  14  27.8576524253871291
111  15  23.9431300922487816
111  16  20.97735672752758700
111  17  18.7425575714441382
111  18  17.0714616363751474
111  19  15.8359796953973546
111  20  14.93800870944284329
111  21  14.30224890585803928
111  22  13.87070876974692782
111  23  13.5985462334216542
111  24  13.45093593753825972
111  25  13.4007116646881162
112  1  234.3730017608353267
112  2  229.464005883336174
112  3  216.216469628504862
112  4  195.6012347181151709
112  5  170.280721910116627
112  6  143.5716762547065861
112  7  118.2735040328911552
112  8  96.0709660266694519
112  9  77.5819425742437417
112  10  62.7133969287716533
112  11  51.0215787480475883
112  12  41.9559296520417725
112  13  34.9876947603812140
112  14  29.6620876155548083
112  15  25.6096093168900629
112  16  22.5392421071001337
112  17  20.2255863285470180
112  18  18.4955008750500654
112  19  17.2163935607269673
112  20  16.2867079239385970
112  21  15.628490750615429
112  22  15.18170536740429691
112  23  14.8999273082562626
112  24  14.7471017053497596
112  25  14.69510289275694049
113  1  242.2315834199863853
113  2  237.1762913753366240
113  3  223.5332838213465649
113  4  202.300681155796186
113  5  176.218637021890544
113  6  148.7024106323834666
113  7  122.6360138976118981
113  8  99.7563037435789827
113  9  80.7012631131435347
113  10  65.376147666863084
113  11  53.324438097709249
113  12  43.9792079267049695
113  13  36.795762452202114
113  14  31.3054930987951289
113  15  27.1276099465739550
113  16  23.9621682681643576
113  17  21.5768348293852798
113  18  19.7931312778659362
113  19  18.4743716117350741
113  20  17.5158599491142861
113  21  16.8372310293164517
113  22  16.3765891549867705
113  23  16.08607152571679731
113  24  15.9285057292343527
113  25  15.8748940387857455
114  1  250.6770461136593608
114  2  245.4644015323965059
114  3  231.3960763214374272
114  4  209.499632727021968
114  5  182.5989299651001466
114  6  154.2152051829036651
114  7  127.323396458896658
114  8  103.7162784169127053
114  9  84.0533535215998627
114  10  68.2379769526339913
114  11  55.7998686401413988
114  12  46.15449523425427004
114  13  38.7400289869233728
114  14  33.073011081738645
114  15  28.7605242594895613
114  16  25.4930375676309773
114  17  23.0307732613942282
114  18  21.18952307791245110
114  19  19.82820638435286700
114  20  18.83875740956270193
114  21  18.1382219027249245
114  22  17.66270884389959144
114  23  17.3628116890031516
114  24  17.2001586084196159
114  25  17.1448159422494399
115  1  259.668307745290209
115  2  254.2880158205848422
115  3  239.7665894174156449
115  4  217.1630640305680116
115  5  189.3905825369797459
115  6  160.0833131497611134
115  7  132.312993033746317
115  8  107.9318531716768481
115  9  87.6222172620432910
115  10  71.2853492879705682
115  11  58.436280174218506
115  12  48.471715835692646
115  13  40.8115863355804412
115  14  34.9566281099540946
115  15  30.5010207575776136
115  16  27.1250359050424074
115  17  24.5809778115935639
115  18  22.6785445359544939
115  19  21.27198220421653266
115  20  20.2496417389426117
115  21  19.5258160710053163
115  22  19.03449267600160855
115  23  18.7246236892072754
115  24  18.5565620792737385
115  25  18.499379133696057
116  1  269.265518249365298
116  2  263.70616282298345
116  3  248.7008248188443551
116  4  225.342264296151470
116  5  196.6390923322849088
116  6  166.3461187554097106
116  7  137.6383936161953162
116  8  112.4315298501139605
116  9  91.432117014481372
116  10  74.5391169851300538
116  11  61.2518424817003578
116  12  50.9469590435042160
116  13  43.0249243954256376
116  14  36.969611534525830
116  15  32.36143641164165844
116  16  28.8697952934805418
116  17  26.2385492463105293
116  18  24.2708991502565208
116  19  22.8161088473374271
116  20  21.7587092239824888
116  21  21.0101
116  22  20.5018831842415883
116  23  20.18138535056912696
116  24  20.0075588703559706
116  25  19.9484144003748965
117  1  277.9723815820566856
117  2  272.250489253759393
117  3  256.805937622947030
117  4  232.762185885921330
117  5  203.214586626741599
117  6  172.0274733538911404
117  7  142.4696111450411315
117  8  116.5140457275974261
117  9  94.8893045127092980
117  10  77.4922043050620824
117  11  63.8077668466960599
117  12  53.1944651399983259
117  13  45.035091469692557
117  14  38.7982259543481330
117  15  34.0518058617630988
117  16  30.455369139855284
117  17  27.7451242292908890
117  18  25.71838374806090534
117  19  24.2198965208286976
117  20  23.1307318539588866
117  21  22.3595890706469929
117  22  21.83614506652187242
117  23  21.5060171931256961
117  24  21.3269675845266012
117  25  21.2660459218455513
118  1  287.486241506804179
118  2  281.58667394769428
118  3  265.66203611812829
118  4  240.8694310565706938
118  5  210.3991147184489652
118  6  178.2351615864802556
118  7  147.7487188988055245
118  8  120.9755169125299588
118  9  98.6679773289792071
118  10  80.7205175783877915
118  11  66.6025142491377452
118  12  55.6525515758265790
118  13  47.2341205710053013
118  14  40.7990980090335435
118  15  35.9017946203367014
118  16  32.19098491650041827
118  17  29.3945230704408691
118  18  27.3032941187828292
118  19  25.7571186506329541
118  20  24.63328777481751859
118  21  23.83759864741931337
118  22  23.2975
118  23  22.9568544721469513
118  24  22.7721047773737574
118  25  22.7092436364778100
119  1  297.4355208918866282
119  2  291.3500832200802246
119  3  274.923251283087330
119  4  249.347409700864025
119  5  217.9121785758617942
119  6  184.7269129263406712
119  7  153.2698027545406674
119  8  125.642055970269641
119  9  102.6210031552720115
119  10  84.0984966915112999
119  11  69.5275230099847499
119  12  58.2258583575951986
119  13  49.5368117693114865
119  14  42.894800237805551
119  15  37.8398939493306206
119  16  34.0096207051963966
119  17  31.1231062844456117
119  18  28.96452086011646293
119  19  27.3685368438140303
119  20  26.2084987216421843
119  21  25.3871722227133704
119  22  24.829661942999548
119  23  24.47804814550751611
119  24  24.287345057359140
119  25  24.2224582508654255
120  1  307.0931210344031044
120  2  300.8272170770122625
120  3  283.91282213674592855
120  4  257.576652198408729
120  5  225.204876156726231
120  6  191.0285021299333444
120  7  158.6295968415833325
120  8  130.1728560571106733
120  9  106.459718116257797
120  10  87.3794964914136575
120  11  72.3692433208871636
120  12  60.7265301026461461
120  13  51.7750789934726833
120  14  44.9323670847867289
120  15  39.7246507726466302
120  16  35.77854970521606222
120  17  32.8047248796152412
120  18  30.58083490171417767
120  19  28.9365601584152994
120  20  27.74141839026994570
120  21  26.8952360781950574
120  22  26.3208529886334898
120  23  25.95859738829661052
120  24  25.762122439387301
120  25  25.6952717357780198
121  1  317.5940834459510380
121  2  311.1319196192160399
121  3  293.6873231764104016
121  4  266.5244216364187671
121  5  233.1344558458103991
121  6  197.8807485491968823
121  7  164.4582800291520698
121  8  135.1007037648939437
121  9  110.6355985002941295
121  10  90.9494679875890210
121  11  75.4620148141892355
121  12  63.44883573860131
121  13  54.2123602271780334
121  14  47.1516552572333092
121  15  41.7779672816681743
121  16  37.7060647756830264
121  17  34.6374130351751022
121  18  32.3425973361138990
121  19  30.6458756619649948
121  20  29.4126092622755095
121  21  28.5394321998276344
121  22  27.94672439231275223
121  23  27.5729112857384610
121  24  27.3702
121  25  27.3011842431037780
122  1  328.5033034316296380
122  2  321.8372278285615046
122  3  303.8417883922798419
122  4  275.820057404014347
122  5  241.3725169705642909
122  6  204.9999781337863085
122  7  170.5146839189661542
122  8  140.221848950767521
122  9  114.976135382545514
122  10  94.6610796575827428
122  11  78.6783378289903010
122  12  66.2806733706106880
122  13  56.7484010966967142
122  14  49.4614722063492054
122  15  43.915550591951095
122  16  39.7131029587272174
122  17  36.5460501296096440
122  18  34.1776362709115813
122  19  32.42649197133443195
122  20  31.1536650245809602
122  21  30.2524766177086186
122  22  29.64075406332674086
122  23  29.25494827053247385
122  24  29.0457002823822802
122  25  28.9745035086915959
123  1  340.085004389380801
123  2  333.20243898616485
123  3  314.6222086210457689
123  4  285.68880653854438
123  5  250.118766613141065
123  6  212.5588838309075478
123  7  176.945844523111967
123  8  145.6607542106948799
123  9  119.5869534826693290
123  10  98.6047807343394033
123  11  82.096711875843881
123  12  69.2912668546970770
123  13  59.4452898458728449
123  14  51.9184491546394379
123  15  46.1898774210341460
123  16  41.84899213668677690
123  17  38.5775905954343711
123  18  36.1311309673896969
123  19  34.3222757016325581
123  20  33.0074981201840428
123  21  32.07660616545347793
123  22  31.4447202180645047
123  23  31.04619730798066470
123  24  30.8300518838155182
123  25  30.7565082360567470
124  1  352.175055259189209
124  2  345.066504104467550
124  3  325.8758612022382915
124  4  295.9909295268843119
124  5  259.249455297658238
124  6  220.4506353193818588
124  7  183.6610065960609985
124  8  151.3408122787628428
124  9  124.4032557622044414
124  10  102.7252906514498167
124  11  85.6693514827537611
124  12  72.4386494926204341
124  13  62.2655366068568350
124  14  54.4885202477235753
124  15  48.5694888483925394
124  16  44.0842
124  17  40.7040409709398079
124  18  38.176202016538839
124  19  36.3071712464164629
124  20  34.9486517808617222
124  21  33.98678809229079156
124  22  33.33387793974867298
124  23  32.92209501996466475
124  24  32.6987577169113890
124  25  32.6227670112432737
125  1  365.6790027165534130
125  2  358.3180614565662570
125  3  338.4457159501242554
125  4  307.4982155437459479
125  5  269.448755844723838
125  6  229.2667577357248919
125  7  191.163726556555398
125  8  157.6882024749619508
125  9  129.7866627681328707
125  10  107.3322313920922902
125  11  89.664938658858767
125  12  75.9597280791260684
125  13  65.4216059949865031
125  14  57.3655
125  15  51.23392907638501927
125  16  46.5876344879040482
125  17  43.0860324965151458
125  18  40.46740119156823215
125  19  38.5312349988374576
125  20  37.1239147111030140
125  21  36.12749740726010614
125  22  35.45113166304470773
125  23  35.0245552792989778
125  24  34.79319440080039839
125  25  34.7144736514330461
126  1  380.5864152917297832
126  2  372.946900086219755
126  3  352.3221628135147075
126  4  320.2020065763263251
126  5  280.709207877489262
126  6  239.00108795070339022
126  7  199.449102248778846
126  8  164.6991552632955228
126  9  135.7343667159992316
126  10  112.42358087054633335
126  11  94.0820768519068278
126  12  79.85359576632642285
126  13  68.912970349339794
126  14  60.5490288544731665
126  15  54.1831845853848030
126  16  49.35930323293242876
126  17  45.723848806354251
126  18  43.005107920239551
126  19  40.99491730591959350
126  20  39.53378885494088800
126  21  38.49927261108509974
126  22  37.797
126  23  37.35415707535507805
126  24  37.1139494210873103
126  25  37.0322185331692027
127  1  396.742190561704449
127  2  388.8008471075222941
127  3  367.3609449621236489
127  4  333.970394434141289
127  5  292.9141204824430099
127  6  249.553046930865971
127  7  208.4318725425628213
127  8  172.3018989637901038
127  9  142.18586204842437
127  10  117.9479152687739011
127  11  98.8764972602015833
127  12  84.081539910212563
127  13  72.7052
127  14  64.0080637092087821
127  15  57.3885793607739252
127  16  52.3724674291517151
127  17  48.5921248318457749
127  18  45.7650216067075402
127  19  43.6747047405800697
127  20  42.1553330091284129
127  21  41.0795776811582258
127  22  40.34935612368045312
127  23  39.8888129145006400
127  24  39.6390293751218881
127  25  39.5540402689778720
128  1  417.152428682733642
128  2  408.829906429109369
128  3  386.360575129160701
128  4  351.3658327958838241
128  5  308.3354834550831364
128  6  262.8876020339775642
128  7  219.7856024501872179
128  8  181.9137734400893511
128  9  150.3447752184497158
128  10  124.9367696080606078
128  11  104.944269265294802
128  12  89.4345056861415789
128  13  77.5083639052824427
128  14  68.3908
128  15  61.4513177985098807
128  16  56.1926646189333472
128  17  52.2295158534998837
128  18  49.2656925279067385
128  19  47.0742815385156247
128  20  45.4814254716352561
128  21  44.3536398333733264
128  22  43.58809946792136865
128  23  43.10528076387276289
128  24  42.843415633442406
128  25  42.75431573847966458
129  1  445.5864407818901443
129  2  436.7331736692943353
129  3  412.830552059685423
129  4  375.602453922450087
129  5  329.8241062471854118
129  6  281.4716679780478850
129  7  235.6129757894216669
129  8  195.317306966809672
129  9  161.7266737812150824
129  10  134.690793092395180
129  11  113.4168956739697646
129  12  96.9127537562027633
129  13  84.221813916678970
129  14  74.51948850566338221
129  15  67.13482105280626656
129  16  61.5388016741594069
129  17  57.3213793973937776
129  18  54.1673876622040927
129  19  51.83536261564949177
129  20  50.1402961062288211
129  21  48.94014102358817270
129  22  48.1254755301343687
129  23  47.6116737700717266
129  24  47.3330043340864053
129  25  47.23818673846965135
130  1  635.277698454094644
130  2  622.893292415652802
130  3  589.4557382380450957
130  4  537.373193914110922
130  5  473.3222673095002967
130  6  405.662026610755193
130  7  341.4839458758385668
130  8  285.0852496845298899
130  9  238.0668303176354136
130  10  200.2206135531260240
130  11  170.4385624433908066
130  12  147.3327891923528378
130  13  129.5648601938836743
130  14  115.9807647280871140
130  15  105.6413755164672310
130  16  97.8061765730842881
130  17  91.9011330180850845
130  18  87.4850170044624706
130  19  84.2197699963663453
130  20  81.84636579607579595
130  21  80.1659224862105208
130  22  79.02523445052337253
130  23  78.3058122147701578
130  24  77.9156205135831124
130  25  77.7828572777061491
