1  1  57.7544
1  2  76.1214
1  3  83.4608
1  4  88.1158
1  5  91.5097
1  6  94.1355
1  7  96.2158
1  8  97.8648
1  9  99.1484
1  10  100.111
1  11  100.792
1  12  101.236
1  13  101.503
1  14  101.67
1  15  101.833
1  16  102.104
1  17  102.602
1  18  103.448
1  19  104.761
1  20  106.666
1  21  109.325
1  22  113.002
1  23  118.259
1  24  126.703
1  25  146.945
2  1  69.2567
2  2  87.3465
2  3  94.4214
2  4  98.9191
2  5  102.224
2  6  104.815
2  7  106.907
2  8  108.612
2  9  109.987
2  10  111.068
2  11  111.876
2  12  112.433
2  13  112.768
2  14  112.93
2  15  112.989
2  16  113.047
2  17  113.238
2  18  113.716
2  19  114.657
2  20  116.244
2  21  118.695
2  22  122.318
2  23  127.709
2  24  136.527
2  25  156.914
3  1  76.8586
3  2  94.9466
3  3  101.811
3  4  106.188
3  5  109.437
3  6  112.03
3  7  114.18
3  8  115.998
3  9  117.544
3  10  118.853
3  11  119.94
3  12  120.814
3  13  121.481
3  14  121.951
3  15  122.251
3  16  122.434
3  17  122.593
3  18  122.873
3  19  123.475
3  20  124.658
3  21  126.736
3  22  130.115
3  23  135.46
3  24  144.441
3  25  163.491
4  1  80.8366
4  2  99.154
4  3  105.911
4  4  110.228
4  5  113.459
4  6  116.073
4  7  118.287
4  8  120.215
4  9  121.923
4  10  123.452
4  11  124.824
4  12  126.051
4  13  127.14
4  14  128.094
4  15  128.917
4  16  129.628
4  17  130.265
4  18  130.91
4  19  131.71
4  20  132.899
4  21  134.813
4  22  137.921
4  23  142.94
4  24  151.42
4  25  166.535
5  1  84.1212
5  2  103.043
5  3  109.744
5  4  114.03
5  5  117.267
5  6  119.929
5  7  122.237
5  8  124.313
5  9  126.234
5  10  128.053
5  11  129.809
5  12  131.535
5  13  133.26
5  14  135.012
5  15  136.823
5  16  138.726
5  17  140.763
5  18  142.981
5  19  145.44
5  20  148.208
5  21  151.374
5  22  155.06
5  23  159.516
5  24  165.371
5  25  167.793
6  1  85.9933
6  2  106.143
6  3  112.908
6  4  117.229
6  5  120.52
6  6  123.266
6  7  125.697
6  8  127.946
6  9  130.102
6  10  132.231
6  11  134.393
6  12  136.644
6  13  139.043
6  14  141.657
6  15  144.561
6  16  147.839
6  17  151.579
6  18  155.853
6  19  160.676
6  20  165.938
6  21  171.299
6  22  176.126
6  23  179.564
6  24  180.653
6  25  172.645
7  1  85.8482
7  2  107.979
7  3  114.996
7  4  119.459
7  5  122.871
7  6  125.744
7  7  128.321
7  8  130.743
7  9  133.107
7  10  135.486
7  11  137.946
7  12  140.545
7  13  143.341
7  14  146.386
7  15  149.726
7  16  153.385
7  17  157.35
7  18  161.549
7  19  165.821
7  20  169.919
7  21  173.533
7  22  176.379
7  23  178.321
7  24  179.548
7  25  184.172
8  1  83.1467
8  2  108.505
8  3  116.089
8  4  120.876
8  5  124.532
8  6  127.618
8  7  130.395
8  8  133.017
8  9  135.58
8  10  138.158
8  11  140.805
8  12  143.561
8  13  146.452
8  14  149.484
8  15  152.641
8  16  155.879
8  17  159.129
8  18  162.3
8  19  165.302
8  20  168.073
8  21  170.612
8  22  173.027
8  23  175.632
8  24  179.399
8  25  195.458
9  1  78.6263
9  2  107.72
9  3  116.088
9  4  121.332
9  5  125.321
9  6  128.676
9  7  131.687
9  8  134.514
9  9  137.259
9  10  139.99
9  11  142.749
9  12  145.56
9  13  148.43
9  14  151.344
9  15  154.273
9  16  157.176
9  17  160.009
9  18  162.744
9  19  165.375
9  20  167.941
9  21  170.547
9  22  173.402
9  23  176.97
9  24  182.626
9  25  205.167
10  1  73.7747
10  2  106.364
10  3  115.54
10  4  121.263
10  5  125.601
10  6  129.236
10  7  132.482
10  8  135.51
10  9  138.426
10  10  141.297
10  11  144.161
10  12  147.035
10  13  149.92
10  14  152.802
10  15  155.656
10  16  158.458
10  17  161.194
10  18  163.869
10  19  166.515
10  20  169.209
10  21  172.089
10  22  175.413
10  23  179.726
10  24  186.675
10  25  213.434
11  1  69.451
11  2  104.939
11  3  114.826
11  4  120.976
11  5  125.627
11  6  129.51
11  7  132.964
11  8  136.171
11  9  139.24
11  10  142.239
11  11  145.205
11  12  148.155
11  13  151.09
11  14  153.997
11  15  156.863
11  16  159.675
11  17  162.435
11  18  165.167
11  19  167.921
11  20  170.79
11  21  173.932
11  22  177.631
11  23  182.497
11  24  190.363
11  25  220.11
12  1  65.1397
12  2  103.365
12  3  113.949
12  4  120.522
12  5  125.482
12  6  129.614
12  7  133.276
12  8  136.662
12  9  139.885
12  10  143.016
12  11  146.093
12  12  149.133
12  13  152.14
12  14  155.106
12  15  158.023
12  16  160.891
12  17  163.724
12  18  166.555
12  19  169.447
12  20  172.506
12  21  175.905
12  22  179.95
12  23  185.306
12  24  193.973
12  25  226.337
13  1  61.2735
13  2  101.83
13  3  113.024
13  4  119.969
13  5  125.203
13  6  129.555
13  7  133.401
13  8  136.946
13  9  140.309
13  10  143.56
13  11  146.741
13  12  149.871
13  13  152.955
13  14  155.99
13  15  158.974
13  16  161.914
13  17  164.832
13  18  167.769
13  19  170.796
13  20  174.028
13  21  177.648
13  22  181.984
13  23  187.743
13  24  197.065
13  25  231.572
14  1  57.4311
14  2  100.187
14  3  111.967
14  4  119.272
14  5  124.771
14  6  129.336
14  7  133.363
14  8  137.064
14  9  140.562
14  10  143.934
14  11  147.221
14  12  150.444
14  13  153.611
14  14  156.724
14  15  159.786
14  16  162.808
14  17  165.82
14  18  168.87
14  19  172.035
14  20  175.436
14  21  179.267
14  22  183.875
14  23  190.008
14  24  199.931
14  25  236.42
15  1  53.5635
15  2  98.4128
15  3  110.758
15  4  118.413
15  5  124.17
15  6  128.943
15  7  133.146
15  8  136.999
15  9  140.632
15  10  144.123
15  11  147.516
15  12  150.835
15  13  154.09
15  14  157.286
15  15  160.431
15  16  163.542
15  17  166.653
15  18  169.819
15  19  173.12
15  20  176.686
15  21  180.72
15  22  185.586
15  23  192.071
15  24  202.559
15  25  240.911
16  1  49.5366
16  2  96.4373
16  3  109.344
16  4  117.346
16  5  123.361
16  6  128.342
16  7  132.721
16  8  136.727
16  9  140.495
16  10  144.107
16  11  147.61
16  12  151.028
16  13  154.374
16  14  157.659
16  15  160.893
16  16  164.1
16  17  167.315
16  18  170.599
16  19  174.04
16  20  177.771
16  21  182.004
16  22  187.123
16  23  193.952
16  24  204.989
16  25  245.155
17  1  45.7599
17  2  94.47
17  3  107.877
17  4  116.189
17  5  122.435
17  6  127.602
17  7  132.138
17  8  136.282
17  9  140.173
17  10  143.894
17  11  147.496
17  12  151.005
17  13  154.438
17  14  157.805
17  15  161.124
17  16  164.418
17  17  167.731
17  18  171.124
17  19  174.69
17  20  178.568
17  21  182.98
17  22  188.322
17  23  195.452
17  24  206.971
17  25  248.731
18  1  41.5736
18  2  92.1681
18  3  106.1
18  4  114.738
18  5  121.227
18  6  126.59
18  7  131.293
18  8  135.582
18  9  139.603
18  10  143.441
18  11  147.149
18  12  150.757
18  13  154.282
18  14  157.74
18  15  161.15
18  16  164.541
18  17  167.958
18  18  171.468
18  19  175.167
18  20  179.201
18  21  183.798
18  22  189.373
18  23  196.817
18  24  208.836
18  25  252.254
19  1  37.4647
19  2  89.7949
19  3  104.214
19  4  113.155
19  5  119.869
19  6  125.415
19  7  130.273
19  8  134.699
19  9  138.84
19  10  142.788
19  11  146.597
19  12  150.297
19  13  153.911
19  14  157.456
19  15  160.953
19  16  164.435
19  17  167.952
19  18  171.571
19  19  175.395
19  20  179.573
19  21  184.343
19  22  190.132
19  23  197.865
19  24  210.345
19  25  255.289
20  1  33.6431
20  2  87.4965
20  3  102.345
20  4  111.554
20  5  118.467
20  6  124.175
20  7  129.171
20  8  133.716
20  9  137.966
20  10  142.012
20  11  145.909
20  12  149.694
20  13  153.387
20  14  157.009
20  15  160.586
20  16  164.151
20  17  167.755
20  18  171.473
20  19  175.408
20  20  179.714
20  21  184.635
20  22  190.613
20  23  198.6
20  24  211.482
20  25  257.765
21  1  29.619
21  2  84.9919
21  3  100.27
21  4  109.748
21  5  116.861
21  6  122.732
21  7  127.865
21  8  132.533
21  9  136.89
21  10  141.034
21  11  145.023
21  12  148.892
21  13  152.666
21  14  156.367
21  15  160.024
21  16  163.673
21  17  167.368
21  18  171.184
21  19  175.231
21  20  179.664
21  21  184.738
21  22  190.904
21  23  199.144
21  24  212.428
21  25  260.046
22  1  25.643
22  2  82.4416
22  3  98.125
22  4  107.855
22  5  115.158
22  6  121.181
22  7  126.446
22  8  131.227
22  9  135.688
22  10  139.925
22  11  143.999
22  12  147.949
22  13  151.8
22  14  155.577
22  15  159.31
22  16  163.039
22  17  166.819
22  18  170.73
22  19  174.882
22  20  179.436
22  21  184.653
22  22  190.996
22  23  199.473
22  24  213.135
22  25  262.004
23  1  21.3346
23  2  79.6038
23  3  95.7061
23  4  105.698
23  5  113.196
23  6  119.379
23  7  124.779
23  8  129.679
23  9  134.246
23  10  138.58
23  11  142.744
23  12  146.777
23  13  150.709
23  14  154.566
23  15  158.379
23  16  162.191
23  17  166.061
23  18  170.069
23  19  174.33
23  20  179.009
23  21  184.373
23  22  190.9
23  23  199.621
23  24  213.672
23  25  263.833
24  1  16.8654
24  2  76.5889
24  3  93.1066
24  4  103.359
24  5  111.051
24  6  117.392
24  7  122.926
24  8  127.944
24  9  132.617
24  10  137.048
24  11  141.301
24  12  145.418
24  13  149.43
24  14  153.366
24  15  157.259
24  16  161.155
24  17  165.114
24  18  169.22
24  19  173.589
24  20  178.392
24  21  183.903
24  22  190.609
24  23  199.573
24  24  214.008
24  25  265.446
25  1  12.4012
25  2  73.5151
25  3  90.4309
25  4  100.932
25  5  108.811
25  6  115.303
25  7  120.966
25  8  126.098
25  9  130.873
25  10  135.396
25  11  139.735
25  12  143.933
25  13  148.023
25  14  152.036
25  15  156.006
25  16  159.982
25  17  164.027
25  18  168.226
25  19  172.699
25  20  177.621
25  21  183.272
25  22  190.152
25  23  199.346
25  24  214.148
25  25  266.805
26  1  7.76449
26  2  70.2665
26  3  87.5803
26  4  98.3313
26  5  106.396
26  6  113.04
26  7  118.832
26  8  124.078
26  9  128.955
26  10  133.571
26  11  137.997
26  12  142.276
26  13  146.443
26  14  150.533
26  15  154.581
26  16  158.638
26  17  162.768
26  18  167.061
26  19  171.639
26  20  176.68
26  21  182.47
26  22  189.522
26  23  198.948
26  24  214.115
26  25  267.988
27  1  3.05607
27  2  66.918
27  3  84.6223
27  4  95.6179
27  5  103.866
27  6  110.658
27  7  116.578
27  8  121.936
27  9  126.913
27  10  131.621
27  11  136.13
27  12  140.49
27  13  144.734
27  14  148.899
27  15  153.024
27  16  157.16
27  17  161.375
27  18  165.76
27  19  170.44
27  20  175.598
27  21  181.524
27  22  188.745
27  23  198.396
27  24  213.922
27  25  268.984
28  1  -1.98248
28  2  63.2884
28  3  81.3979
28  4  92.6478
28  5  101.086
28  6  108.033
28  7  114.084
28  8  119.558
28  9  124.639
28  10  129.442
28  11  134.04
28  12  138.482
28  13  142.807
28  14  147.05
28  15  151.255
28  16  155.474
28  17  159.777
28  18  164.257
28  19  169.043
28  20  174.321
28  21  180.39
28  22  187.785
28  23  197.67
28  24  213.566
28  25  269.857
29  1  -6.96444
29  2  59.6615
29  3  78.1612
29  4  89.6559
29  5  98.2773
29  6  105.373
29  7  111.552
29  8  117.137
29  9  122.318
29  10  127.213
29  11  131.896
29  12  136.418
29  13  140.819
29  14  145.139
29  15  149.42
29  16  153.719
29  17  158.106
29  18  162.678
29  19  167.566
29  20  172.96
29  21  179.164
29  22  186.727
29  23  196.836
29  24  213.087
29  25  270.558
30  1  -11.6104
30  2  56.2521
30  3  75.1081
30  4  86.8263
30  5  95.615
30  6  102.847
30  7  109.141
30  8  114.829
30  9  120.102
30  10  125.08
30  11  129.841
30  12  134.436
30  13  138.907
30  14  143.296
30  15  147.647
30  16  152.018
30  17  156.483
30  18  161.139
30  19  166.119
30  20  171.619
30  21  177.947
30  22  185.663
30  23  195.975
30  24  212.549
30  25  271.094
31  1  -16.3349
31  2  52.7648
31  3  71.9772
31  4  83.9192
31  5  92.8754
31  6  100.243
31  7  106.654
31  8  112.444
31  9  117.809
31  10  122.871
31  11  127.708
31  12  132.376
31  13  136.918
31  14  141.376
31  15  145.797
31  16  150.241
31  17  154.783
31  18  159.522
31  19  164.595
31  20  170.2
31  21  176.652
31  22  184.519
31  23  195.035
31  24  211.931
31  25  271.545
32  1  -21.0527
32  2  49.2678
32  3  68.8323
32  4  80.9953
32  5  90.1168
32  6  97.6193
32  7  104.145
32  8  110.035
32  9  115.491
32  10  120.635
32  11  125.549
32  12  130.289
32  13  134.9
32  14  139.426
32  15  143.916
32  16  148.432
32  17  153.049
32  18  157.871
32  19  163.035
32  20  168.743
32  21  175.316
32  22  183.333
32  23  194.048
32  24  211.261
32  25  271.927
33  1  -25.5653
33  2  45.9151
33  3  65.8141
33  4  78.1869
33  5  87.4658
33  6  95.096
33  7  101.73
33  8  107.717
33  9  113.258
33  10  118.481
33  11  123.467
33  12  128.275
33  13  132.951
33  14  137.542
33  15  142.097
33  16  146.68
33  17  151.37
33  18  156.269
33  19  161.519
33  20  167.325
33  21  174.013
33  22  182.172
33  23  193.076
33  24  210.587
33  25  272.247
34  1  -30.1525
34  2  42.5047
34  3  62.743
34  4  75.329
34  5  84.7672
34  6  92.5272
34  7  99.2722
34  8  105.355
34  9  110.983
34  10  116.285
34  11  121.345
34  12  126.222
34  13  130.964
34  14  135.62
34  15  140.241
34  16  144.892
34  17  149.654
34  18  154.632
34  19  159.969
34  20  165.874
34  21  172.678
34  22  180.979
34  23  192.073
34  24  209.887
34  25  272.55
35  1  -34.8059
35  2  39.0491
35  3  59.6329
35  4  72.4356
35  5  82.036
35  6  89.9278
35  7  96.7851
35  8  102.967
35  9  108.683
35  10  114.065
35  11  119.199
35  12  124.145
35  13  128.955
35  14  133.676
35  15  138.364
35  16  143.084
35  17  147.919
35  18  152.976
35  19  158.401
35  20  164.406
35  21  171.327
35  22  179.772
35  23  191.06
35  24  209.179
35  25  272.856
36  1  -38.819
36  2  36.0778
36  3  56.9616
36  4  69.9528
36  5  79.6941
36  6  87.7004
36  7  94.6554
36  8  100.923
36  9  106.715
36  10  112.167
36  11  117.365
36  12  122.371
36  13  127.239
36  14  132.017
36  15  136.762
36  16  141.542
36  17  146.44
36  18  151.565
36  19  157.066
36  20  163.157
36  21  170.179
36  22  178.749
36  23  190.202
36  24  208.585
36  25  273.138
37  1  -43.205
37  2  32.8457
37  3  54.0617
37  4  67.2612
37  5  77.1586
37  6  85.292
37  7  92.3546
37  8  98.7163
37  9  104.593
37  10  110.122
37  11  115.39
37  12  120.463
37  13  125.393
37  14  130.234
37  15  135.042
37  16  139.887
37  17  144.854
37  18  150.055
37  19  155.639
37  20  161.824
37  21  168.958
37  22  177.664
37  23  189.3
37  24  207.973
37  25  273.488
38  1  -47.3536
38  2  29.8105
38  3  51.3466
38  4  64.7472
38  5  74.7951
38  6  83.0503
38  7  90.2167
38  8  96.6694
38  9  102.628
38  10  108.229
38  11  113.565
38  12  118.7
38  13  123.692
38  14  128.591
38  15  133.46
38  16  138.366
38  17  143.4
38  18  148.672
38  19  154.336
38  20  160.611
38  21  167.851
38  22  176.688
38  23  188.499
38  24  207.448
38  25  273.882
39  1  -51.1378
39  2  27.0676
39  3  48.9028
39  4  62.4912
39  5  72.6794
39  6  81.0485
39  7  88.3119
39  8  94.8489
39  9  100.883
39  10  106.552
39  11  111.95
39  12  117.144
39  13  122.191
39  14  127.146
39  15  132.069
39  16  137.033
39  17  142.127
39  18  147.465
39  19  153.202
39  20  159.562
39  21  166.899
39  22  175.857
39  23  187.83
39  24  207.035
39  25  274.318
40  1  -55.0173
40  2  24.2896
40  3  46.4409
40  4  60.2276
40  5  70.5639
40  6  79.0532
40  7  86.4186
40  8  93.0448
40  9  99.1575
40  10  104.898
40  11  110.361
40  12  115.617
40  13  120.721
40  14  125.733
40  15  130.713
40  16  135.737
40  17  140.894
40  18  146.302
40  19  152.115
40  20  158.561
40  21  166.001
40  22  175.085
40  23  187.226
40  24  206.699
40  25  274.869
41  1  -58.6652
41  2  21.719
41  3  44.1787
41  4  58.1586
41  5  68.6394
41  6  77.2459
41  7  84.7106
41  8  91.4233
41  9  97.6127
41  10  103.422
41  11  108.949
41  12  114.262
41  13  119.422
41  14  124.488
41  15  129.524
41  16  134.604
41  17  139.822
41  18  145.296
41  19  151.183
41  20  157.713
41  21  165.251
41  22  174.456
41  23  186.76
41  24  206.49
41  25  275.513
42  1  -62.0198
42  2  19.4012
42  3  42.1574
42  4  56.323
42  5  66.9426
42  6  75.6613
42  7  83.2211
42  8  90.0165
42  9  96.2791
42  10  102.154
42  11  107.74
42  12  113.108
42  13  118.321
42  14  123.438
42  15  128.525
42  16  133.659
42  17  138.934
42  18  144.469
42  19  150.425
42  20  157.035
42  21  164.666
42  22  173.986
42  23  186.443
42  24  206.417
42  25  276.247
43  1  -65.3018
43  2  17.1901
43  3  40.2516
43  4  54.6085
43  5  65.3707
43  6  74.205
43  7  81.8625
43  8  88.7424
43  9  95.0794
43  10  101.021
43  11  106.667
43  12  112.091
43  13  117.356
43  14  122.524
43  15  127.663
43  16  132.851
43  17  138.183
43  18  143.781
43  19  149.806
43  20  156.495
43  21  164.22
43  22  173.657
43  23  186.269
43  24  206.489
43  25  277.135
44  1  -68.2201
44  2  15.2862
44  3  38.6358
44  4  53.1731
44  5  64.0698
44  6  73.013
44  7  80.7621
44  8  87.7214
44  9  94.128
44  10  100.131
44  11  105.833
44  12  111.308
44  13  116.621
44  14  121.836
44  15  127.022
44  16  132.258
44  17  137.643
44  18  143.298
44  19  149.388
44  20  156.15
44  21  163.962
44  22  173.506
44  23  186.261
44  24  206.709
44  25  278.108
45  1  -70.86
45  2  13.6311
45  3  37.2592
45  4  51.9709
45  5  62.9978
45  6  72.0458
45  7  79.8833
45  8  86.9186
45  9  93.3915
45  10  99.4537
45  11  105.208
45  12  110.73
45  13  116.088
45  14  121.347
45  15  126.576
45  16  131.858
45  17  137.292
45  18  143.001
45  19  149.151
45  20  155.982
45  21  163.875
45  22  173.52
45  23  186.411
45  24  207.073
45  25  279.181
46  1  -73.3421
46  2  12.153
46  3  36.0644
46  4  50.9532
46  5  62.1119
46  6  71.266
46  7  79.1926
46  8  86.3044
46  9  92.8439
46  10  98.9641
46  11  104.769
46  12  110.339
46  13  115.74
46  14  121.041
46  15  126.312
46  16  131.639
46  17  137.12
46  18  142.881
46  19  149.09
46  20  155.989
46  21  163.962
46  22  173.706
46  23  186.73
46  24  207.604
46  25  280.41
47  1  -75.5697
47  2  10.9165
47  3  35.106
47  4  50.1682
47  5  61.4561
47  6  70.714
47  7  78.7275
47  8  85.9133
47  9  92.5167
47  10  98.6923
47  11  104.547
47  12  110.159
47  13  115.601
47  14  120.94
47  15  126.251
47  16  131.619
47  17  137.144
47  18  142.953
47  19  149.217
47  20  156.18
47  21  164.229
47  22  174.066
47  23  187.217
47  24  208.29
47  25  281.755
48  1  -77.5047
48  2  9.94008
48  3  34.397
48  4  49.6261
48  5  61.0377
48  6  70.3951
48  7  78.4912
48  8  85.7473
48  9  92.4106
48  10  98.6377
48  11  104.537
48  12  110.189
48  13  115.667
48  14  121.041
48  15  126.386
48  16  131.79
48  17  137.354
48  18  143.208
48  19  149.522
48  20  156.542
48  21  164.661
48  22  174.584
48  23  187.85
48  24  209.107
48  25  283.175
49  1  -79.3003
49  2  9.15438
49  3  33.8908
49  4  49.294
49  5  60.8349
49  6  70.2955
49  7  78.4772
49  8  85.8052
49  9  92.5293
49  10  98.8079
49  11  104.751
49  12  110.441
49  13  115.953
49  14  121.36
49  15  126.738
49  16  132.176
49  17  137.778
49  18  143.675
49  19  150.037
49  20  157.114
49  21  165.3
49  22  175.308
49  23  188.688
49  24  210.126
49  25  284.786
50  1  -80.6955
50  2  8.66596
50  3  33.6512
50  4  49.2093
50  5  60.8646
50  6  70.4165
50  7  78.6733
50  8  86.0638
50  9  92.84
50  10  99.162
50  11  105.141
50  12  110.862
50  13  116.401
50  14  121.833
50  15  127.236
50  16  132.701
50  17  138.333
50  18  144.264
50  19  150.665
50  20  157.788
50  21  166.03
50  22  176.108
50  23  189.582
50  24  211.169
50  25  286.316
51  1  -81.9313
51  2  8.37675
51  3  33.6194
51  4  49.3372
51  5  61.1105
51  6  70.7558
51  7  79.0888
51  8  86.5422
51  9  93.3697
51  10  99.7332
51  11  105.745
51  12  111.494
51  13  117.057
51  14  122.51
51  15  127.935
51  16  133.424
51  17  139.082
51  18  145.043
51  19  151.48
51  20  158.646
51  21  166.939
51  22  177.082
51  23  190.644
51  24  212.372
51  25  287.972
52  1  -82.8679
52  2  8.3077
52  3  33.7836
52  4  49.6457
52  5  61.5252
52  6  71.2542
52  7  79.655
52  8  87.163
52  9  94.0344
52  10  100.432
52  11  106.471
52  12  112.24
52  13  117.819
52  14  123.287
52  15  128.727
52  16  134.232
52  17  139.909
52  18  145.892
52  19  152.357
52  20  159.556
52  21  167.889
52  22  178.084
52  23  191.716
52  24  213.556
52  25  289.512
53  1  -83.6519
53  2  8.42972
53  3  34.1457
53  4  50.1559
53  5  62.144
53  6  71.9583
53  7  80.427
53  8  87.9889
53  9  94.9018
53  10  101.331
53  11  107.392
53  12  113.176
53  13  118.767
53  14  124.244
53  15  129.693
53  16  135.209
53  17  140.9
53  18  146.9
53  19  153.386
53  20  160.612
53  21  168.98
53  22  179.219
53  23  192.912
53  24  214.847
53  25  291.104
54  1  -84.3013
54  2  8.78039
54  3  34.7569
54  4  50.927
54  5  63.0319
54  6  72.9365
54  7  81.4763
54  8  89.0929
54  9  96.0459
54  10  102.502
54  11  108.58
54  12  114.374
54  13  119.968
54  14  125.447
54  15  130.898
54  16  136.417
54  17  142.114
54  18  148.124
54  19  154.626
54  20  161.871
54  21  170.266
54  22  180.539
54  23  194.28
54  24  216.292
54  25  292.779
55  1  -84.735
55  2  9.30733
55  3  35.5286
55  4  51.8483
55  5  64.0617
55  6  74.0492
55  7  82.6524
55  8  90.3155
55  9  97.3001
55  10  103.775
55  11  109.86
55  12  115.653
55  13  121.241
55  14  126.712
55  15  132.154
55  16  137.666
55  17  143.359
55  18  149.37
55  19  155.874
55  20  163.128
55  21  171.534
55  22  181.825
55  23  195.591
55  24  217.642
55  25  294.229
56  1  -85.0172
56  2  9.99236
56  3  36.4535
56  4  52.9194
56  5  65.2376
56  6  75.3038
56  7  83.9651
56  8  91.6682
56  9  98.6762
56  10  105.16
56  11  111.242
56  12  117.023
56  13  122.594
56  14  128.045
56  15  133.468
56  16  138.962
56  17  144.64
56  18  150.639
56  19  157.135
56  20  164.382
56  21  172.786
56  22  183.076
56  23  196.842
56  24  218.893
56  25  295.443
57  1  -85.2065
57  2  10.8995
57  3  37.624
57  4  54.2488
57  5  66.6796
57  6  76.8285
57  7  85.5477
57  8  93.2864
57  9  100.309
57  10  106.79
57  11  112.854
57  12  118.607
57  13  124.144
57  14  129.557
57  15  134.943
57  16  140.403
57  17  146.05
57  18  152.019
57  19  158.49
57  20  165.713
57  21  174.093
57  22  184.357
57  23  198.09
57  24  220.088
57  25  296.404
58  1  -85.3392
58  2  11.9184
58  3  38.9089
58  4  55.6929
58  5  68.2348
58  6  78.4622
58  7  87.2319
58  8  94.9953
58  9  102.019
58  10  108.479
58  11  114.508
58  12  120.213
58  13  125.696
58  14  131.053
58  15  136.384
58  16  141.791
58  17  147.388
58  18  153.31
58  19  159.735
58  20  166.912
58  21  175.242
58  22  185.449
58  23  199.108
58  24  220.985
58  25  296.826
59  1  -85.5118
59  2  12.9814
59  3  40.2458
59  4  57.1919
59  5  69.8449
59  6  80.1464
59  7  88.9583
59  8  96.7334
59  9  103.741
59  10  110.161
59  11  116.131
59  12  121.766
59  13  127.173
59  14  132.454
59  15  137.708
59  16  143.042
59  17  148.569
59  18  154.423
59  19  160.779
59  20  167.886
59  21  176.138
59  22  186.252
59  23  199.788
59  24  221.465
59  25  296.546
60  1  -85.903
60  2  14.1169
60  3  41.706
60  4  58.8419
60  5  71.6215
60  6  82.0021
60  7  90.8496
60  8  98.6195
60  9  105.585
60  10  111.933
60  11  117.809
60  12  123.337
60  13  128.632
60  14  133.8
60  15  138.945
60  16  144.173
60  17  149.598
60  18  155.351
60  19  161.604
60  20  168.6
60  21  176.729
60  22  186.693
60  23  200.028
60  24  221.38
60  25  295.233
61  1  -86.8505
61  2  15.1885
61  3  43.1925
61  4  60.5687
61  5  73.5029
61  6  83.9713
61  7  92.8443
61  8  100.582
61  9  107.465
61  10  113.692
61  11  119.423
61  12  124.793
61  13  129.927
61  14  134.938
61  15  139.931
61  16  145.013
61  17  150.294
61  18  155.903
61  19  162.006
61  20  168.839
61  21  176.781
61  22  186.518
61  23  199.545
61  24  220.391
61  25  292.343
62  1  -89.2944
62  2  15.9527
62  3  44.6049
62  4  62.3541
62  5  75.5191
62  6  86.1021
62  7  94.9826
62  8  102.634
62  9  109.357
62  10  115.375
62  11  120.87
62  12  125.999
62  13  130.896
62  14  135.68
62  15  140.457
62  16  145.33
62  17  150.403
62  18  155.8
62  19  161.677
62  20  168.259
62  21  175.908
62  22  185.281
62  23  197.809
62  24  217.832
62  25  286.667
63  1  -95.2
63  2  15.602
63  3  45.3899
63  4  63.7891
63  5  77.3347
63  6  88.0737
63  7  96.9176
63  8  104.384
63  9  110.827
63  10  116.52
63  11  121.682
63  12  126.49
63  13  131.089
63  14  135.594
63  15  140.107
63  16  144.722
63  17  149.533
63  18  154.653
63  19  160.225
63  20  166.46
63  21  173.691
63  22  182.534
63  23  194.325
63  24  213.116
63  25  277.22
64  1  -108.577
64  2  12.8815
64  3  44.9207
64  4  64.5683
64  5  78.7396
64  6  89.618
64  7  98.2634
64  8  105.348
64  9  111.349
64  10  116.615
64  11  121.398
64  12  125.879
64  13  130.191
64  14  134.434
64  15  138.694
64  16  143.049
64  17  147.581
64  18  152.387
64  19  157.596
64  20  163.394
64  21  170.085
64  22  178.222
64  23  189.012
64  24  206.098
64  25  263.503
65  1  -120.264
65  2  12.9933
65  3  47.1857
65  4  67.4604
65  5  81.3016
65  6  91.3885
65  7  99.1721
65  8  105.528
65  9  110.989
65  10  115.882
65  11  120.414
65  12  124.72
65  13  128.895
65  14  133.015
65  15  137.145
65  16  141.347
65  17  145.693
65  18  150.267
65  19  155.184
65  20  160.611
65  21  166.82
65  22  174.303
65  23  184.138
65  24  199.555
65  25  250.171
66  1  -58.2005
66  2  48.2376
66  3  70.9913
66  4  82.294
66  5  89.7745
66  6  95.8039
66  7  101.174
66  8  106.162
66  9  110.881
66  10  115.394
66  11  119.748
66  12  123.984
66  13  128.143
66  14  132.264
66  15  136.393
66  16  140.579
66  17  144.88
66  18  149.373
66  19  154.161
66  20  159.396
66  21  165.325
66  22  172.396
66  23  181.585
66  24  195.808
66  25  241.227
67  1  102.344
67  2  122.668
67  3  114.619
67  4  106.095
67  5  101.96
67  6  101.598
67  7  103.551
67  8  106.754
67  9  110.587
67  10  114.712
67  11  118.956
67  12  123.238
67  13  127.525
67  14  131.816
67  15  136.128
67  16  140.494
67  17  144.96
67  18  149.593
67  19  154.487
67  20  159.783
67  21  165.709
67  22  172.684
67  23  181.614
67  24  195.201
67  25  237.197
68  1  189.067
68  2  163.705
68  3  140.713
68  4  120.607
68  5  108.191
68  6  102.621
68  7  101.625
68  8  103.352
68  9  106.616
68  10  110.718
68  11  115.262
68  12  120.03
68  13  124.908
68  14  129.843
68  15  134.82
68  16  139.851
68  17  144.969
68  18  150.231
68  19  155.722
68  20  161.575
68  21  168.007
68  22  175.417
68  23  184.668
68  24  198.327
68  25  238.568
69  1  212.867
69  2  172.783
69  3  137.518
69  4  103.05
69  5  78.3626
69  6  64.8202
69  7  60.05
69  8  61.189
69  9  66.02
69  10  73.0618
69  11  81.3851
69  12  90.4242
69  13  99.8414
69  14  109.442
69  15  119.12
69  16  128.832
69  17  138.574
69  18  148.379
69  19  158.317
69  20  168.511
69  21  179.169
69  22  190.675
69  23  203.865
69  24  221.213
69  25  263.733
70  1  213.972
70  2  174.506
70  3  139.287
70  4  102.825
70  5  74.9684
70  6  58.6114
70  7  52.1586
70  8  52.7729
70  9  57.9504
70  10  65.8932
70  11  75.4216
70  12  85.797
70  13  96.572
70  14  107.485
70  15  118.393
70  16  129.23
70  17  139.986
70  18  150.69
70  19  161.417
70  20  172.291
70  21  183.523
70  22  195.499
70  23  209.045
70  24  226.59
70  25  268.435
71  1  208.534
71  2  173.665
71  3  142.545
71  4  108.873
71  5  81.8515
71  6  65.0633
71  7  57.769
71  8  57.5996
71  9  62.1914
71  10  69.7335
71  11  78.9902
71  12  89.1695
71  13  99.7841
71  14  110.548
71  15  121.303
71  16  131.979
71  17  142.562
71  18  153.083
71  19  163.619
71  20  174.298
71  21  185.334
71  22  197.116
71  23  210.467
71  24  227.788
71  25  268.837
72  1  208.389
72  2  177.951
72  3  150.938
72  4  120.77
72  5  95.5729
72  6  79.0454
72  7  71.0723
72  8  69.8138
72  9  73.201
72  10  79.5498
72  11  87.6673
72  12  96.7681
72  13  106.36
72  14  116.15
72  15  125.973
72  16  135.756
72  17  145.482
72  18  155.182
72  19  164.931
72  20  174.862
72  21  185.191
72  22  196.311
72  23  209.052
72  24  225.812
72  25  265.966
73  1  210.889
73  2  184.374
73  3  160.688
73  4  133.335
73  5  109.564
73  6  93.0819
73  7  84.2588
73  8  81.7289
73  9  83.7222
73  10  88.7019
73  11  95.5326
73  12  103.444
73  13  111.939
73  14  120.716
73  15  129.599
73  16  138.505
73  17  147.408
73  18  156.336
73  19  165.359
73  20  174.607
73  21  184.3
73  22  194.834
73  23  207.051
73  24  223.368
73  25  262.928
74  1  212.613
74  2  189.983
74  3  169.397
74  4  144.7
74  5  122.39
74  6  106.122
74  7  96.6473
74  8  93.0182
74  9  93.7544
74  10  97.4762
74  11  103.117
74  12  109.93
74  13  117.419
74  14  125.275
74  15  133.311
74  16  141.433
74  17  149.609
74  18  157.856
74  19  166.241
74  20  174.89
74  21  184.02
74  22  194.034
74  23  205.787
74  24  221.731
74  25  260.903
75  1  214.333
75  2  194.957
75  3  176.666
75  4  153.867
75  5  132.575
75  6  116.409
75  7  106.385
75  8  101.865
75  9  101.591
75  10  104.307
75  11  109.004
75  12  114.952
75  13  121.658
75  14  128.802
75  15  136.192
75  16  143.722
75  17  151.352
75  18  159.091
75  19  167.001
75  20  175.201
75  21  183.909
75  22  193.526
75  23  204.919
75  24  220.575
75  25  259.542
76  1  216.168
76  2  199.773
76  3  183.308
76  4  161.963
76  5  141.417
76  6  125.262
76  7  114.723
76  8  109.411
76  9  108.249
76  10  110.089
76  11  113.967
76  12  119.172
76  13  125.208
76  14  131.751
76  15  138.598
76  16  145.634
76  17  152.81
76  18  160.131
76  19  167.648
76  20  175.479
76  21  183.836
76  22  193.118
76  23  204.197
76  24  219.593
76  25  258.44
77  1  217.963
77  2  204.241
77  3  189.194
77  4  168.94
77  5  148.921
77  6  132.715
77  7  121.705
77  8  115.699
77  9  113.772
77  10  114.86
77  11  118.041
77  12  122.615
77  13  128.087
77  14  134.126
77  15  140.519
77  16  147.146
77  17  153.949
77  18  160.925
77  19  168.121
77  20  175.649
77  21  183.715
77  22  192.718
77  23  203.525
77  24  218.679
77  25  257.447
78  1  198.656
78  2  187.52
78  3  174.295
78  4  155.979
78  5  137.663
78  6  122.717
78  7  112.511
78  8  106.943
78  9  105.199
78  10  106.304
78  11  109.401
78  12  113.831
78  13  119.125
78  14  124.967
78  15  131.155
78  16  137.572
78  17  144.165
78  18  150.931
78  19  157.92
78  20  165.24
78  21  173.098
78  22  181.889
78  23  192.48
78  24  207.421
78  25  246.118
79  1  199.39
79  2  190.339
79  3  177.92
79  4  160.151
79  5  142.01
79  6  126.869
79  7  116.207
79  8  110.054
79  9  107.692
79  10  108.207
79  11  110.766
79  12  114.717
79  13  119.587
79  14  125.054
79  15  130.91
79  16  137.03
79  17  143.354
79  18  149.875
79  19  156.635
79  20  163.74
79  21  171.391
79  22  179.977
79  23  190.361
79  24  205.088
79  25  243.69
80  1  237.189
80  2  229.467
80  3  216.153
80  4  196.455
80  5  175.618
80  6  157.414
80  7  143.711
80  8  134.799
80  9  130.074
80  10  128.634
80  11  129.609
80  12  132.287
80  13  136.136
80  14  140.783
80  15  145.973
80  16  151.55
80  17  157.426
80  18  163.571
80  19  170.013
80  20  176.842
80  21  184.249
80  22  192.611
80  23  202.779
80  24  217.282
80  25  255.742
81  1  240.67
81  2  234.553
81  3  221.731
81  4  202.326
81  5  181.505
81  6  163.046
81  7  148.902
81  8  139.459
81  9  134.193
81  10  132.245
81  11  132.762
81  12  135.037
81  13  138.535
81  14  142.875
81  15  147.797
81  16  153.136
81  17  158.8
81  18  164.753
81  19  171.019
81  20  177.683
81  21  184.931
81  22  193.136
81  23  203.138
81  24  217.451
81  25  255.734
82  1  244.755
82  2  240.164
82  3  227.752
82  4  208.554
82  5  187.673
82  6  168.901
82  7  154.273
82  8  144.271
82  9  138.443
82  10  135.972
82  11  136.022
82  12  137.889
82  13  141.033
82  14  145.065
82  15  149.72
82  16  154.824
82  17  160.277
82  18  166.042
82  19  172.134
82  20  178.636
82  21  185.728
82  22  193.778
82  23  203.616
82  24  217.732
82  25  255.765
83  1  248.625
83  2  245.273
83  3  233.16
83  4  214.084
83  5  193.102
83  6  174.023
83  7  158.951
83  8  148.45
83  9  142.127
83  10  139.198
83  11  138.842
83  12  140.355
83  13  143.193
83  14  146.961
83  15  151.385
83  16  156.287
83  17  161.562
83  18  167.165
83  19  173.109
83  20  179.474
83  21  186.435
83  22  194.353
83  23  204.05
83  24  217.991
83  25  255.737
84  1  252.445
84  2  250.164
84  3  238.285
84  4  219.277
84  5  198.164
84  6  178.773
84  7  163.274
84  8  152.3
84  9  145.512
84  10  142.156
84  11  141.421
84  12  142.606
84  13  145.161
84  14  148.685
84  15  152.898
84  16  157.615
84  17  162.726
84  18  168.183
84  19  173.993
84  20  180.232
84  21  187.072
84  22  194.87
84  23  204.438
84  24  218.214
84  25  255.629
85  1  256.5
85  2  255.213
85  3  243.53
85  4  224.55
85  5  203.27
85  6  183.54
85  7  167.593
85  8  156.133
85  9  148.872
85  10  145.083
85  11  143.968
85  12  144.823
85  13  147.094
85  14  150.374
85  15  154.376
85  16  158.909
85  17  163.857
85  18  169.167
85  19  174.844
85  20  180.959
85  21  187.68
85  22  195.359
85  23  204.796
85  24  218.405
85  25  255.419
86  1  260.484
86  2  260.053
86  3  248.519
86  4  229.53
86  5  208.061
86  6  187.989
86  7  171.607
86  8  159.683
86  9  151.972
86  10  147.776
86  11  146.302
86  12  146.847
86  13  148.853
86  14  151.906
86  15  155.711
86  16  160.072
86  17  164.869
86  18  170.044
86  19  175.598
86  20  181.598
86  21  188.209
86  22  195.777
86  23  205.094
86  24  218.543
86  25  255.119
87  1  264.443
87  2  264.76
87  3  253.341
87  4  234.309
87  5  212.632
87  6  192.213
87  7  175.402
87  8  163.025
87  9  154.881
87  10  150.292
87  11  148.475
87  12  148.725
87  13  150.479
87  14  153.315
87  15  156.933
87  16  161.132
87  17  165.786
87  18  170.833
87  19  176.27
87  20  182.163
87  21  188.669
87  22  196.133
87  23  205.335
87  24  218.631
87  25  254.737
88  1  268.031
88  2  268.952
88  3  257.612
88  4  238.519
88  5  216.637
88  6  195.896
88  7  178.697
88  8  165.916
88  9  157.388
88  10  152.454
88  11  150.335
88  12  150.325
88  13  151.857
88  14  154.504
88  15  157.96
88  16  162.017
88  17  166.547
88  18  171.483
88  19  176.819
88  20  182.617
88  21  189.034
88  22  196.407
88  23  205.509
88  24  218.67
88  25  254.323
89  1  271.845
89  2  273.347
89  3  262.066
89  4  242.887
89  5  220.772
89  6  199.682
89  7  182.071
89  8  168.866
89  9  159.936
89  10  154.642
89  11  152.209
89  12  151.932
89  13  153.235
89  14  155.687
89  15  158.975
89  16  162.887
89  17  167.289
89  18  172.111
89  19  177.344
89  20  183.045
89  21  189.37
89  22  196.649
89  23  205.648
89  24  218.669
89  25  253.821
90  1  275.639
90  2  277.664
90  3  266.424
90  4  247.14
90  5  224.779
90  6  203.335
90  7  185.312
90  8  171.688
90  9  162.365
90  10  156.718
90  11  153.981
90  12  153.443
90  13  154.525
90  14  156.787
90  15  159.914
90  16  163.685
90  17  167.964
90  18  172.676
90  19  177.809
90  20  183.418
90  21  189.653
90  22  196.843
90  23  205.742
90  24  218.627
90  25  253.264
91  1  279.322
91  2  281.813
91  3  270.595
91  4  251.192
91  5  228.58
91  6  206.785
91  7  188.363
91  8  174.334
91  9  164.633
91  10  158.651
91  11  155.622
91  12  154.836
91  13  155.707
91  14  157.79
91  15  160.762
91  16  164.401
91  17  168.563
91  18  173.172
91  19  178.211
91  20  183.732
91  21  189.884
91  22  196.988
91  23  205.793
91  24  218.548
91  25  252.674
92  1  282.92
92  2  285.834
92  3  274.623
92  4  255.089
92  5  232.221
92  6  210.078
92  7  191.263
92  8  176.841
92  9  166.774
92  10  160.466
92  11  157.158
92  12  156.132
92  13  156.801
92  14  158.712
92  15  161.538
92  16  165.049
92  17  169.1
92  18  173.61
92  19  178.559
92  20  183.997
92  21  190.068
92  22  197.09
92  23  205.806
92  24  218.436
92  25  252.055
93  1  286.54
93  2  289.853
93  3  278.637
93  4  258.959
93  5  235.823
93  6  213.324
93  7  194.112
93  8  179.293
93  9  168.86
93  10  162.229
93  11  158.641
93  12  157.378
93  13  157.846
93  14  159.587
93  15  162.267
93  16  165.653
93  17  169.594
93  18  174.006
93  19  178.866
93  20  184.222
93  21  190.214
93  22  197.157
93  23  205.783
93  24  218.289
93  25  251.392
94  1  289.881
94  2  293.543
94  3  282.312
94  4  262.491
94  5  239.099
94  6  216.266
94  7  196.685
94  8  181.501
94  9  170.731
94  10  163.803
94  11  159.96
94  12  158.481
94  13  158.766
94  14  160.351
94  15  162.899
94  16  166.17
94  17  170.011
94  18  174.334
94  19  179.114
94  20  184.395
94  21  190.315
94  22  197.185
94  23  205.731
94  24  218.124
94  25  250.748
95  1  293.381
95  2  297.391
95  3  286.135
95  4  266.154
95  5  242.486
95  6  219.298
95  7  199.328
95  8  183.761
95  9  172.64
95  10  165.402
95  11  161.294
95  12  159.59
95  13  159.684
95  14  161.109
95  15  163.519
95  16  166.673
95  17  170.41
95  18  174.641
95  19  179.339
95  20  184.542
95  21  190.388
95  22  197.183
95  23  205.645
95  24  217.922
95  25  250.042
96  1  296.902
96  2  301.248
96  3  289.959
96  4  269.807
96  5  245.854
96  6  222.303
96  7  201.939
96  8  185.987
96  9  174.512
96  10  166.964
96  11  162.59
96  12  160.661
96  13  160.566
96  14  161.831
96  15  164.104
96  16  167.14
96  17  170.774
96  18  174.914
96  19  179.529
96  20  184.656
96  21  190.429
96  22  197.149
96  23  205.527
96  24  217.687
96  25  249.302
97  1  300.604
97  2  305.289
97  3  293.956
97  4  273.617
97  5  249.355
97  6  225.417
97  7  204.636
97  8  188.278
97  9  176.432
97  10  168.559
97  11  163.907
97  12  161.743
97  13  161.45
97  14  162.547
97  15  164.678
97  16  167.591
97  17  171.119
97  18  175.164
97  19  179.693
97  20  184.74
97  21  190.436
97  22  197.079
97  23  205.37
97  24  217.409
97  25  248.493
98  1  303.871
98  2  308.847
98  3  297.469
98  4  276.956
98  5  252.416
98  6  228.132
98  7  206.98
98  8  190.262
98  9  178.088
98  10  169.929
98  11  165.032
98  12  162.662
98  13  162.195
98  14  163.145
98  15  165.151
98  16  167.956
98  17  171.39
98  18  175.353
98  19  179.807
98  20  184.785
98  21  190.413
98  22  196.988
98  23  205.203
98  24  217.137
98  25  247.752
99  1  307.52
99  2  312.81
99  3  301.374
99  4  280.66
99  5  255.803
99  6  231.127
99  7  209.559
99  8  192.438
99  9  179.898
99  10  171.419
99  11  166.249
99  12  163.649
99  13  162.989
99  14  163.776
99  15  165.643
99  16  168.33
99  17  171.66
99  18  175.53
99  19  179.901
99  20  184.802
99  21  190.357
99  22  196.856
99  23  204.987
99  24  216.803
99  25  246.899
100  1  311.145
100  2  316.739
100  3  305.239
100  4  284.318
100  5  259.139
100  6  234.07
100  7  212.085
100  8  194.561
100  9  181.657
100  10  172.86
100  11  167.421
100  12  164.593
100  13  163.741
100  14  164.367
100  15  166.097
100  16  168.665
100  17  171.893
100  18  175.673
100  19  179.961
100  20  184.786
100  21  190.268
100  22  196.693
100  23  204.741
100  24  216.441
100  25  246.023
101  1  314.764
101  2  320.652
101  3  309.083
101  4  287.948
101  5  262.442
101  6  236.976
101  7  214.571
101  8  196.644
101  9  183.376
101  10  174.262
101  11  168.553
101  12  165.498
101  13  164.456
101  14  164.921
101  15  166.515
101  16  168.966
101  17  172.092
101  18  175.782
101  19  179.989
101  20  184.738
101  21  190.147
101  22  196.499
101  23  204.465
101  24  216.049
101  25  245.122
102  1  318.678
102  2  324.876
102  3  313.225
102  4  291.853
102  5  265.986
102  6  240.085
102  7  217.224
102  8  198.859
102  9  185.195
102  10  175.739
102  11  169.738
102  12  166.438
102  13  165.19
102  14  165.482
102  15  166.929
102  16  169.254
102  17  172.271
102  18  175.863
102  19  179.983
102  20  184.651
102  21  189.981
102  22  196.254
102  23  204.131
102  24  215.592
102  25  244.119
103  1  322.43
103  2  328.918
103  3  317.184
103  4  295.577
103  5  269.359
103  6  243.036
103  7  219.734
103  8  200.947
103  9  186.903
103  10  177.118
103  11  170.837
103  12  167.302
103  13  165.858
103  14  165.983
103  15  167.29
103  16  169.495
103  17  172.406
103  18  175.906
103  19  179.942
103  20  184.532
103  21  189.789
103  22  195.985
103  23  203.779
103  24  215.122
103  25  243.128
104  1  326.029
104  2  332.789
104  3  320.97
104  4  299.133
104  5  272.572
104  6  245.841
104  7  222.112
104  8  202.919
104  9  188.51
104  10  178.407
104  11  171.859
104  12  168.099
104  13  166.465
104  14  166.432
104  15  167.604
104  16  169.693
104  17  172.504
104  18  175.915
104  19  179.871
104  20  184.387
104  21  189.573
104  22  195.697
104  23  203.41
104  24  214.64
104  25  242.153
105  1  329.86
105  2  336.903
105  3  324.989
105  4  302.901
105  5  275.97
105  6  248.8
105  7  224.614
105  8  204.986
105  9  190.187
105  10  179.747
105  11  172.912
105  12  168.912
105  13  167.077
105  14  166.875
105  15  167.903
105  16  169.87
105  17  172.575
105  18  175.891
105  19  179.762
105  20  184.2
105  21  189.31
105  22  195.358
105  23  202.985
105  24  214.096
105  25  241.087
106  1  333.637
106  2  340.953
106  3  328.941
106  4  306.6
106  5  279.3
106  6  251.691
106  7  227.052
106  8  206.993
106  9  191.807
106  10  181.034
106  11  173.916
106  12  169.679
106  13  167.646
106  14  167.277
106  15  168.164
106  16  170.01
106  17  172.61
106  18  175.834
106  19  179.621
106  20  183.982
106  21  189.017
106  22  194.99
106  23  202.532
106  24  213.527
106  25  240.009
107  1  337.653
107  2  345.253
107  3  333.131
107  4  310.517
107  5  282.818
107  6  254.74
107  7  229.615
107  8  209.095
107  9  193.497
107  10  182.367
107  11  174.949
107  12  170.459
107  13  168.215
107  14  167.669
107  15  168.406
107  16  170.123
107  17  172.611
107  18  175.737
107  19  179.435
107  20  183.713
107  21  188.669
107  22  194.562
107  23  202.016
107  24  212.886
107  25  238.833
108  1  341.716
108  2  349.596
108  3  337.359
108  4  314.463
108  5  286.355
108  6  257.797
108  7  232.177
108  8  211.188
108  9  195.171
108  10  183.68
108  11  175.956
108  12  171.211
108  13  168.752
108  14  168.027
108  15  168.612
108  16  170.199
108  17  172.574
108  18  175.6
108  19  179.209
108  20  183.404
108  21  188.28
108  22  194.092
108  23  201.456
108  24  212.202
108  25  237.613
109  1  345.889
109  2  354.049
109  3  341.691
109  4  318.5
109  5  289.966
109  6  260.911
109  7  234.777
109  8  213.304
109  9  196.855
109  10  184.991
109  11  176.952
109  12  171.943
109  13  169.265
109  14  168.355
109  15  168.783
109  16  170.237
109  17  172.496
109  18  175.419
109  19  178.936
109  20  183.045
109  21  187.84
109  22  193.569
109  23  200.84
109  24  211.459
109  25  236.326
110  1  349.899
110  2  358.323
110  3  345.843
110  4  322.364
110  5  293.417
110  6  263.878
110  7  237.249
110  8  215.308
110  9  198.441
110  10  186.217
110  11  177.875
110  12  172.612
110  13  169.722
110  14  168.634
110  15  168.912
110  16  170.237
110  17  172.384
110  18  175.209
110  19  178.637
110  20  182.664
110  21  187.38
110  22  193.029
110  23  200.212
110  24  210.709
110  25  235.059
111  1  354.066
111  2  362.759
111  3  350.149
111  4  326.365
111  5  296.983
111  6  266.938
111  7  239.789
111  8  217.358
111  9  200.055
111  10  187.456
111  11  178.798
111  12  173.27
111  13  170.158
111  14  168.885
111  15  169.006
111  16  170.197
111  17  172.228
111  18  174.95
111  19  178.285
111  20  182.227
111  21  186.862
111  22  192.428
111  23  199.519
111  24  209.889
111  25  233.71
112  1  358.542
112  2  367.515
112  3  354.762
112  4  330.646
112  5  300.791
112  6  270.197
112  7  242.485
112  8  219.525
112  9  201.751
112  10  188.748
112  11  179.747
112  12  173.934
112  13  170.584
112  14  169.11
112  15  169.063
112  16  170.109
112  17  172.015
112  18  174.627
112  19  177.863
112  20  181.714
112  21  186.26
112  22  191.738
112  23  198.73
112  24  208.965
112  25  232.223
113  1  362.544
113  2  371.762
113  3  358.878
113  4  334.46
113  5  304.178
113  6  273.088
113  7  244.87
113  8  221.433
113  9  203.235
113  10  189.868
113  11  180.561
113  12  174.491
113  13  170.927
113  14  169.274
113  15  169.075
113  16  169.992
113  17  171.785
113  18  174.299
113  19  177.446
113  20  181.213
113  21  185.681
113  22  191.079
113  23  197.983
113  24  208.098
113  25  230.86
114  1  366.773
114  2  376.244
114  3  363.217
114  4  338.477
114  5  307.738
114  6  276.12
114  7  247.362
114  8  223.419
114  9  204.771
114  10  191.017
114  11  181.384
114  12  175.042
114  13  171.251
114  14  169.408
114  15  169.048
114  16  169.828
114  17  171.503
114  18  173.911
114  19  176.964
114  20  180.645
114  21  185.029
114  22  190.343
114  23  197.154
114  24  207.141
114  25  229.385
115  1  371.193
115  2  380.922
115  3  367.743
115  4  342.661
115  5  311.44
115  6  279.264
115  7  249.938
115  8  225.462
115  9  206.341
115  10  192.18
115  11  182.205
115  12  175.578
115  13  171.548
115  14  169.505
115  15  168.977
115  16  169.613
115  17  171.163
115  18  173.461
115  19  176.415
115  20  180.005
115  21  184.302
115  22  189.528
115  23  196.241
115  24  206.096
115  25  227.806
116  1  375.819
116  2  385.812
116  3  372.469
116  4  347.024
116  5  315.293
116  6  282.529
116  7  252.603
116  8  227.565
116  9  207.945
116  10  193.356
116  11  183.021
116  12  176.093
116  13  171.813
116  14  169.56
116  15  168.855
116  16  169.339
116  17  170.758
116  18  172.941
116  19  175.791
116  20  179.285
116  21  183.49
116  22  188.623
116  23  195.235
116  24  204.951
116  25  226.111
117  1  379.935
117  2  390.157
117  3  376.666
117  4  350.894
117  5  318.704
117  6  285.412
117  7  254.948
117  8  229.406
117  9  209.339
117  10  194.367
117  11  183.709
117  12  176.512
117  13  172.008
117  14  169.568
117  15  168.704
117  16  169.053
117  17  170.355
117  18  172.435
117  19  175.192
117  20  178.6
117  21  182.724
117  22  187.775
117  23  194.295
117  24  203.889
117  25  224.565
118  1  384.348
118  2  394.809
118  3  381.157
118  4  355.029
118  5  322.343
118  6  288.478
118  7  257.434
118  8  231.348
118  9  210.799
118  10  195.414
118  11  184.408
118  12  176.922
118  13  172.176
118  14  169.533
118  15  168.499
118  16  168.702
118  17  169.878
118  18  171.847
118  19  174.504
118  20  177.821
118  21  181.856
118  22  186.818
118  23  193.241
118  24  202.703
118  25  222.869
119  1  388.871
119  2  399.57
119  3  385.749
119  4  359.254
119  5  326.052
119  6  291.597
119  7  259.952
119  8  233.305
119  9  212.258
119  10  196.446
119  11  185.083
119  12  177.297
119  13  172.302
119  14  169.451
119  15  168.241
119  16  168.294
119  17  169.34
119  18  171.195
119  19  173.75
119  20  176.971
119  21  180.916
119  22  185.787
119  23  192.11
119  24  201.437
119  25  221.086
120  1  393.172
120  2  404.093
120  3  390.109
120  4  363.259
120  5  329.564
120  6  294.541
120  7  262.32
120  8  235.134
120  9  213.611
120  10  197.391
120  11  185.684
120  12  177.612
120  13  172.379
120  14  169.329
120  15  167.95
120  16  167.86
120  17  168.782
120  18  170.527
120  19  172.984
120  20  176.115
120  21  179.973
120  22  184.758
120  23  190.985
120  24  200.185
120  25  219.349
121  1  397.752
121  2  408.903
121  3  394.741
121  4  367.51
121  5  333.283
121  6  297.651
121  7  264.811
121  8  237.048
121  9  215.013
121  10  198.355
121  11  186.281
121  12  177.902
121  13  172.414
121  14  169.15
121  15  167.591
121  16  167.347
121  17  168.136
121  18  169.765
121  19  172.116
121  20  175.15
121  21  178.916
121  22  183.608
121  23  189.733
121  24  198.796
121  25  217.452
122  1  402.414
122  2  413.794
122  3  399.448
122  4  371.824
122  5  337.05
122  6  300.792
122  7  267.318
122  8  238.962
122  9  216.403
122  10  199.297
122  11  186.845
122  12  178.153
122  13  172.403
122  14  168.92
122  15  167.177
122  16  166.776
122  17  167.429
122  18  168.938
122  19  171.182
122  20  174.117
122  21  177.789
122  22  182.385
122  23  188.407
122  24  197.331
122  25  215.477
123  1  407.25
123  2  418.86
123  3  404.32
123  4  376.283
123  5  340.937
123  6  304.022
123  7  269.884
123  8  240.908
123  9  217.8
123  10  200.225
123  11  187.379
123  12  178.358
123  13  172.335
123  14  168.624
123  15  166.688
123  16  166.123
123  17  166.634
123  18  168.017
123  19  170.15
123  20  172.982
123  21  176.555
123  22  181.052
123  23  186.965
123  24  195.747
123  25  213.371
124  1  412.182
124  2  424.021
124  3  409.28
124  4  380.817
124  5  344.879
124  6  307.289
124  7  272.466
124  8  242.852
124  9  219.18
124  10  201.122
124  11  187.871
124  12  178.513
124  13  172.209
124  14  168.263
124  15  166.129
124  16  165.395
124  17  165.76
124  18  167.016
124  19  169.033
124  20  171.759
124  21  175.231
124  22  179.628
124  23  185.43
124  24  194.064
124  25  211.164
125  1  417.556
125  2  429.637
125  3  414.673
125  4  385.74
125  5  349.151
125  6  310.816
125  7  275.24
125  8  244.924
125  9  220.631
125  10  202.042
125  11  188.346
125  12  178.617
125  13  172.004
125  14  167.8
125  15  165.449
125  16  164.53
125  17  164.735
125  18  165.85
125  19  167.741
125  20  170.351
125  21  173.712
125  22  177.998
125  23  183.678
125  24  192.153
125  25  208.689
126  1  423.331
126  2  435.665
126  3  420.457
126  4  391.011
126  5  353.713
126  6  314.569
126  7  278.175
126  8  247.095
126  9  222.129
126  10  202.964
126  11  188.784
126  12  178.653
126  13  171.705
126  14  167.222
126  15  164.635
126  16  163.515
126  17  163.547
126  18  164.509
126  19  166.263
126  20  168.747
126  21  171.989
126  22  176.154
126  23  181.704
126  24  190.007
126  25  205.947
127  1  429.411
127  2  442.003
127  3  426.533
127  4  396.54
127  5  358.485
127  6  318.478
127  7  281.211
127  8  249.319
127  9  223.635
127  10  203.858
127  11  189.164
127  12  178.604
127  13  171.301
127  14  166.52
127  15  163.682
127  16  162.349
127  17  162.196
127  18  162.997
127  19  164.606
127  20  166.956
127  21  170.07
127  22  174.109
127  23  179.52
127  24  187.641
127  25  202.964
128  1  436.843
128  2  449.739
128  3  433.941
128  4  403.268
128  5  364.275
128  6  323.197
128  7  284.849
128  8  251.95
128  9  225.377
128  10  204.84
128  11  189.51
128  12  178.42
128  13  170.677
128  14  165.528
128  15  162.381
128  16  160.783
128  17  160.403
128  18  161.003
128  19  162.433
128  20  164.619
128  21  167.576
128  22  171.458
128  23  176.698
128  24  184.597
128  25  199.178
129  1  446.762
129  2  460.047
129  3  443.8
129  4  412.198
129  5  371.926
129  6  329.392
129  7  289.574
129  8  255.307
129  9  227.527
129  10  205.959
129  11  189.764
129  12  177.956
129  13  169.615
129  14  163.968
129  15  160.401
129  16  158.446
129  17  157.757
129  18  158.087
129  19  159.274
129  20  161.236
129  21  163.982
129  22  167.652
129  23  172.663
129  24  180.262
129  25  193.873
130  1  502.608
130  2  517.796
130  3  498.743
130  4  461.437
130  5  413.344
130  6  361.923
130  7  313.154
130  8  270.573
130  9  235.467
130  10  207.653
130  11  186.229
130  12  170.077
130  13  158.129
130  14  149.475
130  15  143.38
130  16  139.277
130  17  136.735
130  18  135.442
130  19  135.177
130  20  135.808
130  21  137.291
130  22  139.704
130  23  143.357
130  24  149.215
130  25  157.627
