1  1  34.9291
1  2  53.2962
1  3  60.6356
1  4  65.2906
1  5  68.6845
1  6  71.3104
1  7  73.3906
1  8  75.0395
1  9  76.323
1  10  77.2856
1  11  77.9664
1  12  78.4106
1  13  78.6771
1  14  78.8434
1  15  79.0062
1  16  79.2769
1  17  79.7752
1  18  80.6211
1  19  81.9336
1  20  83.8386
1  21  86.497
1  22  90.1738
1  23  95.4307
1  24  103.875
1  25  124.117
2  1  46.431
2  2  64.5207
2  3  71.5956
2  4  76.0934
2  5  79.3982
2  6  81.9891
2  7  84.0817
2  8  85.786
2  9  87.1614
2  10  88.2419
2  11  89.0499
2  12  89.6068
2  13  89.9425
2  14  90.1037
2  15  90.1625
2  16  90.221
2  17  90.4111
2  18  90.8896
2  19  91.8295
2  20  93.417
2  21  95.868
2  22  99.4903
2  23  104.881
2  24  113.699
2  25  134.086
3  1  54.0325
3  2  72.1205
3  3  78.9849
3  4  83.3619
3  5  86.6113
3  6  89.2039
3  7  91.3538
3  8  93.1718
3  9  94.7186
3  10  96.0272
3  11  97.1143
3  12  97.9882
3  13  98.6547
3  14  99.125
3  15  99.4253
3  16  99.6084
3  17  99.7673
3  18  100.047
3  19  100.649
3  20  101.832
3  21  103.909
3  22  107.287
3  23  112.633
3  24  121.613
3  25  140.664
4  1  58.0104
4  2  76.3279
4  3  83.0851
4  4  87.4017
4  5  90.6328
4  6  93.2472
4  7  95.4609
4  8  97.3888
4  9  99.0974
4  10  100.626
4  11  101.998
4  12  103.225
4  13  104.314
4  14  105.268
4  15  106.091
4  16  106.802
4  17  107.439
4  18  108.084
4  19  108.884
4  20  110.072
4  21  111.986
4  22  115.095
4  23  120.113
4  24  128.593
4  25  143.707
5  1  61.295
5  2  80.2172
5  3  86.9181
5  4  91.2036
5  5  94.441
5  6  97.1031
5  7  99.4109
5  8  101.487
5  9  103.408
5  10  105.227
5  11  106.983
5  12  108.709
5  13  110.434
5  14  112.186
5  15  113.997
5  16  115.901
5  17  117.937
5  18  120.155
5  19  122.614
5  20  125.383
5  21  128.547
5  22  132.233
5  23  136.689
5  24  142.544
5  25  144.965
6  1  63.1669
6  2  83.3164
6  3  90.0812
6  4  94.4026
6  5  97.6933
6  6  100.439
6  7  102.871
6  8  105.12
6  9  107.276
6  10  109.405
6  11  111.567
6  12  113.818
6  13  116.217
6  14  118.831
6  15  121.735
6  16  125.013
6  17  128.753
6  18  133.027
6  19  137.85
6  20  143.112
6  21  148.473
6  22  153.299
6  23  156.737
6  24  157.825
6  25  149.817
7  1  63.0219
7  2  85.153
7  3  92.1699
7  4  96.633
7  5  100.045
7  6  102.918
7  7  105.494
7  8  107.917
7  9  110.281
7  10  112.66
7  11  115.12
7  12  117.719
7  13  120.515
7  14  123.56
7  15  126.9
7  16  130.559
7  17  134.524
7  18  138.722
7  19  142.995
7  20  147.093
7  21  150.707
7  22  153.553
7  23  155.495
7  24  156.722
7  25  161.345
8  1  60.3203
8  2  85.6782
8  3  93.2628
8  4  98.0499
8  5  101.706
8  6  104.791
8  7  107.569
8  8  110.19
8  9  112.754
8  10  115.332
8  11  117.979
8  12  120.735
8  13  123.625
8  14  126.657
8  15  129.814
8  16  133.053
8  17  136.302
8  18  139.473
8  19  142.475
8  20  145.246
8  21  147.785
8  22  150.201
8  23  152.805
8  24  156.571
8  25  162.233
9  1  55.7998
9  2  84.894
9  3  93.2617
9  4  98.5052
9  5  102.494
9  6  105.85
9  7  108.861
9  8  111.688
9  9  114.433
9  10  117.163
9  11  119.922
9  12  122.734
9  13  125.604
9  14  128.518
9  15  131.447
9  16  134.349
9  17  137.183
9  18  139.917
9  19  142.548
9  20  145.114
9  21  147.719
9  22  150.575
9  23  154.142
9  24  159.799
9  25  182.34
10  1  50.9483
10  2  83.5372
10  3  92.7136
10  4  98.4368
10  5  102.775
10  6  106.41
10  7  109.655
10  8  112.683
10  9  115.6
10  10  118.47
10  11  121.334
10  12  124.209
10  13  127.094
10  14  129.975
10  15  132.829
10  16  135.631
10  17  138.368
10  18  141.042
10  19  143.688
10  20  146.382
10  21  149.262
10  22  152.585
10  23  156.899
10  24  163.847
10  25  190.607
11  1  46.6245
11  2  82.1124
11  3  91.9995
11  4  98.1499
11  5  102.8
11  6  106.684
11  7  110.138
11  8  113.345
11  9  116.414
11  10  119.412
11  11  122.378
11  12  125.329
11  13  128.263
11  14  131.17
11  15  134.036
11  16  136.848
11  17  139.609
11  18  142.34
11  19  145.094
11  20  147.963
11  21  151.105
11  22  154.804
11  23  159.67
11  24  167.536
11  25  197.283
12  1  42.3131
12  2  80.5386
12  3  91.1225
12  4  97.6957
12  5  102.656
12  6  106.788
12  7  110.45
12  8  113.835
12  9  117.058
12  10  120.189
12  11  123.266
12  12  126.307
12  13  129.313
12  14  132.279
12  15  135.196
12  16  138.064
12  17  140.897
12  18  143.728
12  19  146.62
12  20  149.679
12  21  153.078
12  22  157.123
12  23  162.479
12  24  171.146
12  25  203.51
13  1  38.4469
13  2  79.0038
13  3  90.1972
13  4  97.1426
13  5  102.377
13  6  106.728
13  7  110.575
13  8  114.12
13  9  117.482
13  10  120.733
13  11  123.915
13  12  127.045
13  13  130.128
13  14  133.163
13  15  136.147
13  16  139.087
13  17  142.005
13  18  144.942
13  19  147.969
13  20  151.201
13  21  154.821
13  22  159.157
13  23  164.916
13  24  174.237
13  25  208.745
14  1  34.6046
14  2  77.3608
14  3  89.1402
14  4  96.4454
14  5  101.945
14  6  106.51
14  7  110.537
14  8  114.237
14  9  117.736
14  10  121.107
14  11  124.394
14  12  127.618
14  13  130.785
14  14  133.897
14  15  136.959
14  16  139.981
14  17  142.993
14  18  146.043
14  19  149.208
14  20  152.609
14  21  156.439
14  22  161.048
14  23  167.181
14  24  177.104
14  25  213.593
15  1  30.737
15  2  75.5863
15  3  87.9319
15  4  95.5861
15  5  101.344
15  6  106.117
15  7  110.319
15  8  114.172
15  9  117.805
15  10  121.296
15  11  124.69
15  12  128.008
15  13  131.263
15  14  134.459
15  15  137.604
15  16  140.715
15  17  143.827
15  18  146.991
15  19  150.293
15  20  153.859
15  21  157.893
15  22  162.759
15  23  169.244
15  24  179.732
15  25  218.084
16  1  26.71
16  2  73.6108
16  3  86.518
16  4  94.5196
16  5  100.535
16  6  105.516
16  7  109.894
16  8  113.9
16  9  117.669
16  10  121.281
16  11  124.783
16  12  128.201
16  13  131.548
16  14  134.832
16  15  138.066
16  16  141.273
16  17  144.488
16  18  147.772
16  19  151.213
16  20  154.944
16  21  159.177
16  22  164.296
16  23  171.124
16  24  182.161
16  25  222.328
17  1  22.9333
17  2  71.6435
17  3  85.0509
17  4  93.3627
17  5  99.6082
17  6  104.775
17  7  109.311
17  8  113.455
17  9  117.346
17  10  121.068
17  11  124.669
17  12  128.179
17  13  131.611
17  14  134.978
17  15  138.297
17  16  141.591
17  17  144.904
17  18  148.297
17  19  151.863
17  20  155.741
17  21  160.153
17  22  165.495
17  23  172.625
17  24  184.143
17  25  225.904
18  1  18.7471
18  2  69.3416
18  3  83.2739
18  4  91.912
18  5  98.4001
18  6  103.764
18  7  108.466
18  8  112.756
18  9  116.776
18  10  120.614
18  11  124.322
18  12  127.93
18  13  131.456
18  14  134.913
18  15  138.323
18  16  141.714
18  17  145.131
18  18  148.641
18  19  152.34
18  20  156.373
18  21  160.971
18  22  166.546
18  23  173.99
18  24  186.009
18  25  229.427
19  1  14.6382
19  2  66.9684
19  3  81.3875
19  4  90.3286
19  5  97.0424
19  6  102.589
19  7  107.447
19  8  111.872
19  9  116.014
19  10  119.962
19  11  123.77
19  12  127.471
19  13  131.084
19  14  134.629
19  15  138.126
19  16  141.608
19  17  145.124
19  18  148.744
19  19  152.568
19  20  156.746
19  21  161.516
19  22  167.305
19  23  175.038
19  24  187.517
19  25  232.461
20  1  10.8165
20  2  64.6701
20  3  79.5186
20  4  88.7274
20  5  95.6407
20  6  101.349
20  7  106.344
20  8  110.89
20  9  115.139
20  10  119.185
20  11  123.083
20  12  126.867
20  13  130.56
20  14  134.182
20  15  137.759
20  16  141.324
20  17  144.928
20  18  148.646
20  19  152.581
20  20  156.887
20  21  161.808
20  22  167.786
20  23  175.773
20  24  188.655
20  25  234.938
21  1  6.79255
21  2  62.1655
21  3  77.444
21  4  86.9212
21  5  94.0347
21  6  99.9051
21  7  105.039
21  8  109.706
21  9  114.064
21  10  118.208
21  11  122.196
21  12  126.065
21  13  129.839
21  14  133.541
21  15  137.197
21  16  140.846
21  17  144.54
21  18  148.357
21  19  152.403
21  20  156.837
21  21  161.911
21  22  168.077
21  23  176.317
21  24  189.601
21  25  237.219
22  1  2.81649
22  2  59.6151
22  3  75.2986
22  4  85.0288
22  5  92.3312
22  6  98.3549
22  7  103.619
22  8  108.401
22  9  112.861
22  10  117.098
22  11  121.172
22  12  125.122
22  13  128.973
22  14  132.75
22  15  136.483
22  16  140.212
22  17  143.993
22  18  147.903
22  19  152.055
22  20  156.609
22  21  161.826
22  22  168.169
22  23  176.646
22  24  190.308
22  25  239.177
23  1  -1.49181
23  2  56.7773
23  3  72.8797
23  4  82.8719
23  5  90.3699
23  6  96.5524
23  7  101.952
23  8  106.852
23  9  111.419
23  10  115.753
23  11  119.917
23  12  123.95
23  13  127.882
23  14  131.739
23  15  135.552
23  16  139.364
23  17  143.234
23  18  147.242
23  19  151.503
23  20  156.182
23  21  161.546
23  22  168.072
23  23  176.794
23  24  190.845
23  25  241.006
24  1  -5.96111
24  2  53.7624
24  3  70.2801
24  4  80.5323
24  5  88.2245
24  6  94.5649
24  7  100.099
24  8  105.118
24  9  109.791
24  10  114.221
24  11  118.474
24  12  122.591
24  13  126.603
24  14  130.539
24  15  134.432
24  16  138.328
24  17  142.287
24  18  146.393
24  19  150.762
24  20  155.565
24  21  161.076
24  22  167.782
24  23  176.746
24  24  191.181
24  25  242.618
25  1  -10.4254
25  2  50.6887
25  3  67.6044
25  4  78.1059
25  5  85.9844
25  6  92.4762
25  7  98.1394
25  8  103.272
25  9  108.046
25  10  112.57
25  11  116.909
25  12  121.107
25  13  125.196
25  14  129.209
25  15  133.179
25  16  137.155
25  17  141.2
25  18  145.399
25  19  149.872
25  20  154.795
25  21  160.445
25  22  167.324
25  23  176.519
25  24  191.321
25  25  243.978
26  1  -15.0619
26  2  47.44
26  3  64.7538
26  4  75.5047
26  5  83.5697
26  6  90.2131
26  7  96.0055
26  8  101.251
26  9  106.128
26  10  110.745
26  11  115.17
26  12  119.449
26  13  123.616
26  14  127.706
26  15  131.754
26  16  135.811
26  17  139.941
26  18  144.234
26  19  148.811
26  20  153.853
26  21  159.643
26  22  166.695
26  23  176.12
26  24  191.288
26  25  245.161
27  1  -19.7704
27  2  44.0914
27  3  61.7958
27  4  72.7915
27  5  81.0396
27  6  87.8319
27  7  93.7514
27  8  99.1089
27  9  104.086
27  10  108.794
27  11  113.304
27  12  117.663
27  13  121.907
27  14  126.072
27  15  130.197
27  16  134.333
27  17  138.548
27  18  142.933
27  19  147.613
27  20  152.77
27  21  158.697
27  22  165.918
27  23  175.569
27  24  191.095
27  25  246.157
28  1  -24.8089
28  2  40.4619
28  3  58.5715
28  4  69.8214
28  5  78.2597
28  6  85.2065
28  7  91.2579
28  8  96.7314
28  9  101.813
28  10  106.616
28  11  111.214
28  12  115.655
28  13  119.98
28  14  124.223
28  15  128.428
28  16  132.647
28  17  136.95
28  18  141.43
28  19  146.216
28  20  151.494
28  21  157.563
28  22  164.958
28  23  174.843
28  24  190.739
28  25  247.03
29  1  -29.7909
29  2  36.835
29  3  55.3347
29  4  66.8293
29  5  75.4507
29  6  82.5464
29  7  88.7249
29  8  94.3102
29  9  99.4917
29  10  104.387
29  11  109.069
29  12  113.591
29  13  117.992
29  14  122.312
29  15  126.593
29  16  130.891
29  17  135.279
29  18  139.851
29  19  144.739
29  20  150.133
29  21  156.337
29  22  163.9
29  23  174.009
29  24  190.26
29  25  247.731
30  1  -34.4369
30  2  33.4256
30  3  52.2816
30  4  63.9998
30  5  72.7885
30  6  80.0203
30  7  86.3148
30  8  92.0022
30  9  97.2755
30  10  102.254
30  11  107.014
30  12  111.609
30  13  116.08
30  14  120.469
30  15  124.82
30  16  129.191
30  17  133.656
30  18  138.312
30  19  143.292
30  20  148.792
30  21  155.12
30  22  162.836
30  23  173.148
30  24  189.722
30  25  248.267
31  1  -39.1613
31  2  29.9382
31  3  49.1507
31  4  61.0927
31  5  70.0489
31  6  77.4169
31  7  83.8277
31  8  89.6172
31  9  94.9821
31  10  100.044
31  11  104.882
31  12  109.55
31  13  114.091
31  14  118.549
31  15  122.97
31  16  127.414
31  17  131.956
31  18  136.695
31  19  141.768
31  20  147.373
31  21  153.825
31  22  161.692
31  23  172.208
31  24  189.104
31  25  248.718
32  1  -43.8792
32  2  26.4412
32  3  46.0058
32  4  58.1687
32  5  67.2903
32  6  74.7928
32  7  81.3183
32  8  87.2086
32  9  92.664
32  10  97.8084
32  11  102.722
32  12  107.462
32  13  112.073
32  14  116.599
32  15  121.089
32  16  125.605
32  17  130.222
32  18  135.044
32  19  140.208
32  20  145.916
32  21  152.489
32  22  160.506
32  23  171.221
32  24  188.434
32  25  249.1
33  1  -48.3918
33  2  23.0885
33  3  42.9876
33  4  55.3605
33  5  64.6392
33  6  72.2695
33  7  78.9039
33  8  84.89
33  9  90.4312
33  10  95.6538
33  11  100.64
33  12  105.448
33  13  110.124
33  14  114.715
33  15  119.27
33  16  123.853
33  17  128.543
33  18  133.442
33  19  138.692
33  20  144.498
33  21  151.186
33  22  159.344
33  23  170.248
33  24  187.76
33  25  249.42
34  1  -52.979
34  2  19.6781
34  3  39.9165
34  4  52.5025
34  5  61.9407
34  6  69.7006
34  7  76.4455
34  8  82.5286
34  9  88.1566
34  10  93.4583
34  11  98.5179
34  12  103.395
34  13  108.137
34  14  112.793
34  15  117.414
34  16  122.065
34  17  126.827
34  18  131.805
34  19  137.142
34  20  143.047
34  21  149.851
34  22  158.152
34  23  169.246
34  24  187.06
34  25  249.723
35  1  -57.6324
35  2  16.2226
35  3  36.8063
35  4  49.609
35  5  59.2094
35  6  67.1012
35  7  73.9585
35  8  80.1401
35  9  85.8566
35  10  91.2385
35  11  96.3719
35  12  101.318
35  13  106.128
35  14  110.849
35  15  115.537
35  16  120.257
35  17  125.092
35  18  130.149
35  19  135.574
35  20  141.579
35  21  148.5
35  22  156.945
35  23  168.233
35  24  186.351
35  25  250.029
36  1  -61.6454
36  2  13.2513
36  3  34.135
36  4  47.1261
36  5  56.8675
36  6  64.8739
36  7  71.8286
36  8  78.0958
36  9  83.8887
36  10  89.34
36  11  94.5376
36  12  99.5443
36  13  104.412
36  14  109.19
36  15  113.935
36  16  118.715
36  17  123.613
36  18  128.738
36  19  134.239
36  20  140.33
36  21  147.352
36  22  155.922
36  23  167.375
36  24  185.758
36  25  250.311
37  1  -66.0315
37  2  10.0191
37  3  31.2351
37  4  44.4348
37  5  54.3322
37  6  62.4653
37  7  69.528
37  8  75.8897
37  9  81.7669
37  10  87.2948
37  11  92.563
37  12  97.6356
37  13  102.566
37  14  107.407
37  15  112.215
37  16  117.06
37  17  122.027
37  18  127.227
37  19  132.812
37  20  138.997
37  21  146.131
37  22  154.837
37  23  166.473
37  24  185.146
37  25  250.661
38  1  -70.1802
38  2  6.9839
38  3  28.5202
38  4  41.9208
38  5  51.9685
38  6  60.2238
38  7  67.3902
38  8  73.8428
38  9  79.8009
38  10  85.4023
38  11  90.7378
38  12  95.8737
38  13  100.865
38  14  105.764
38  15  110.633
38  16  115.539
38  17  120.573
38  18  125.845
38  19  131.508
38  20  137.784
38  21  145.024
38  22  153.861
38  23  165.672
38  24  184.621
38  25  251.055
39  1  -73.9644
39  2  4.24102
39  3  26.0764
39  4  39.6647
39  5  49.8528
39  6  58.2219
39  7  65.4852
39  8  72.0223
39  9  78.0558
39  10  83.7254
39  11  89.1233
39  12  94.3175
39  13  99.3642
39  14  104.319
39  15  109.242
39  16  114.206
39  17  119.3
39  18  124.638
39  19  130.375
39  20  136.735
39  21  144.072
39  22  153.03
39  23  165.003
39  24  184.208
39  25  251.491
40  1  -77.8438
40  2  1.4631
40  3  23.6145
40  4  37.401
40  5  47.7373
40  6  56.2266
40  7  63.5918
40  8  70.218
40  9  76.3307
40  10  82.0714
40  11  87.5346
40  12  92.7896
40  13  97.8944
40  14  102.906
40  15  107.886
40  16  112.91
40  17  118.067
40  18  123.474
40  19  129.288
40  20  135.734
40  21  143.174
40  22  152.258
40  23  164.399
40  24  183.872
40  25  252.042
41  1  -81.4918
41  2  -1.10766
41  3  21.3522
41  4  35.3321
41  5  45.8128
41  6  54.4193
41  7  61.884
41  8  68.5968
41  9  74.7861
41  10  80.5957
41  11  86.1218
41  12  91.4352
41  13  96.5955
41  14  101.661
41  15  106.697
41  16  111.777
41  17  116.995
41  18  122.469
41  19  128.355
41  20  134.885
41  21  142.424
41  22  151.629
41  23  163.933
41  24  183.663
41  25  252.686
42  1  -84.8464
42  2  -3.42534
42  3  19.3308
42  4  33.4964
42  5  44.116
42  6  52.8347
42  7  60.3945
42  8  67.1898
42  9  73.4523
42  10  79.3274
42  11  84.9129
42  12  90.2814
42  13  95.4941
42  14  100.611
42  15  105.698
42  16  110.832
42  17  116.107
42  18  121.642
42  19  127.598
42  20  134.207
42  21  141.839
42  22  151.159
42  23  163.616
42  24  183.59
42  25  253.42
43  1  -88.0643
43  2  -5.63632
43  3  17.425
43  4  31.7819
43  5  42.5442
43  6  51.3784
43  7  59.0359
43  8  65.9156
43  9  72.2528
43  10  78.1944
43  11  83.8401
43  12  89.264
43  13  94.5291
43  14  99.6972
43  15  104.836
43  16  110.024
43  17  115.356
43  18  120.953
43  19  126.979
43  20  133.668
43  21  141.393
43  22  150.83
43  23  163.442
43  24  183.662
43  25  254.39
44  1  -91.0466
44  2  -7.54029
44  3  15.8092
44  4  30.3465
44  5  41.2433
44  6  50.1864
44  7  57.9355
44  8  64.8948
44  9  71.3013
44  10  77.3047
44  11  83.006
44  12  88.481
44  13  93.794
44  14  99.0088
44  15  104.195
44  16  109.431
44  17  114.816
44  18  120.471
44  19  126.561
44  20  133.323
44  21  141.135
44  22  150.678
44  23  163.434
44  24  183.882
44  25  255.28
45  1  -93.6864
45  2  -9.19552
45  3  14.4328
45  4  29.1443
45  5  40.1712
45  6  49.2193
45  7  57.0567
45  8  64.0918
45  9  70.565
45  10  76.6269
45  11  82.3806
45  12  87.9034
45  13  93.2611
45  14  98.5195
45  15  103.749
45  16  109.031
45  17  114.465
45  18  120.173
45  19  126.323
45  20  133.154
45  21  141.048
45  22  150.692
45  23  163.584
45  24  184.246
45  25  256.354
46  1  -96.1687
46  2  -10.6734
46  3  13.238
46  4  28.1266
46  5  39.2853
46  6  48.4394
46  7  56.366
46  8  63.4776
46  9  70.0172
46  10  76.1374
46  11  81.9427
46  12  87.512
46  13  92.9132
46  14  98.2137
46  15  103.485
46  16  108.812
46  17  114.293
46  18  120.054
46  19  126.263
46  20  133.161
46  21  141.135
46  22  150.879
46  23  163.903
46  24  184.777
46  25  257.583
47  1  -98.3961
47  2  -11.9099
47  3  12.2794
47  4  27.3416
47  5  38.6295
47  6  47.8875
47  7  55.9009
47  8  63.0867
47  9  69.6899
47  10  75.8655
47  11  81.7198
47  12  87.3325
47  13  92.7744
47  14  98.1135
47  15  103.424
47  16  108.791
47  17  114.317
47  18  120.126
47  19  126.39
47  20  133.353
47  21  141.402
47  22  151.239
47  23  164.39
47  24  185.463
47  25  258.928
48  1  -100.331
48  2  -12.8865
48  3  11.5704
48  4  26.7995
48  5  38.2111
48  6  47.5686
48  7  55.6646
48  8  62.9205
48  9  69.5838
48  10  75.811
48  11  81.7096
48  12  87.3621
48  13  92.8399
48  14  98.2137
48  15  103.559
48  16  108.963
48  17  114.527
48  18  120.381
48  19  126.695
48  20  133.715
48  21  141.833
48  22  151.757
48  23  165.023
48  24  186.28
48  25  260.348
49  1  -102.127
49  2  -13.6722
49  3  11.0642
49  4  26.4674
49  5  38.0083
49  6  47.469
49  7  55.6505
49  8  62.9785
49  9  69.7025
49  10  75.9811
49  11  81.9238
49  12  87.6143
49  13  93.1264
49  14  98.5326
49  15  103.911
49  16  109.349
49  17  114.951
49  18  120.848
49  19  127.21
49  20  134.287
49  21  142.473
49  22  152.481
49  23  165.861
49  24  187.299
49  25  261.959
50  1  -103.522
50  2  -14.1606
50  3  10.8248
50  4  26.3827
50  5  38.038
50  6  47.5898
50  7  55.8465
50  8  63.237
50  9  70.0132
50  10  76.3351
50  11  82.3138
50  12  88.0349
50  13  93.5741
50  14  99.0057
50  15  104.409
50  16  109.874
50  17  115.506
50  18  121.436
50  19  127.838
50  20  134.961
50  21  143.203
50  22  153.281
50  23  166.754
50  24  188.342
50  25  263.489
51  1  -104.758
51  2  -14.4499
51  3  10.7929
51  4  26.5106
51  5  38.2839
51  6  47.929
51  7  56.2622
51  8  63.7154
51  9  70.5429
51  10  76.9064
51  11  82.9187
51  12  88.6673
51  13  94.23
51  14  99.6832
51  15  105.108
51  16  110.597
51  17  116.255
51  18  122.216
51  19  128.653
51  20  135.819
51  21  144.112
51  22  154.255
51  23  167.817
51  24  189.545
51  25  265.145
52  1  -105.694
52  2  -14.5188
52  3  10.9571
52  4  26.8191
52  5  38.6986
52  6  48.4274
52  7  56.8283
52  8  64.3364
52  9  71.2076
52  10  77.6054
52  11  83.6441
52  12  89.4132
52  13  94.9924
52  14  100.46
52  15  105.9
52  16  111.405
52  17  117.082
52  18  123.065
52  19  129.53
52  20  136.728
52  21  145.062
52  22  155.257
52  23  168.889
52  24  190.729
52  25  266.685
53  1  -106.478
53  2  -14.3968
53  3  11.3193
53  4  27.3294
53  5  39.3175
53  6  49.1315
53  7  57.6002
53  8  65.1621
53  9  72.075
53  10  78.504
53  11  84.5647
53  12  90.3496
53  13  95.9401
53  14  101.417
53  15  106.866
53  16  112.382
53  17  118.072
53  18  124.073
53  19  130.559
53  20  137.785
53  21  146.153
53  22  156.392
53  23  170.085
53  24  192.02
53  25  268.277
54  1  -107.128
54  2  -14.0462
54  3  11.9303
54  4  28.1005
54  5  40.2053
54  6  50.1099
54  7  58.6495
54  8  66.2661
54  9  73.2191
54  10  79.6753
54  11  85.7532
54  12  91.5469
54  13  97.1415
54  14  102.62
54  15  108.071
54  16  113.59
54  17  119.287
54  18  125.297
54  19  131.798
54  20  139.044
54  21  147.439
54  22  157.712
54  23  171.453
54  24  193.465
54  25  269.951
55  1  -107.561
55  2  -13.5192
55  3  12.702
55  4  29.0218
55  5  41.2352
55  6  51.2226
55  7  59.8256
55  8  67.4887
55  9  74.4732
55  10  80.9478
55  11  87.0329
55  12  92.8258
55  13  98.4145
55  14  103.885
55  15  109.327
55  16  114.839
55  17  120.532
55  18  126.542
55  19  133.047
55  20  140.301
55  21  148.707
55  22  158.998
55  23  172.764
55  24  194.815
55  25  271.402
56  1  -107.844
56  2  -12.8341
56  3  13.627
56  4  30.0928
56  5  42.4109
56  6  52.4772
56  7  61.1383
56  8  68.8414
56  9  75.8495
56  10  82.3329
56  11  88.4149
56  12  94.196
56  13  99.7673
56  14  105.218
56  15  110.641
56  16  116.135
56  17  121.813
56  18  127.812
56  19  134.308
56  20  141.555
56  21  149.959
56  22  160.249
56  23  174.015
56  24  196.066
56  25  272.616
57  1  -108.033
57  2  -11.9271
57  3  14.7974
57  4  31.4221
57  5  43.8531
57  6  54.0019
57  7  62.721
57  8  70.4596
57  9  77.4825
57  10  83.9627
57  11  90.0271
57  12  95.7798
57  13  101.317
57  14  106.73
57  15  112.116
57  16  117.576
57  17  123.223
57  18  129.192
57  19  135.663
57  20  142.886
57  21  151.266
57  22  161.53
57  23  175.263
57  24  197.261
57  25  273.577
58  1  -108.166
58  2  -10.9082
58  3  16.0823
58  4  32.8662
58  5  45.4082
58  6  55.6354
58  7  64.4052
58  8  72.1685
58  9  79.1924
58  10  85.6527
58  11  91.6806
58  12  97.3858
58  13  102.869
58  14  108.226
58  15  113.557
58  16  118.964
58  17  124.561
58  18  130.483
58  19  136.907
58  20  144.085
58  21  152.415
58  22  162.622
58  23  176.28
58  24  198.158
58  25  273.999
59  1  -108.338
59  2  -9.84507
59  3  17.4194
59  4  34.3653
59  5  47.0182
59  6  57.3197
59  7  66.1315
59  8  73.9066
59  9  80.9141
59  10  87.3343
59  11  93.3042
59  12  98.9395
59  13  104.346
59  14  109.626
59  15  114.881
59  16  120.215
59  17  125.742
59  18  131.596
59  19  137.952
59  20  145.059
59  21  153.311
59  22  163.425
59  23  176.96
59  24  198.638
59  25  273.718
60  1  -108.729
60  2  -8.70965
60  3  18.8794
60  4  36.0153
60  5  48.7948
60  6  59.1754
60  7  68.023
60  8  75.7927
60  9  82.7581
60  10  89.1062
60  11  94.9821
60  12  100.51
60  13  105.805
60  14  110.973
60  15  116.118
60  16  121.346
60  17  126.771
60  18  132.524
60  19  138.777
60  20  145.773
60  21  153.901
60  22  163.866
60  23  177.201
60  24  198.553
60  25  272.406
61  1  -109.677
61  2  -7.63799
61  3  20.3658
61  4  37.742
61  5  50.6763
61  6  61.1446
61  7  70.0175
61  8  77.7547
61  9  84.6378
61  10  90.865
61  11  96.5956
61  12  101.966
61  13  107.1
61  14  112.111
61  15  117.104
61  16  122.186
61  17  127.467
61  18  133.076
61  19  139.179
61  20  146.012
61  21  153.954
61  22  163.691
61  23  176.718
61  24  197.564
61  25  269.516
62  1  -112.121
62  2  -6.87381
62  3  21.7783
62  4  39.5274
62  5  52.6924
62  6  63.2753
62  7  72.1558
62  8  79.8068
62  9  86.5297
62  10  92.5476
62  11  98.0433
62  12  103.172
62  13  108.069
62  14  112.853
62  15  117.63
62  16  122.503
62  17  127.576
62  18  132.973
62  19  138.849
62  20  145.432
62  21  153.081
62  22  162.453
62  23  174.982
62  24  195.005
62  25  263.84
63  1  -118.026
63  2  -7.22455
63  3  22.5632
63  4  40.9625
63  5  54.5078
63  6  65.2467
63  7  74.0906
63  8  81.5567
63  9  87.9997
63  10  93.6924
63  11  98.8544
63  12  103.663
63  13  108.261
63  14  112.767
63  15  117.28
63  16  121.895
63  17  126.706
63  18  131.826
63  19  137.398
63  20  143.633
63  21  150.864
63  22  159.707
63  23  171.498
63  24  190.289
63  25  254.393
64  1  -131.403
64  2  -9.94511
64  3  22.0939
64  4  41.7414
64  5  55.9126
64  6  66.791
64  7  75.4364
64  8  82.5204
64  9  88.5213
64  10  93.7878
64  11  98.571
64  12  103.052
64  13  107.364
64  14  111.607
64  15  115.867
64  16  120.222
64  17  124.754
64  18  129.56
64  19  134.768
64  20  140.567
64  21  147.258
64  22  155.396
64  23  166.185
64  24  183.271
64  25  240.676
65  1  -143.09
65  2  -9.83342
65  3  24.3587
65  4  44.6333
65  5  58.4743
65  6  68.5614
65  7  76.345
65  8  82.7005
65  9  88.1613
65  10  93.055
65  11  97.5869
65  12  101.893
65  13  106.068
65  14  110.188
65  15  114.318
65  16  118.52
65  17  122.866
65  18  127.44
65  19  132.356
65  20  137.784
65  21  143.992
65  22  151.476
65  23  161.311
65  24  176.729
65  25  227.344
66  1  -81.0272
66  2  25.4106
66  3  48.1641
66  4  59.4668
66  5  66.9472
66  6  72.9766
66  7  78.3472
66  8  83.3349
66  9  88.054
66  10  92.5669
66  11  96.9208
66  12  101.157
66  13  105.315
66  14  109.437
66  15  113.566
66  16  117.752
66  17  122.053
66  18  126.546
66  19  131.334
66  20  136.569
66  21  142.498
66  22  149.569
66  23  158.758
66  24  172.981
66  25  218.4
67  1  79.5169
67  2  99.8412
67  3  91.7917
67  4  83.2673
67  5  79.1324
67  6  78.771
67  7  80.7235
67  8  83.927
67  9  87.7595
67  10  91.8846
67  11  96.1292
67  12  100.411
67  13  104.698
67  14  108.989
67  15  113.301
67  16  117.667
67  17  122.133
67  18  126.766
67  19  131.66
67  20  136.956
67  21  142.882
67  22  149.857
67  23  158.787
67  24  172.375
67  25  214.37
68  1  166.24
68  2  140.878
68  3  117.886
68  4  97.7795
68  5  85.3643
68  6  79.7934
68  7  78.7976
68  8  80.5253
68  9  83.789
68  10  87.8905
68  11  92.4344
68  12  97.2028
68  13  102.081
68  14  107.016
68  15  111.993
68  16  117.024
68  17  122.142
68  18  127.404
68  19  132.895
68  20  138.748
68  21  145.18
68  22  152.591
68  23  161.841
68  24  175.501
68  25  215.741
69  1  190.041
69  2  149.957
69  3  114.691
69  4  80.2229
69  5  55.5354
69  6  41.9932
69  7  37.2228
69  8  38.362
69  9  43.193
69  10  50.2348
69  11  58.5581
69  12  67.5971
69  13  77.0144
69  14  86.6148
69  15  96.2934
69  16  106.005
69  17  115.747
69  18  125.552
69  19  135.49
69  20  145.684
69  21  156.342
69  22  167.848
69  23  181.038
69  24  198.386
69  25  240.906
70  1  191.145
70  2  151.679
70  3  116.46
70  4  79.9981
70  5  52.1415
70  6  35.7844
70  7  29.3316
70  8  29.9459
70  9  35.1234
70  10  43.0662
70  11  52.5946
70  12  62.9701
70  13  73.745
70  14  84.658
70  15  95.5657
70  16  106.403
70  17  117.159
70  18  127.864
70  19  138.59
70  20  149.464
70  21  160.696
70  22  172.672
70  23  186.218
70  24  203.763
70  25  245.608
71  1  185.707
71  2  150.838
71  3  119.719
71  4  86.0459
71  5  59.0245
71  6  42.2364
71  7  34.942
71  8  34.7726
71  9  39.3645
71  10  46.9065
71  11  56.1632
71  12  66.3425
71  13  76.9572
71  14  87.7209
71  15  98.4765
71  16  109.152
71  17  119.735
71  18  130.256
71  19  140.792
71  20  151.471
71  21  162.507
71  22  174.289
71  23  187.64
71  24  204.961
71  25  246.01
72  1  185.563
72  2  155.124
72  3  128.111
72  4  97.9428
72  5  72.7459
72  6  56.2184
72  7  48.2453
72  8  46.9869
72  9  50.3741
72  10  56.723
72  11  64.8405
72  12  73.9411
72  13  83.533
72  14  93.3225
72  15  103.147
72  16  112.929
72  17  122.655
72  18  132.355
72  19  142.104
72  20  152.035
72  21  162.364
72  22  173.484
72  23  186.226
72  24  202.985
72  25  243.139
73  1  188.063
73  2  161.547
73  3  137.861
73  4  110.509
73  5  86.7372
73  6  70.2551
73  7  61.4318
73  8  58.9021
73  9  60.8952
73  10  65.8749
73  11  72.7059
73  12  80.6167
73  13  89.1124
73  14  97.8886
73  15  106.772
73  16  115.678
73  17  124.581
73  18  133.509
73  19  142.532
73  20  151.78
73  21  161.473
73  22  172.007
73  23  184.224
73  24  200.541
73  25  240.101
74  1  189.786
74  2  167.156
74  3  146.57
74  4  121.873
74  5  99.563
74  6  83.2954
74  7  73.8203
74  8  70.1912
74  9  70.9276
74  10  74.6493
74  11  80.2906
74  12  87.1032
74  13  94.5927
74  14  102.448
74  15  110.484
74  16  118.606
74  17  126.782
74  18  135.029
74  19  143.414
74  20  152.063
74  21  161.193
74  22  171.207
74  23  182.96
74  24  198.904
74  25  238.076
75  1  191.506
75  2  172.13
75  3  153.839
75  4  131.04
75  5  109.748
75  6  93.5817
75  7  83.5578
75  8  79.0383
75  9  78.7642
75  10  81.4803
75  11  86.1772
75  12  92.1254
75  13  98.8308
75  14  105.975
75  15  113.365
75  16  120.895
75  17  128.525
75  18  136.264
75  19  144.174
75  20  152.375
75  21  161.082
75  22  170.7
75  23  182.092
75  24  197.748
75  25  236.715
76  1  193.341
76  2  176.946
76  3  160.481
76  4  139.136
76  5  118.59
76  6  102.435
76  7  91.8963
76  8  86.5838
76  9  85.4224
76  10  87.2615
76  11  91.1404
76  12  96.3451
76  13  102.382
76  14  108.924
76  15  115.771
76  16  122.807
76  17  129.983
76  18  137.304
76  19  144.821
76  20  152.652
76  21  161.009
76  22  170.292
76  23  181.37
76  24  196.766
76  25  235.613
77  1  195.137
77  2  181.415
77  3  166.367
77  4  146.113
77  5  126.095
77  6  109.888
77  7  98.8778
77  8  92.8723
77  9  90.9452
77  10  92.0326
77  11  95.2138
77  12  99.7882
77  13  105.26
77  14  111.299
77  15  117.693
77  16  124.319
77  17  131.122
77  18  138.098
77  19  145.294
77  20  152.822
77  21  160.888
77  22  169.891
77  23  180.699
77  24  195.852
77  25  234.62
78  1  175.829
78  2  164.693
78  3  151.469
78  4  133.152
78  5  114.836
78  6  99.8901
78  7  89.684
78  8  84.1167
78  9  82.3717
78  10  83.4766
78  11  86.5739
78  12  91.0041
78  13  96.298
78  14  102.14
78  15  108.328
78  16  114.745
78  17  121.338
78  18  128.105
78  19  135.093
78  20  142.413
78  21  150.271
78  22  159.062
78  23  169.653
78  24  184.594
78  25  223.291
79  1  176.563
79  2  167.513
79  3  155.094
79  4  137.324
79  5  119.184
79  6  104.042
79  7  93.3801
79  8  87.2269
79  9  84.8657
79  10  85.3803
79  11  87.9394
79  12  91.8899
79  13  96.7603
79  14  102.228
79  15  108.083
79  16  114.203
79  17  120.527
79  18  127.048
79  19  133.808
79  20  140.913
79  21  148.564
79  22  157.151
79  23  167.534
79  24  182.261
79  25  220.863
80  1  214.362
80  2  206.64
80  3  193.326
80  4  173.628
80  5  152.791
80  6  134.587
80  7  120.885
80  8  111.972
80  9  107.247
80  10  105.808
80  11  106.782
80  12  109.46
80  13  113.31
80  14  117.956
80  15  123.146
80  16  128.723
80  17  134.599
80  18  140.744
80  19  147.186
80  20  154.015
80  21  161.422
80  22  169.785
80  23  179.952
80  24  194.455
80  25  232.915
81  1  217.843
81  2  211.727
81  3  198.905
81  4  179.499
81  5  158.678
81  6  140.219
81  7  126.075
81  8  116.632
81  9  111.366
81  10  109.418
81  11  109.935
81  12  112.21
81  13  115.708
81  14  120.048
81  15  124.97
81  16  130.31
81  17  135.973
81  18  141.927
81  19  148.192
81  20  154.856
81  21  162.104
81  22  170.309
81  23  180.311
81  24  194.624
81  25  232.907
82  1  221.928
82  2  217.337
82  3  204.926
82  4  185.727
82  5  164.846
82  6  146.074
82  7  131.446
82  8  121.444
82  9  115.616
82  10  113.145
82  11  113.195
82  12  115.062
82  13  118.206
82  14  122.238
82  15  126.893
82  16  131.997
82  17  137.451
82  18  143.215
82  19  149.307
82  20  155.809
82  21  162.901
82  22  170.951
82  23  180.789
82  24  194.906
82  25  232.938
83  1  225.798
83  2  222.446
83  3  210.334
83  4  191.257
83  5  170.275
83  6  151.196
83  7  136.125
83  8  125.624
83  9  119.3
83  10  116.372
83  11  116.015
83  12  117.528
83  13  120.366
83  14  124.134
83  15  128.558
83  16  133.46
83  17  138.735
83  18  144.338
83  19  150.283
83  20  156.647
83  21  163.608
83  22  171.526
83  23  181.223
83  24  195.165
83  25  232.91
84  1  229.618
84  2  227.337
84  3  215.458
84  4  196.45
84  5  175.337
84  6  155.946
84  7  140.447
84  8  129.473
84  9  122.685
84  10  119.329
84  11  118.595
84  12  119.779
84  13  122.334
84  14  125.859
84  15  130.072
84  16  134.789
84  17  139.899
84  18  145.356
84  19  151.166
84  20  157.405
84  21  164.245
84  22  172.044
84  23  181.611
84  24  195.387
84  25  232.802
85  1  233.673
85  2  232.386
85  3  220.703
85  4  201.723
85  5  180.443
85  6  160.713
85  7  144.766
85  8  133.306
85  9  126.045
85  10  122.257
85  11  121.141
85  12  121.996
85  13  124.267
85  14  127.547
85  15  131.549
85  16  136.082
85  17  141.03
85  18  146.34
85  19  152.017
85  20  158.132
85  21  164.853
85  22  172.532
85  23  181.97
85  24  195.578
85  25  232.592
86  1  237.658
86  2  237.226
86  3  225.693
86  4  206.703
86  5  185.234
86  6  165.162
86  7  148.78
86  8  136.856
86  9  129.145
86  10  124.949
86  11  123.475
86  12  124.02
86  13  126.027
86  14  129.079
86  15  132.884
86  16  137.246
86  17  142.042
86  18  147.217
86  19  152.771
86  20  158.771
86  21  165.382
86  22  172.95
86  23  182.267
86  24  195.716
86  25  232.292
87  1  241.616
87  2  241.933
87  3  230.514
87  4  211.482
87  5  189.805
87  6  169.386
87  7  152.575
87  8  140.198
87  9  132.054
87  10  127.465
87  11  125.648
87  12  125.898
87  13  127.652
87  14  130.488
87  15  134.106
87  16  138.305
87  17  142.959
87  18  148.006
87  19  153.444
87  20  159.336
87  21  165.843
87  22  173.306
87  23  182.508
87  24  195.804
87  25  231.91
88  1  245.204
88  2  246.126
88  3  234.785
88  4  215.692
88  5  193.81
88  6  173.069
88  7  155.87
88  8  143.089
88  9  134.561
88  10  129.627
88  11  127.508
88  12  127.498
88  13  129.031
88  14  131.677
88  15  135.133
88  16  139.191
88  17  143.72
88  18  148.656
88  19  153.992
88  20  159.79
88  21  166.207
88  22  173.58
88  23  182.682
88  24  195.843
88  25  231.497
89  1  249.018
89  2  250.52
89  3  239.24
89  4  220.06
89  5  197.945
89  6  176.856
89  7  159.244
89  8  146.039
89  9  137.109
89  10  131.815
89  11  129.382
89  12  129.105
89  13  130.408
89  14  132.86
89  15  136.148
89  16  140.06
89  17  144.462
89  18  149.284
89  19  154.517
89  20  160.219
89  21  166.543
89  22  173.822
89  23  182.821
89  24  195.842
89  25  230.995
90  1  252.813
90  2  254.837
90  3  243.597
90  4  224.313
90  5  201.952
90  6  180.508
90  7  162.486
90  8  148.861
90  9  139.538
90  10  133.892
90  11  131.155
90  12  130.616
90  13  131.698
90  14  133.96
90  15  137.087
90  16  140.859
90  17  145.137
90  18  149.849
90  19  154.982
90  20  160.591
90  21  166.827
90  22  174.016
90  23  182.916
90  24  195.8
90  25  230.438
91  1  256.496
91  2  258.986
91  3  247.768
91  4  228.365
91  5  205.753
91  6  183.959
91  7  165.536
91  8  151.507
91  9  141.806
91  10  135.824
91  11  132.796
91  12  132.009
91  13  132.88
91  14  134.963
91  15  137.936
91  16  141.575
91  17  145.737
91  18  150.345
91  19  155.384
91  20  160.906
91  21  167.057
91  22  174.161
91  23  182.966
91  24  195.721
91  25  229.847
92  1  260.093
92  2  263.007
92  3  251.796
92  4  232.263
92  5  209.394
92  6  187.251
92  7  168.436
92  8  154.014
92  9  143.947
92  10  137.639
92  11  134.331
92  12  133.305
92  13  133.974
92  14  135.885
92  15  138.711
92  16  142.222
92  17  146.273
92  18  150.783
92  19  155.732
92  20  161.17
92  21  167.241
92  22  174.264
92  23  182.979
92  24  195.609
92  25  229.228
93  1  263.714
93  2  267.026
93  3  255.81
93  4  236.132
93  5  212.996
93  6  190.497
93  7  171.285
93  8  156.466
93  9  146.033
93  10  139.402
93  11  135.814
93  12  134.552
93  13  135.02
93  14  136.76
93  15  139.44
93  16  142.826
93  17  146.767
93  18  151.179
93  19  156.039
93  20  161.395
93  21  167.387
93  22  174.33
93  23  182.956
93  24  195.463
93  25  228.565
94  1  267.055
94  2  270.716
94  3  259.486
94  4  239.665
94  5  216.273
94  6  193.439
94  7  173.858
94  8  158.674
94  9  147.904
94  10  140.976
94  11  137.133
94  12  135.654
94  13  135.939
94  14  137.524
94  15  140.072
94  16  143.343
94  17  147.184
94  18  151.507
94  19  156.287
94  20  161.568
94  21  167.488
94  22  174.358
94  23  182.904
94  24  195.298
94  25  227.921
95  1  270.554
95  2  274.564
95  3  263.309
95  4  243.328
95  5  219.659
95  6  196.471
95  7  176.501
95  8  160.935
95  9  149.813
95  10  142.575
95  11  138.467
95  12  136.763
95  13  136.858
95  14  138.282
95  15  140.692
95  16  143.846
95  17  147.583
95  18  151.815
95  19  156.512
95  20  161.716
95  21  167.562
95  22  174.356
95  23  182.818
95  24  195.095
95  25  227.216
96  1  274.075
96  2  278.421
96  3  267.132
96  4  246.981
96  5  223.027
96  6  199.476
96  7  179.112
96  8  163.16
96  9  151.685
96  10  144.137
96  11  139.763
96  12  137.834
96  13  137.739
96  14  139.004
96  15  141.277
96  16  144.313
96  17  147.947
96  18  152.088
96  19  156.702
96  20  161.83
96  21  167.602
96  22  174.322
96  23  182.7
96  24  194.861
96  25  226.475
97  1  277.777
97  2  282.462
97  3  271.13
97  4  250.79
97  5  226.528
97  6  202.59
97  7  181.81
97  8  165.451
97  9  153.605
97  10  145.732
97  11  141.08
97  12  138.916
97  13  138.623
97  14  139.72
97  15  141.851
97  16  144.764
97  17  148.292
97  18  152.337
97  19  156.866
97  20  161.914
97  21  167.609
97  22  174.252
97  23  182.543
97  24  194.582
97  25  225.666
98  1  281.045
98  2  286.02
98  3  274.642
98  4  254.129
98  5  229.589
98  6  205.305
98  7  184.154
98  8  167.435
98  9  155.261
98  10  147.102
98  11  142.205
98  12  139.835
98  13  139.368
98  14  140.318
98  15  142.324
98  16  145.13
98  17  148.564
98  18  152.526
98  19  156.98
98  20  161.958
98  21  167.587
98  22  174.161
98  23  182.377
98  24  194.31
98  25  224.925
99  1  284.693
99  2  289.983
99  3  278.547
99  4  257.833
99  5  232.976
99  6  208.301
99  7  186.733
99  8  169.611
99  9  157.071
99  10  148.592
99  11  143.423
99  12  140.822
99  13  140.162
99  14  140.949
99  15  142.816
99  16  145.503
99  17  148.833
99  18  152.704
99  19  157.074
99  20  161.975
99  21  167.53
99  22  174.029
99  23  182.161
99  24  193.976
99  25  224.072
100  1  288.319
100  2  293.912
100  3  282.412
100  4  261.491
100  5  236.312
100  6  211.243
100  7  189.258
100  8  171.734
100  9  158.83
100  10  150.033
100  11  144.594
100  12  141.766
100  13  140.914
100  14  141.54
100  15  143.27
100  16  145.839
100  17  149.066
100  18  152.846
100  19  157.135
100  20  161.959
100  21  167.441
100  22  173.866
100  23  181.914
100  24  193.614
100  25  223.196
101  1  291.937
101  2  297.825
101  3  286.256
101  4  265.121
101  5  239.615
101  6  214.149
101  7  191.744
101  8  173.817
101  9  160.549
101  10  151.435
101  11  145.726
101  12  142.671
101  13  141.629
101  14  142.094
101  15  143.688
101  16  146.14
101  17  149.266
101  18  152.955
101  19  157.162
101  20  161.911
101  21  167.32
101  22  173.672
101  23  181.638
101  24  193.223
101  25  222.295
102  1  295.851
102  2  302.049
102  3  290.398
102  4  269.026
102  5  243.159
102  6  217.258
102  7  194.397
102  8  176.032
102  9  162.368
102  10  152.912
102  11  146.911
102  12  143.611
102  13  142.363
102  14  142.655
102  15  144.102
102  16  146.427
102  17  149.444
102  18  153.036
102  19  157.156
102  20  161.824
102  21  167.155
102  22  173.427
102  23  181.305
102  24  192.766
102  25  221.292
103  1  299.603
103  2  306.092
103  3  294.357
103  4  272.75
103  5  246.532
103  6  220.209
103  7  196.907
103  8  178.12
103  9  164.077
103  10  154.291
103  11  148.01
103  12  144.476
103  13  143.031
103  14  143.157
103  15  144.463
103  16  146.668
103  17  149.579
103  18  153.079
103  19  157.115
103  20  161.705
103  21  166.962
103  22  173.159
103  23  180.952
103  24  192.295
103  25  220.301
104  1  303.202
104  2  309.962
104  3  298.143
104  4  276.306
104  5  249.745
104  6  223.014
104  7  199.285
104  8  180.092
104  9  165.683
104  10  155.581
104  11  149.032
104  12  145.272
104  13  143.638
104  14  143.605
104  15  144.777
104  16  146.866
104  17  149.677
104  18  153.088
104  19  157.044
104  20  161.561
104  21  166.746
104  22  172.87
104  23  180.583
104  24  191.814
104  25  219.326
105  1  307.033
105  2  314.076
105  3  302.162
105  4  280.074
105  5  253.143
105  6  225.973
105  7  201.787
105  8  182.159
105  9  167.36
105  10  156.92
105  11  150.085
105  12  146.085
105  13  144.25
105  14  144.048
105  15  145.076
105  16  147.043
105  17  149.748
105  18  153.065
105  19  156.936
105  20  161.373
105  21  166.483
105  22  172.531
105  23  180.158
105  24  191.269
105  25  218.26
106  1  310.811
106  2  318.126
106  3  306.114
106  4  283.774
106  5  256.473
106  6  228.865
106  7  204.225
106  8  184.166
106  9  168.981
106  10  158.207
106  11  151.09
106  12  146.852
106  13  144.819
106  14  144.451
106  15  145.338
106  16  147.184
106  17  149.783
106  18  153.007
106  19  156.795
106  20  161.155
106  21  166.19
106  22  172.163
106  23  179.706
106  24  190.7
106  25  217.182
107  1  314.827
107  2  322.426
107  3  310.304
107  4  287.69
107  5  259.991
107  6  231.913
107  7  206.788
107  8  186.268
107  9  170.67
107  10  159.54
107  11  152.122
107  12  147.632
107  13  145.388
107  14  144.842
107  15  145.579
107  16  147.296
107  17  149.784
107  18  152.91
107  19  156.608
107  20  160.886
107  21  165.843
107  22  171.735
107  23  179.189
107  24  190.06
107  25  216.006
108  1  318.889
108  2  326.769
108  3  314.533
108  4  291.637
108  5  263.528
108  6  234.97
108  7  209.35
108  8  188.361
108  9  172.344
108  10  160.853
108  11  153.129
108  12  148.384
108  13  145.926
108  14  145.2
108  15  145.785
108  16  147.372
108  17  149.747
108  18  152.773
108  19  156.382
108  20  160.577
108  21  165.453
108  22  171.265
108  23  178.629
108  24  189.375
108  25  214.786
109  1  323.062
109  2  331.223
109  3  318.864
109  4  295.673
109  5  267.14
109  6  238.084
109  7  211.95
109  8  190.478
109  9  174.028
109  10  162.164
109  11  154.126
109  12  149.117
109  13  146.438
109  14  145.528
109  15  145.957
109  16  147.41
109  17  149.669
109  18  152.593
109  19  156.109
109  20  160.218
109  21  165.013
109  22  170.742
109  23  178.013
109  24  188.632
109  25  213.499
110  1  327.072
110  2  335.496
110  3  323.017
110  4  299.537
110  5  270.59
110  6  241.051
110  7  214.422
110  8  192.481
110  9  175.614
110  10  163.391
110  11  155.049
110  12  149.786
110  13  146.895
110  14  145.807
110  15  146.085
110  16  147.41
110  17  149.557
110  18  152.382
110  19  155.81
110  20  159.837
110  21  164.553
110  22  170.203
110  23  177.386
110  24  187.882
110  25  212.233
111  1  331.24
111  2  339.932
111  3  327.323
111  4  303.539
111  5  274.157
111  6  244.111
111  7  216.962
111  8  194.532
111  9  177.228
111  10  164.63
111  11  155.971
111  12  150.443
111  13  147.331
111  14  146.058
111  15  146.179
111  16  147.37
111  17  149.401
111  18  152.123
111  19  155.459
111  20  159.401
111  21  164.035
111  22  169.602
111  23  176.693
111  24  187.063
111  25  210.883
112  1  335.715
112  2  344.688
112  3  331.935
112  4  307.819
112  5  277.964
112  6  247.37
112  7  219.659
112  8  196.699
112  9  178.924
112  10  165.921
112  11  156.92
112  12  151.107
112  13  147.757
112  14  146.284
112  15  146.236
112  16  147.282
112  17  149.188
112  18  151.8
112  19  155.037
112  20  158.887
112  21  163.433
112  22  168.911
112  23  175.903
112  24  186.138
112  25  209.396
113  1  339.717
113  2  348.935
113  3  336.051
113  4  311.633
113  5  281.351
113  6  250.261
113  7  222.043
113  8  198.607
113  9  180.409
113  10  167.041
113  11  157.734
113  12  151.664
113  13  148.1
113  14  146.447
113  15  146.248
113  16  147.165
113  17  148.959
113  18  151.472
113  19  154.619
113  20  158.387
113  21  162.854
113  22  168.252
113  23  175.157
113  24  185.271
113  25  208.033
114  1  343.946
114  2  353.417
114  3  340.391
114  4  315.65
114  5  284.912
114  6  253.293
114  7  224.536
114  8  200.593
114  9  181.944
114  10  168.19
114  11  158.557
114  12  152.216
114  13  148.425
114  14  146.581
114  15  146.222
114  16  147.001
114  17  148.676
114  18  151.084
114  19  154.137
114  20  157.818
114  21  162.202
114  22  167.516
114  23  174.327
114  24  184.314
114  25  206.559
115  1  348.366
115  2  358.095
115  3  344.916
115  4  319.834
115  5  288.613
115  6  256.438
115  7  227.112
115  8  202.636
115  9  183.514
115  10  169.353
115  11  159.378
115  12  152.751
115  13  148.721
115  14  146.679
115  15  146.15
115  16  146.786
115  17  148.336
115  18  150.635
115  19  153.589
115  20  157.178
115  21  161.475
115  22  166.701
115  23  173.414
115  24  183.269
115  25  204.98
116  1  352.992
116  2  362.985
116  3  349.643
116  4  324.197
116  5  292.466
116  6  259.702
116  7  229.776
116  8  204.738
116  9  185.118
116  10  170.529
116  11  160.194
116  12  153.266
116  13  148.986
116  14  146.733
116  15  146.028
116  16  146.512
116  17  147.931
116  18  150.114
116  19  152.964
116  20  156.458
116  21  160.663
116  22  165.797
116  23  172.408
116  24  182.124
116  25  203.284
117  1  357.109
117  2  367.33
117  3  353.84
117  4  328.067
117  5  295.877
117  6  262.585
117  7  232.121
117  8  206.579
117  9  186.512
117  10  171.54
117  11  160.882
117  12  153.686
117  13  149.181
117  14  146.741
117  15  145.877
117  16  146.226
117  17  147.528
117  18  149.608
117  19  152.365
117  20  155.774
117  21  159.897
117  22  164.948
117  23  171.468
117  24  181.062
117  25  201.739
118  1  361.521
118  2  371.982
118  3  358.33
118  4  332.203
118  5  299.516
118  6  265.652
118  7  234.607
118  8  208.521
118  9  187.972
118  10  172.587
118  11  161.582
118  12  154.095
118  13  149.349
118  14  146.706
118  15  145.672
118  16  145.875
118  17  147.051
118  18  149.02
118  19  151.678
118  20  154.994
118  21  159.029
118  22  163.991
118  23  170.414
118  24  179.876
118  25  200.042
119  1  366.044
119  2  376.743
119  3  362.922
119  4  336.427
119  5  303.226
119  6  268.77
119  7  237.125
119  8  210.478
119  9  189.431
119  10  173.62
119  11  162.256
119  12  154.47
119  13  149.475
119  14  146.624
119  15  145.414
119  16  145.467
119  17  146.513
119  18  148.368
119  19  150.923
119  20  154.144
119  21  158.089
119  22  162.96
119  23  169.283
119  24  178.61
119  25  198.26
120  1  370.345
120  2  381.266
120  3  367.282
120  4  340.432
120  5  306.737
120  6  271.714
120  7  239.493
120  8  212.307
120  9  190.784
120  10  174.564
120  11  162.857
120  12  154.786
120  13  149.553
120  14  146.502
120  15  145.123
120  16  145.033
120  17  145.955
120  18  147.701
120  19  150.157
120  20  153.288
120  21  157.147
120  22  161.931
120  23  168.158
120  24  177.358
120  25  196.522
121  1  374.925
121  2  386.077
121  3  371.914
121  4  344.683
121  5  310.456
121  6  274.824
121  7  241.984
121  8  214.221
121  9  192.186
121  10  175.529
121  11  163.454
121  12  155.075
121  13  149.587
121  14  146.323
121  15  144.764
121  16  144.52
121  17  145.309
121  18  146.938
121  19  149.289
121  20  152.324
121  21  156.089
121  22  160.781
121  23  166.906
121  24  175.969
121  25  194.625
122  1  379.587
122  2  390.967
122  3  376.621
122  4  348.997
122  5  314.223
122  6  277.965
122  7  244.491
122  8  216.135
122  9  193.576
122  10  176.47
122  11  164.018
122  12  155.326
122  13  149.576
122  14  146.093
122  15  144.35
122  16  143.949
122  17  144.602
122  18  146.111
122  19  148.355
122  20  151.29
122  21  154.962
122  22  159.559
122  23  165.58
122  24  174.504
122  25  192.651
123  1  384.423
123  2  396.033
123  3  381.494
123  4  353.456
123  5  318.11
123  6  281.196
123  7  247.057
123  8  218.081
123  9  194.973
123  10  177.398
123  11  164.552
123  12  155.531
123  13  149.508
123  14  145.797
123  15  143.861
123  16  143.296
123  17  143.807
123  18  145.191
123  19  147.323
123  20  150.155
123  21  153.728
123  22  158.226
123  23  164.139
123  24  172.92
123  25  190.544
124  1  389.355
124  2  401.194
124  3  386.453
124  4  357.99
124  5  322.052
124  6  284.462
124  7  249.64
124  8  220.025
124  9  196.353
124  10  178.295
124  11  165.044
124  12  155.686
124  13  149.382
124  14  145.436
124  15  143.302
124  16  142.568
124  17  142.933
124  18  144.189
124  19  146.206
124  20  148.932
124  21  152.404
124  22  156.801
124  23  162.603
124  24  171.237
124  25  188.337
125  1  394.729
125  2  406.81
125  3  391.846
125  4  362.913
125  5  326.324
125  6  287.989
125  7  252.414
125  8  222.097
125  9  197.804
125  10  179.216
125  11  165.519
125  12  155.79
125  13  149.177
125  14  144.974
125  15  142.623
125  16  141.703
125  17  141.908
125  18  143.023
125  19  144.914
125  20  147.524
125  21  150.885
125  22  155.171
125  23  160.852
125  24  169.326
125  25  185.863
126  1  400.504
126  2  412.838
126  3  397.63
126  4  368.184
126  5  330.886
126  6  291.742
126  7  255.348
126  8  224.268
126  9  199.302
126  10  180.137
126  11  165.958
126  12  155.826
126  13  148.879
126  14  144.395
126  15  141.808
126  16  140.688
126  17  140.72
126  18  141.682
126  19  143.436
126  20  145.92
126  21  149.162
126  22  153.328
126  23  158.878
126  24  167.18
126  25  183.12
127  1  406.584
127  2  419.176
127  3  403.706
127  4  373.713
127  5  335.659
127  6  295.651
127  7  258.384
127  8  226.493
127  9  200.808
127  10  181.031
127  11  166.337
127  12  155.777
127  13  148.474
127  14  143.693
127  15  140.855
127  16  139.522
127  17  139.369
127  18  140.17
127  19  141.779
127  20  144.129
127  21  147.243
127  22  151.282
127  23  156.693
127  24  164.814
127  25  180.137
128  1  414.016
128  2  426.912
128  3  411.115
128  4  380.441
128  5  341.448
128  6  300.37
128  7  262.022
128  8  229.123
128  9  202.55
128  10  182.014
128  11  166.683
128  12  155.594
128  13  147.85
128  14  142.701
128  15  139.554
128  16  137.957
128  17  137.576
128  18  138.177
128  19  139.606
128  20  141.792
128  21  144.749
128  22  148.631
128  23  153.872
128  24  161.77
128  25  176.351
129  1  423.936
129  2  437.22
129  3  420.973
129  4  389.371
129  5  349.1
129  6  306.565
129  7  266.747
129  8  232.48
129  9  204.7
129  10  183.132
129  11  166.938
129  12  155.13
129  13  146.788
129  14  141.141
129  15  137.574
129  16  135.619
129  17  134.93
129  18  135.26
129  19  136.447
129  20  138.409
129  21  141.155
129  22  144.825
129  23  149.836
129  24  157.435
129  25  171.046
130  1  479.781
130  2  494.969
130  3  475.916
130  4  438.61
130  5  390.517
130  6  339.096
130  7  290.328
130  8  247.746
130  9  212.64
130  10  184.827
130  11  163.402
130  12  147.25
130  13  135.302
130  14  126.648
130  15  120.553
130  16  116.45
130  17  113.908
130  18  112.615
130  19  112.35
130  20  112.981
130  21  114.464
130  22  116.877
130  23  120.53
130  24  126.388
130  25  134.8
